402,369,403,404,309,69,241,311,250,254,305,308,310,306,253,304,255,247,252,246,251,410,243,242,249,248,240,245,466,478,244,463,368,475,90,295,419,469,472,307,312,460,417,293,297,298,376,286,421,375,409,281,287,239,300,292,290,299,443,420,338,198,373,214,211,415,418,339,203,209,269,416,157,210,202,398,204,205,201,200,208,207,291,289,288,98,206,212,213,50,387,334,88,385,372,384,383,280,414,178,262,263,393,395,52,49,337,93,441,272,146,48,171,164,332,47,165,392,381,294,41,382,44,285,386,45,284,397,51,396,378,380,379,147,278,46,283,282,394,270,296,36,145,38,224,37,35,39,40,279,66,43,162,42,399,156,400,94,9,230,3,333,77,100,78,440,172,265,199,197,161,107,317,264,261,266,336,160,58,129,126,229,7,155,112,236,340,95,238,237,154,128,119,223,159,158,8,273,122,127,116,140,193,91,118,168,4,6,169,142,135,120,123,132,138,104,97,136,137,133,358,106,124,111,108,139,131,141,113,92,313,117,341,318,105,61,411,319,342,99,54,274,315,408,314,344,60,148,62,320,268,267,316,96,356,153,18,351,413,412,57,121,134,114,130,115,125,231,56,5,110,65,72,271,191,67,355,87,277,89,68,76,374,71,17,370,377,74,346,275,276,371,55,367,152,73,357,109,335,75,59,196,194,343,63,195,220,215,70,33,166,347,64,173,170,34,401,143,354,144,149,151,353,222,407,150,406,405,163,227,233,190,226,192,221,228,82,225,234,235,352,366,84,85,83,53,303,176,232,350,86,189,365,177,345,364,219,362,167,363,302,14,175,81,11,13,32,10,80,31,174,180,181,349,12,348,217,216,218,188,361,183,481,179,79,301,182,427,16,430,487,429,428,0,15,455,445,450,19,1,448,260,453,484,464,446,485,442,439,432,479,456,451,438,431,447,449,467,470,28,436,452,458,462,465,473,461,422,20,476,433,488,257,459,468,477,256,471,437,474,454,517,457,509,444,259,423,258,482,480,486,483,506,187,508,359,21,185,24,22,186,184,23,25,360,26,528,498,29,27,425,30,324,489,322,323,388,325,526,510,527,391,499,490,390,503,525,515,321,505,389,504,507,426,434,500,435,497,523,516,533,524,424,529,101,501,103,102,514,511,513,512,519,502,518,327,329,330,494,521,522,520,326,2,331,328,531,534,492,495,530,496,532,536,493,491,535,
402,369,403,404,309,69,241,311,250,254,305,308,310,306,253,304,255,247,252,246,251,410,243,242,249,248,240,245,466,478,244,463,90,475,368,295,419,469,472,307,312,460,417,293,298,297,376,286,421,409,375,281,287,239,300,292,290,299,443,420,338,198,373,214,211,415,418,339,209,203,269,416,157,202,210,398,204,205,201,200,208,207,291,289,288,206,98,212,213,387,50,334,88,385,372,384,280,383,414,178,263,262,393,395,52,49,337,93,441,272,48,146,171,164,332,47,392,381,165,294,41,382,285,386,44,45,284,51,397,379,396,378,380,147,46,278,283,282,394,270,296,145,36,38,224,35,37,39,40,66,279,43,162,42,399,400,156,94,9,230,3,333,77,100,78,440,172,265,199,197,107,161,317,264,261,266,336,58,160,129,126,229,7,112,236,155,340,237,238,95,119,128,154,223,159,158,8,122,273,127,193,116,140,91,118,168,4,6,169,142,135,104,123,132,138,120,97,136,133,358,137,124,106,108,111,139,113,141,131,313,117,92,105,411,341,318,61,319,54,274,342,99,315,408,344,314,148,60,62,320,356,316,268,267,96,153,18,351,134,114,413,121,412,57,125,130,115,231,5,56,110,65,67,271,72,191,87,277,355,89,76,68,17,377,374,370,71,275,74,346,276,371,55,367,73,152,357,109,335,75,59,196,194,343,195,63,220,215,33,70,347,166,64,173,170,143,401,34,354,144,149,151,353,222,150,406,407,405,227,163,228,221,192,233,190,226,82,225,235,234,352,366,84,85,83,53,176,303,232,86,350,177,189,365,345,364,219,362,302,167,363,175,14,81,11,32,10,13,31,180,174,80,349,181,12,348,217,188,218,216,361,183,179,481,301,79,182,427,16,430,487,428,429,15,0,455,445,450,19,1,448,453,260,464,484,446,485,442,439,432,456,479,431,438,451,449,447,470,467,28,452,436,465,462,458,473,422,461,20,476,433,488,257,477,474,437,468,256,471,459,454,517,457,509,423,259,444,258,486,480,482,483,506,187,508,359,21,185,22,23,184,186,24,25,360,26,528,498,29,27,30,425,324,322,489,388,325,323,510,526,527,525,391,490,499,503,390,515,321,389,505,504,507,426,500,434,435,523,497,516,524,533,529,424,101,501,102,103,511,513,512,514,519,502,518,330,327,329,520,521,326,522,494,2,331,328,491,496,495,534,530,492,531,493,535,536,532,
402,369,403,404,309,69,241,311,250,254,305,310,308,306,253,304,255,247,252,246,251,410,243,242,249,248,240,245,466,478,244,463,90,368,475,295,419,469,472,307,312,460,417,293,297,298,376,286,421,375,409,281,287,239,300,292,290,299,443,420,338,198,373,214,211,415,418,339,209,203,416,269,157,210,202,204,398,205,201,200,208,207,291,289,288,206,98,212,213,50,387,334,88,385,372,384,280,383,414,178,262,263,393,395,52,49,337,93,272,441,146,48,171,164,332,47,392,381,165,294,45,44,386,382,285,41,51,397,284,380,378,396,379,147,278,46,283,282,270,394,296,145,36,38,224,37,35,39,279,40,66,43,162,42,399,400,156,94,9,230,3,333,77,78,100,440,172,265,199,197,161,107,317,261,264,266,336,129,58,160,126,229,7,112,236,155,340,238,237,95,119,154,128,223,159,273,8,158,122,127,116,140,193,91,118,168,4,169,6,142,132,123,135,120,138,104,97,137,358,133,136,106,124,111,108,139,113,131,141,92,117,313,411,61,341,105,318,319,54,342,99,274,315,408,344,314,148,62,60,320,356,316,96,268,267,351,18,153,412,413,57,114,134,121,125,130,115,231,56,5,110,191,72,65,67,271,277,87,355,89,76,68,17,71,370,374,377,275,74,346,371,276,55,367,73,152,357,109,335,75,59,196,343,194,63,195,220,33,70,215,347,166,64,173,170,34,401,143,354,144,149,151,353,222,150,407,406,405,163,227,228,226,221,192,233,190,225,82,235,234,352,83,85,366,84,176,232,303,53,86,350,177,365,189,364,345,302,363,362,219,167,81,14,175,11,32,10,13,31,180,174,80,349,181,348,12,217,216,218,188,361,183,481,179,301,79,182,427,16,430,487,428,429,15,0,455,445,19,450,448,1,260,453,446,484,464,485,442,432,439,479,456,438,431,451,449,447,467,470,28,452,436,465,458,462,473,422,461,20,433,476,488,257,256,459,477,474,468,437,471,454,517,457,509,259,444,423,258,482,480,486,483,506,187,508,359,21,185,23,186,184,24,22,25,360,26,498,528,30,425,27,29,324,489,322,323,388,325,526,510,527,525,391,499,503,390,490,515,321,505,504,389,507,426,500,434,435,497,523,533,516,424,529,524,101,501,514,102,512,103,511,513,519,502,518,327,330,329,326,522,494,521,520,328,2,331,491,492,530,496,495,531,536,532,493,534,535,
402,369,403,404,309,69,241,311,250,254,305,308,310,306,253,304,255,247,252,246,251,410,243,242,249,248,240,245,466,478,244,463,90,475,368,295,419,469,472,307,312,460,417,293,298,297,376,286,421,409,375,281,287,239,300,292,290,299,443,420,338,198,373,214,211,415,418,339,203,209,269,416,157,202,210,398,204,205,201,200,207,208,291,289,288,98,206,212,213,387,50,334,88,385,372,384,383,280,414,178,263,262,393,395,52,49,337,93,441,272,146,48,171,164,332,47,165,381,392,294,45,382,386,41,285,44,51,397,284,379,378,396,380,147,46,278,283,282,270,394,296,36,145,38,224,37,35,39,40,279,66,43,162,42,399,400,156,94,9,230,3,333,77,78,100,440,172,265,199,197,161,107,317,261,264,266,336,58,160,129,126,229,7,236,155,112,340,237,95,238,154,119,128,223,159,158,8,122,273,127,193,116,140,91,118,4,168,169,6,142,120,132,135,104,138,123,133,137,136,97,358,106,124,111,108,139,113,131,141,92,313,117,61,318,341,411,105,319,342,54,99,274,408,315,344,314,62,148,60,320,356,268,316,267,96,18,153,351,134,121,57,114,412,413,125,231,130,115,56,110,5,65,271,191,72,67,87,355,277,89,68,76,374,17,370,71,377,74,275,346,276,371,367,55,152,73,357,109,75,335,59,196,343,194,63,195,220,70,33,215,347,166,173,64,170,34,401,143,354,144,149,151,353,222,406,150,407,405,163,227,233,226,221,192,228,190,225,82,234,235,352,83,366,85,84,303,176,53,232,350,86,365,177,189,345,364,363,219,302,362,167,81,14,175,11,32,10,13,174,31,180,80,349,181,12,348,217,218,216,188,361,183,481,179,79,301,182,427,16,430,487,428,429,0,15,455,445,450,19,1,448,453,260,484,446,464,485,442,432,439,456,479,431,451,438,449,447,470,467,28,436,452,462,458,465,473,461,422,20,476,488,433,257,477,437,256,474,471,459,468,454,517,457,509,444,423,259,258,482,480,486,483,506,187,508,359,21,185,24,186,22,184,23,25,360,26,498,528,30,425,29,27,489,322,324,388,323,325,510,526,527,390,490,499,525,391,503,515,321,505,504,389,507,426,500,434,435,497,523,516,524,529,533,424,501,101,513,102,511,512,514,103,519,502,329,330,327,518,522,494,520,521,326,2,328,331,536,492,495,496,531,535,491,532,493,534,530,
402,369,403,404,309,69,241,311,250,254,305,310,308,306,253,304,255,247,252,246,251,410,243,242,248,249,240,245,466,478,244,463,368,90,475,295,419,469,472,307,312,460,417,293,297,298,376,286,421,375,409,281,287,239,300,292,290,299,443,420,338,198,373,214,211,415,418,339,209,203,269,416,157,202,210,398,204,205,201,200,207,208,291,289,288,206,98,212,213,387,50,334,88,385,372,384,280,383,414,178,263,262,393,395,52,49,337,93,272,441,48,146,171,164,332,47,165,381,392,294,382,386,45,44,41,285,284,397,51,378,380,379,396,147,278,46,283,282,270,394,296,36,145,38,224,37,35,39,66,40,279,43,162,42,399,156,400,94,230,9,3,333,77,100,78,440,172,265,199,197,161,107,317,264,261,266,336,129,160,58,126,229,7,155,236,112,340,237,238,95,154,128,119,223,159,122,273,158,8,127,116,140,193,91,118,4,168,6,169,142,120,138,123,132,104,135,137,358,97,136,133,106,124,139,111,108,113,141,131,313,92,117,411,61,341,105,318,319,274,342,54,99,408,315,314,344,148,60,62,320,96,356,316,268,267,153,18,351,57,134,412,121,114,413,231,130,125,115,110,56,5,191,271,67,65,72,277,355,87,89,68,76,377,17,71,370,374,346,275,74,371,276,367,55,152,73,357,109,75,335,59,196,194,343,195,63,220,215,70,33,166,347,64,173,170,34,143,401,354,144,149,151,353,222,406,150,407,405,163,227,192,190,233,221,228,226,225,82,235,234,352,84,83,85,366,176,232,303,53,350,86,365,189,177,364,345,302,167,362,363,219,14,175,81,11,32,13,10,31,180,80,174,349,181,348,12,188,217,216,218,361,183,179,481,79,301,182,427,16,430,487,429,428,15,0,455,445,450,19,448,1,260,453,446,484,464,442,485,439,432,456,479,431,438,451,447,449,470,467,28,452,436,462,458,465,473,461,422,20,476,433,488,257,474,437,471,477,459,256,468,454,517,457,509,444,259,423,258,480,482,486,483,506,187,508,359,21,185,186,24,184,22,23,25,360,26,498,528,27,29,425,30,489,324,322,323,388,325,510,526,527,503,525,490,391,390,499,515,321,505,389,504,426,507,434,500,435,497,523,529,524,533,516,424,101,501,102,514,103,512,511,513,519,502,518,327,329,330,494,520,522,326,521,2,328,331,530,536,492,535,534,491,493,532,495,531,496,
402,369,403,404,309,69,241,311,250,254,305,310,308,306,253,304,255,247,252,246,251,410,243,242,248,249,240,245,466,478,244,463,90,475,368,295,419,469,472,307,312,460,417,293,297,298,376,286,421,409,375,281,287,239,300,292,290,299,443,420,338,198,373,214,211,415,418,339,203,209,269,416,157,202,210,398,204,205,201,200,208,207,291,289,288,98,206,212,213,50,387,334,88,385,372,384,383,280,414,178,262,263,393,395,52,49,337,93,441,272,146,48,171,164,332,47,392,381,165,294,41,382,285,44,386,45,51,284,397,380,378,396,379,147,46,278,283,282,394,270,296,36,145,38,224,35,37,39,279,40,66,43,162,42,399,156,400,94,9,230,3,333,77,78,100,440,172,265,199,197,107,161,317,264,261,266,336,58,129,160,126,229,7,155,236,112,340,238,237,95,154,128,119,223,159,8,122,158,273,127,116,193,140,91,118,168,4,6,169,142,104,120,123,132,135,138,133,137,97,358,136,124,106,108,139,111,131,141,113,117,92,313,105,341,318,61,411,319,54,99,274,342,408,315,344,314,60,148,62,320,96,267,316,268,356,153,351,18,57,114,134,121,412,413,125,130,231,115,5,110,56,72,65,67,191,271,277,87,355,89,76,68,17,370,374,377,71,275,346,74,371,276,367,55,152,73,357,109,75,335,59,196,194,343,195,63,220,215,33,70,347,166,64,173,170,143,401,34,354,144,149,151,353,222,150,407,406,227,405,163,226,233,221,192,228,190,225,82,234,235,352,366,84,85,83,232,176,53,303,86,350,189,177,365,345,364,302,167,362,219,363,175,81,14,11,10,32,13,180,80,174,31,349,181,12,348,218,216,188,217,361,183,179,481,301,79,182,427,16,430,487,429,428,0,15,455,445,19,450,1,448,260,453,484,464,446,485,442,432,439,456,479,431,438,451,447,449,467,470,28,436,452,465,458,462,473,461,422,20,433,488,476,257,477,256,437,474,459,468,471,454,517,457,509,423,444,259,258,486,480,482,483,506,187,508,359,21,185,24,184,22,23,186,25,360,26,498,528,30,425,27,29,324,322,489,323,325,388,526,510,527,390,499,490,503,391,525,515,321,504,389,505,507,426,434,500,435,523,497,424,524,533,516,529,101,501,514,102,103,512,511,513,519,502,327,518,330,329,522,326,521,520,494,2,331,328,492,532,534,535,491,536,530,531,493,496,495,
402,369,403,404,309,69,241,311,250,254,305,310,308,306,253,304,255,247,252,246,251,410,243,242,248,249,240,245,466,478,244,463,475,368,90,295,419,469,472,307,312,460,417,293,298,297,376,286,421,409,375,281,287,239,300,292,290,299,443,420,338,198,373,214,211,418,415,339,203,209,416,269,157,202,210,398,204,205,201,200,208,207,291,289,288,206,98,212,213,387,50,334,88,385,372,384,383,280,414,178,263,262,393,395,52,49,337,93,272,441,146,48,171,164,332,47,165,392,381,294,44,45,382,41,386,285,51,284,397,379,380,396,378,147,278,46,283,282,270,394,296,145,36,38,224,37,35,39,40,279,66,43,162,42,399,400,156,94,9,230,3,333,77,100,78,440,172,265,199,197,161,107,317,264,261,266,336,129,160,58,126,229,7,112,155,236,340,238,237,95,119,154,128,223,159,273,122,8,158,127,140,193,116,91,118,4,168,169,6,142,138,104,120,132,135,123,97,136,137,133,358,106,124,139,111,108,141,113,131,117,92,313,411,318,341,61,105,319,54,342,274,99,408,315,344,314,62,60,148,320,316,268,267,96,356,18,153,351,412,413,57,114,121,134,115,231,125,130,56,110,5,191,271,67,65,72,355,87,277,89,68,76,374,17,377,71,370,346,74,275,371,276,55,367,152,73,357,109,335,75,59,196,194,343,195,63,220,33,70,215,347,166,173,64,170,401,143,34,354,144,149,151,353,222,150,407,406,163,227,405,233,221,226,228,192,190,225,82,234,235,352,366,85,83,84,232,176,303,53,86,350,189,365,177,345,364,167,219,302,362,363,14,175,81,11,32,13,10,180,80,174,31,181,349,348,12,216,217,188,218,361,183,481,179,301,79,182,427,16,430,487,429,428,15,0,455,445,19,450,448,1,453,260,446,484,464,442,485,439,432,479,456,431,438,451,449,447,467,470,28,452,436,462,458,465,473,422,461,20,488,433,476,257,474,459,471,437,256,477,468,454,517,457,509,423,444,259,258,480,486,482,483,506,187,508,359,21,185,186,23,184,24,22,25,360,26,528,498,27,425,29,30,489,324,322,325,388,323,526,510,527,390,499,525,503,391,490,515,321,389,504,505,507,426,500,434,435,523,497,524,529,424,516,533,501,101,512,513,511,103,514,102,519,502,518,329,330,327,326,521,522,520,494,331,2,328,534,491,536,530,535,531,495,492,493,496,532,
402,369,403,404,309,69,241,311,250,254,305,308,310,306,253,304,255,247,252,246,251,410,243,242,248,249,240,245,466,478,244,463,368,90,475,295,419,469,472,307,312,460,417,293,297,298,376,286,421,409,375,281,287,239,300,292,290,299,443,420,338,198,373,214,211,418,415,339,203,209,269,416,157,210,202,204,398,205,201,200,207,208,291,289,288,98,206,212,213,387,50,334,88,385,372,384,280,383,414,178,263,262,393,395,52,49,337,93,272,441,48,146,171,164,332,47,381,392,165,294,45,41,44,285,382,386,397,284,51,396,378,380,379,147,46,278,283,282,394,270,296,36,145,38,224,35,37,39,66,279,40,43,162,42,399,156,400,94,9,230,3,333,77,100,78,440,172,265,199,197,161,107,317,264,261,266,336,160,58,129,126,229,7,155,236,112,340,238,95,237,154,119,128,223,159,8,158,273,122,127,116,140,193,91,118,168,4,6,169,142,104,123,135,120,132,138,358,97,133,136,137,106,124,108,111,139,113,131,141,117,92,313,105,61,341,411,318,319,54,274,99,342,315,408,314,344,148,62,60,320,356,96,316,268,267,18,153,351,114,121,413,134,412,57,115,130,125,231,5,110,56,191,65,72,67,271,277,87,355,89,68,76,374,17,377,71,370,346,74,275,371,276,367,55,152,73,357,109,75,335,59,196,194,343,63,195,220,70,33,215,166,347,173,64,170,34,143,401,354,144,151,149,222,353,407,406,150,405,227,163,221,226,190,233,192,228,225,82,234,235,352,83,366,85,84,176,232,53,303,86,350,189,365,177,364,345,219,167,363,362,302,81,175,14,11,32,13,10,174,31,180,80,181,349,348,12,218,216,188,217,361,183,179,481,79,301,182,427,16,430,487,429,428,15,0,455,445,19,450,448,1,260,453,446,464,484,485,442,439,432,456,479,451,431,438,447,449,470,467,28,436,452,462,465,458,473,461,422,20,488,476,433,257,256,437,474,468,471,459,477,454,517,457,509,423,259,444,258,482,480,486,483,506,187,508,359,21,185,184,24,23,22,186,25,360,26,498,528,30,425,27,29,489,324,322,323,325,388,510,526,527,490,503,391,525,499,390,515,321,504,389,505,426,507,434,500,435,523,497,533,516,424,524,529,501,101,514,103,102,513,511,512,519,502,330,329,518,327,522,326,494,520,521,331,328,2,534,535,496,531,492,530,536,493,532,491,495,
402,369,403,404,309,69,241,311,250,254,305,308,310,306,253,304,255,247,252,246,251,410,243,242,249,248,240,245,466,478,244,463,475,368,90,295,419,469,472,307,312,460,417,293,297,298,376,286,421,409,375,281,287,239,300,292,290,299,443,420,338,198,373,214,211,418,415,339,209,203,416,269,157,202,210,204,398,205,201,200,208,207,291,289,288,98,206,212,213,50,387,334,88,385,372,384,280,383,414,178,262,263,393,395,52,49,337,93,441,272,146,48,171,164,332,47,392,165,381,294,386,44,382,285,41,45,51,284,397,379,396,380,378,147,46,278,283,282,394,270,296,145,36,38,224,35,37,39,40,66,279,43,162,42,399,400,156,94,9,230,3,333,77,78,100,440,172,265,199,197,161,107,317,261,264,266,336,160,129,58,126,229,7,155,112,236,340,238,237,95,128,119,154,223,159,273,158,122,8,127,193,116,140,91,118,4,168,6,169,142,104,123,135,120,138,132,137,136,358,97,133,106,124,139,108,111,131,113,141,117,313,92,105,318,341,61,411,319,54,274,342,99,408,315,314,344,62,60,148,320,268,267,356,96,316,351,18,153,134,413,114,57,121,412,231,130,125,115,110,56,5,271,72,191,67,65,355,277,87,89,76,68,17,377,71,374,370,346,275,74,371,276,367,55,152,73,357,109,335,75,59,196,194,343,195,63,220,70,215,33,166,347,64,173,170,401,143,34,354,144,149,151,353,222,150,407,406,163,227,405,190,228,226,221,233,192,225,82,234,235,352,85,366,84,83,176,53,303,232,350,86,189,177,365,364,345,167,302,362,363,219,175,14,81,11,13,32,10,31,174,80,180,349,181,348,12,188,216,218,217,361,183,481,179,79,301,182,427,16,430,487,429,428,0,15,455,445,450,19,448,1,260,453,484,446,464,442,485,432,439,456,479,438,431,451,449,447,467,470,28,436,452,458,465,462,473,422,461,20,476,433,488,257,437,474,256,471,459,477,468,454,517,457,509,444,259,423,258,486,480,482,483,506,187,508,359,21,185,184,23,186,22,24,25,360,26,528,498,29,30,425,27,489,322,324,325,388,323,526,510,527,503,390,391,525,490,499,515,321,504,389,505,426,507,500,434,435,497,523,516,533,524,424,529,501,101,514,103,102,511,513,512,519,502,518,330,327,329,520,326,494,522,521,2,331,328,531,535,492,496,534,530,536,532,491,495,493,
402,369,403,404,309,69,241,311,250,254,305,310,308,306,253,304,255,247,252,246,251,410,243,242,249,248,240,245,466,478,244,463,90,475,368,295,419,469,472,307,312,460,417,293,298,297,376,286,421,409,375,281,287,239,300,292,290,299,443,420,338,198,373,214,211,415,418,339,209,203,416,269,157,202,210,204,398,205,201,200,208,207,291,289,288,206,98,212,213,50,387,334,88,385,372,384,280,383,414,178,262,263,393,395,52,49,337,93,441,272,48,146,171,164,332,47,381,165,392,294,45,44,285,382,41,386,284,397,51,396,378,379,380,147,278,46,283,282,394,270,296,145,36,38,224,37,35,39,279,40,66,43,162,42,399,400,156,94,230,9,3,333,77,100,78,440,172,265,199,197,107,161,317,261,264,266,336,58,129,160,126,229,7,112,155,236,340,238,237,95,154,119,128,223,159,158,273,122,8,127,140,193,116,91,118,168,4,169,6,142,120,138,123,132,135,104,133,97,136,358,137,106,124,139,111,108,141,131,113,92,313,117,318,411,61,105,341,319,54,274,342,99,408,315,314,344,148,62,60,320,316,96,268,267,356,18,153,351,121,57,412,114,134,413,231,130,115,125,110,5,56,72,65,271,67,191,277,355,87,89,68,76,71,17,377,370,374,275,346,74,371,276,55,367,152,73,357,109,75,335,59,196,194,343,63,195,220,215,33,70,347,166,64,173,170,143,401,34,354,144,149,151,353,222,150,406,407,227,405,163,221,226,228,192,233,190,82,225,235,234,352,83,84,366,85,303,53,232,176,350,86,177,365,189,345,364,219,362,167,363,302,81,14,175,11,10,32,13,180,31,174,80,181,349,348,12,216,188,218,217,361,183,481,179,301,79,182,427,16,430,487,429,428,15,0,455,445,450,19,448,1,260,453,464,484,446,485,442,439,432,456,479,451,431,438,449,447,467,470,28,452,436,458,462,465,473,461,422,20,433,476,488,257,468,437,477,459,471,474,256,454,517,457,509,444,423,259,258,480,482,486,483,506,187,508,359,21,185,24,186,23,22,184,25,360,26,528,498,27,425,29,30,322,489,324,323,325,388,510,526,527,390,490,503,499,525,391,515,321,504,389,505,426,507,434,500,435,523,497,424,516,524,529,533,501,101,514,102,511,513,103,512,519,502,518,329,327,330,520,494,326,522,521,328,331,2,496,491,531,532,495,534,492,493,530,535,536,
402,369,403,404,309,69,241,311,250,254,305,308,310,306,253,304,255,247,252,246,251,410,243,242,248,249,240,245,466,478,244,463,368,90,475,295,419,469,472,307,312,460,417,293,298,297,376,286,421,409,375,281,287,239,300,292,290,299,443,420,338,198,373,214,211,415,418,339,203,209,269,416,157,210,202,398,204,205,201,200,207,208,291,289,288,98,206,212,213,50,387,334,88,385,372,384,383,280,414,178,263,262,393,395,52,49,337,93,272,441,48,146,171,164,332,47,381,392,165,294,41,386,382,45,285,44,51,284,397,379,378,380,396,147,278,46,283,282,394,270,296,145,36,38,224,37,35,39,66,40,279,43,162,42,399,156,400,94,9,230,3,333,77,78,100,440,172,265,199,197,161,107,317,264,261,266,336,160,58,129,126,229,7,112,155,236,340,238,95,237,128,119,154,223,159,273,158,122,8,127,116,140,193,91,118,168,4,6,169,142,138,120,123,104,132,135,136,97,133,137,358,106,124,139,108,111,113,141,131,92,313,117,341,61,318,411,105,319,342,54,99,274,315,408,314,344,148,62,60,320,356,268,96,267,316,351,18,153,121,57,412,134,114,413,231,130,125,115,5,110,56,271,191,72,65,67,277,87,355,89,68,76,370,71,377,374,17,275,346,74,371,276,55,367,73,152,357,109,335,75,59,196,343,194,63,195,220,215,70,33,347,166,173,64,170,34,401,143,354,144,149,151,353,222,406,407,150,405,163,227,190,221,226,192,233,228,82,225,235,234,352,366,84,83,85,232,303,176,53,86,350,189,365,177,364,345,363,167,302,362,219,14,81,175,11,32,13,10,80,180,174,31,349,181,12,348,217,188,218,216,361,183,179,481,301,79,182,427,16,430,487,428,429,0,15,455,445,450,19,448,1,453,260,464,484,446,485,442,432,439,456,479,438,451,431,449,447,467,470,28,452,436,465,462,458,473,422,461,20,433,476,488,257,471,474,256,437,459,477,468,454,517,457,509,423,259,444,258,486,482,480,483,506,187,508,359,21,185,24,186,22,23,184,25,360,26,528,498,425,29,30,27,324,489,322,325,388,323,526,510,527,390,499,525,490,391,503,515,321,504,505,389,507,426,434,500,435,497,523,533,516,424,529,524,101,501,514,102,103,511,513,512,519,502,518,329,330,327,326,520,494,521,522,331,2,328,496,535,492,531,493,530,532,536,534,491,495,
402,369,403,404,309,69,241,311,250,254,305,310,308,306,253,304,255,247,252,246,251,410,243,242,249,248,240,245,466,478,244,463,368,90,475,295,419,469,472,307,312,460,417,293,298,297,376,286,421,409,375,281,287,239,300,292,290,299,443,420,338,198,373,214,211,418,415,339,209,203,269,416,157,202,210,398,204,205,201,200,208,207,291,289,288,206,98,212,213,50,387,334,88,385,372,384,280,383,414,178,263,262,393,395,52,49,337,93,441,272,146,48,171,164,332,47,165,392,381,294,44,285,386,382,45,41,397,51,284,378,379,396,380,147,46,278,283,282,394,270,296,145,36,38,224,35,37,39,40,279,66,43,162,42,399,156,400,94,230,9,3,333,77,78,100,440,172,265,199,197,107,161,317,261,264,266,336,129,160,58,126,229,7,112,236,155,340,95,238,237,119,154,128,223,159,158,273,122,8,127,193,140,116,91,118,4,168,6,169,142,132,138,135,104,123,120,97,137,136,358,133,106,124,139,111,108,141,131,113,92,313,117,341,61,318,411,105,319,99,54,274,342,408,315,344,314,60,148,62,320,356,267,96,268,316,18,153,351,114,121,134,57,412,413,125,130,115,231,5,110,56,271,72,65,67,191,355,277,87,89,68,76,374,370,71,17,377,346,275,74,276,371,367,55,73,152,357,109,75,335,59,196,343,194,63,195,220,70,215,33,347,166,173,64,170,401,34,143,354,144,149,151,353,222,406,150,407,405,227,163,233,228,221,192,190,226,225,82,235,234,352,84,366,85,83,303,232,53,176,86,350,189,177,365,364,345,167,363,219,362,302,81,14,175,11,13,32,10,174,31,80,180,181,349,12,348,218,188,216,217,361,183,481,179,79,301,182,427,16,430,487,428,429,0,15,455,445,450,19,1,448,453,260,464,484,446,442,485,432,439,456,479,438,451,431,449,447,470,467,28,436,452,465,462,458,473,422,461,20,488,433,476,257,468,459,471,474,477,256,437,454,517,457,509,423,259,444,258,482,486,480,483,506,187,508,359,21,185,24,23,184,186,22,25,360,26,498,528,30,29,425,27,489,324,322,323,388,325,526,510,527,390,391,503,490,499,525,515,321,389,504,505,507,426,500,434,435,523,497,529,516,533,424,524,101,501,511,514,103,513,102,512,519,502,330,518,329,327,494,522,326,521,520,328,2,331,491,492,534,532,531,535,495,496,493,530,536,
402,369,403,404,309,69,241,311,250,254,305,308,310,306,253,304,255,247,252,246,251,410,243,242,248,249,240,245,466,478,244,463,90,368,475,295,419,469,472,307,312,460,417,293,298,297,376,286,421,409,375,281,287,239,300,292,290,299,443,420,338,198,373,214,211,415,418,339,203,209,416,269,157,202,210,204,398,205,201,200,208,207,291,289,288,206,98,212,213,387,50,334,88,385,372,384,383,280,414,178,263,262,393,395,52,49,337,93,441,272,146,48,171,164,332,47,392,165,381,294,386,382,44,285,45,41,51,397,284,396,380,379,378,147,278,46,283,282,394,270,296,36,145,38,224,37,35,39,66,279,40,43,162,42,399,400,156,94,230,9,3,333,77,100,78,440,172,265,199,197,107,161,317,264,261,266,336,58,160,129,126,229,7,155,236,112,340,237,238,95,154,119,128,223,159,158,273,122,8,127,140,116,193,91,118,168,4,169,6,142,123,132,120,104,135,138,137,136,97,358,133,124,106,111,108,139,131,141,113,92,313,117,411,61,341,105,318,319,99,274,342,54,408,315,344,314,62,148,60,320,96,316,356,267,268,18,153,351,413,57,412,134,121,114,231,115,130,125,110,56,5,72,271,65,191,67,277,87,355,89,68,76,71,370,17,377,374,346,74,275,371,276,55,367,73,152,357,109,75,335,59,196,343,194,195,63,220,70,33,215,347,166,173,64,170,143,34,401,354,144,149,151,353,222,406,407,150,163,227,405,226,190,233,228,221,192,225,82,235,234,352,84,85,366,83,53,176,303,232,86,350,189,177,365,364,345,363,302,362,167,219,14,175,81,11,32,10,13,180,174,80,31,181,349,12,348,216,217,188,218,361,183,481,179,301,79,182,427,16,430,487,428,429,0,15,455,445,19,450,448,1,260,453,446,464,484,485,442,432,439,456,479,431,438,451,447,449,467,470,28,436,452,462,465,458,473,422,461,20,476,488,433,257,471,474,477,437,256,468,459,454,517,457,509,259,444,423,258,482,486,480,483,506,187,508,359,21,185,186,23,22,184,24,25,360,26,498,528,27,30,425,29,489,324,322,388,325,323,510,526,527,499,390,391,503,525,490,515,321,505,389,504,507,426,434,500,435,497,523,533,524,516,424,529,501,101,102,512,511,103,514,513,519,502,329,518,327,330,522,520,521,326,494,331,328,2,496,491,535,531,493,495,534,532,492,536,530,
402,369,403,404,309,69,241,311,250,254,305,308,310,306,253,304,255,247,252,246,251,410,243,242,249,248,240,245,466,478,244,463,368,475,90,295,419,469,472,307,312,460,417,293,297,298,376,286,421,409,375,281,287,239,300,292,290,299,443,420,338,198,373,214,211,418,415,339,209,203,269,416,157,202,210,398,204,205,201,200,207,208,291,289,288,98,206,212,213,50,387,334,88,385,372,384,383,280,414,178,262,263,393,395,52,49,337,93,441,272,48,146,171,164,332,47,165,381,392,294,45,44,41,285,382,386,51,284,397,378,379,380,396,147,278,46,283,282,270,394,296,36,145,38,224,37,35,39,66,279,40,43,162,42,399,400,156,94,9,230,3,333,77,100,78,440,172,265,199,197,107,161,317,261,264,266,336,58,160,129,126,229,7,112,155,236,340,95,238,237,119,128,154,223,159,273,158,122,8,127,140,193,116,91,118,4,168,169,6,142,132,120,135,104,138,123,358,97,137,133,136,106,124,139,111,108,141,131,113,92,117,313,341,61,105,318,411,319,99,342,54,274,408,315,344,314,148,60,62,320,316,356,96,267,268,18,153,351,114,57,413,121,412,134,125,115,231,130,5,56,110,65,271,191,72,67,355,277,87,89,68,76,71,377,17,370,374,346,74,275,371,276,367,55,152,73,357,109,75,335,59,196,343,194,63,195,220,70,215,33,347,166,64,173,170,143,401,34,354,144,149,151,353,222,407,150,406,405,163,227,233,228,190,221,226,192,82,225,235,234,352,85,84,366,83,303,232,176,53,86,350,189,177,365,364,345,362,302,363,219,167,175,81,14,11,13,10,32,31,174,80,180,181,349,12,348,188,217,218,216,361,183,481,179,301,79,182,427,16,430,487,428,429,15,0,455,445,19,450,448,1,453,260,446,484,464,442,485,432,439,479,456,438,451,431,449,447,467,470,28,452,436,462,458,465,473,461,422,20,476,488,433,257,474,471,459,477,468,256,437,454,517,457,509,259,423,444,258,480,482,486,483,506,187,508,359,21,185,22,23,184,24,186,25,360,26,498,528,29,27,30,425,322,489,324,325,323,388,526,510,527,525,490,390,499,391,503,515,321,505,504,389,426,507,500,434,435,497,523,524,529,533,516,424,101,501,514,513,512,102,103,511,519,502,327,330,329,518,494,520,521,326,522,331,328,2,493,534,496,491,530,532,495,535,531,492,536,
402,369,403,404,309,69,241,311,250,254,305,310,308,306,253,304,255,247,252,246,251,410,243,242,249,248,240,245,466,478,244,463,90,368,475,295,419,469,472,307,312,460,417,293,297,298,376,286,421,375,409,281,287,239,300,292,290,299,443,420,338,198,373,214,211,415,418,339,209,203,269,416,157,202,210,204,398,205,201,200,208,207,291,289,288,206,98,212,213,387,50,334,88,385,372,384,280,383,414,178,262,263,393,395,52,49,337,93,441,272,48,146,171,164,332,47,165,392,381,294,382,41,45,44,386,285,284,397,51,379,396,380,378,147,278,46,283,282,394,270,296,145,36,38,224,35,37,39,66,40,279,43,162,42,399,156,400,94,230,9,3,333,77,100,78,440,172,265,199,197,161,107,317,261,264,266,336,160,58,129,126,229,7,112,236,155,340,95,238,237,119,128,154,223,159,122,158,8,273,127,193,116,140,91,118,4,168,169,6,142,123,138,135,120,132,104,137,133,136,358,97,106,124,111,139,108,141,131,113,92,117,313,411,61,105,341,318,319,342,54,274,99,408,315,344,314,148,62,60,320,316,268,96,356,267,351,153,18,134,57,412,413,121,114,125,115,130,231,56,110,5,191,271,67,72,65,355,87,277,89,68,76,377,374,17,71,370,346,275,74,276,371,55,367,73,152,357,109,335,75,59,196,343,194,63,195,220,70,215,33,166,347,64,173,170,143,401,34,354,144,151,149,353,222,406,407,150,227,405,163,226,221,233,192,190,228,82,225,234,235,352,366,84,85,83,303,176,53,232,350,86,189,177,365,345,364,219,362,302,167,363,14,175,81,11,32,13,10,31,180,174,80,349,181,12,348,216,218,217,188,361,183,481,179,79,301,182,427,16,430,487,429,428,15,0,455,445,19,450,1,448,260,453,446,464,484,485,442,439,432,456,479,438,451,431,447,449,467,470,28,436,452,458,462,465,473,461,422,20,488,433,476,257,459,477,256,474,468,471,437,454,517,457,509,423,444,259,258,486,480,482,483,506,187,508,359,21,185,186,24,184,22,23,25,360,26,528,498,27,425,30,29,322,324,489,325,388,323,510,526,527,490,391,390,503,525,499,515,321,505,389,504,426,507,434,500,435,497,523,533,516,424,524,529,101,501,513,102,511,103,512,514,519,502,327,329,518,330,520,522,521,494,326,331,328,2,536,495,531,492,535,493,496,534,491,532,530,
402,369,403,404,309,69,241,311,250,254,305,310,308,306,253,304,255,247,252,246,251,410,243,242,248,249,240,245,466,478,244,463,90,368,475,295,419,469,472,307,312,460,417,293,298,297,376,286,421,409,375,281,287,239,300,292,290,299,443,420,338,198,373,214,211,418,415,339,203,209,269,416,157,202,210,398,204,205,201,200,208,207,291,289,288,206,98,212,213,50,387,334,88,385,372,384,383,280,414,178,262,263,393,395,52,49,337,93,272,441,146,48,171,164,332,47,381,165,392,294,44,45,41,386,382,285,397,51,284,396,380,378,379,147,278,46,283,282,394,270,296,36,145,38,224,37,35,39,279,66,40,43,162,42,399,400,156,94,9,230,3,333,77,100,78,440,172,265,199,197,161,107,317,261,264,266,336,160,58,129,126,229,7,112,236,155,340,237,238,95,128,154,119,223,159,8,273,158,122,127,193,140,116,91,118,168,4,169,6,142,135,120,138,123,104,132,358,136,133,97,137,124,106,111,139,108,131,141,113,92,313,117,411,61,105,341,318,319,54,99,342,274,315,408,344,314,62,148,60,320,268,267,316,356,96,351,18,153,413,121,412,134,57,114,231,130,125,115,5,110,56,191,271,65,67,72,355,87,277,89,76,68,17,374,377,370,71,346,275,74,371,276,367,55,152,73,357,109,75,335,59,196,194,343,63,195,220,33,215,70,166,347,64,173,170,34,401,143,354,144,151,149,353,222,406,407,150,227,405,163,190,221,192,233,226,228,225,82,235,234,352,83,366,84,85,176,53,232,303,350,86,189,177,365,364,345,362,302,363,167,219,81,175,14,11,10,13,32,180,31,80,174,181,349,348,12,188,217,216,218,361,183,179,481,79,301,182,427,16,430,487,428,429,15,0,455,445,19,450,1,448,453,260,484,446,464,485,442,432,439,479,456,438,451,431,447,449,467,470,28,452,436,465,462,458,473,461,422,20,488,476,433,257,256,471,474,477,437,459,468,454,517,457,509,259,444,423,258,482,480,486,483,506,187,508,359,21,185,23,186,24,22,184,25,360,26,528,498,30,29,425,27,489,324,322,388,325,323,510,526,527,499,525,391,390,503,490,515,321,504,505,389,507,426,434,500,435,523,497,424,529,533,524,516,501,101,103,102,513,512,511,514,519,502,329,330,518,327,494,520,326,521,522,328,2,331,535,493,495,531,492,496,491,530,534,532,536,
402,369,403,404,309,69,241,311,250,254,305,310,308,306,253,304,255,247,252,246,251,410,243,242,249,248,240,245,466,478,244,463,368,475,90,295,419,469,472,307,312,460,417,293,297,298,376,286,421,409,375,281,287,239,300,292,290,299,443,420,338,198,373,214,211,418,415,339,209,203,269,416,157,210,202,398,204,205,201,200,208,207,291,289,288,98,206,212,213,50,387,334,88,385,372,384,383,280,414,178,263,262,393,395,52,49,337,93,441,272,146,48,171,164,332,47,165,392,381,294,386,45,44,285,382,41,284,51,397,378,396,379,380,147,278,46,283,282,270,394,296,36,145,38,224,35,37,39,40,279,66,43,162,42,399,156,400,94,230,9,3,333,77,100,78,440,172,265,199,197,161,107,317,261,264,266,336,58,160,129,126,229,7,112,236,155,340,237,238,95,119,154,128,223,159,8,273,158,122,127,140,193,116,91,118,168,4,6,169,142,132,123,135,120,104,138,137,97,358,133,136,124,106,111,108,139,131,141,113,313,117,92,61,318,411,105,341,319,274,54,342,99,315,408,314,344,60,148,62,320,268,316,356,267,96,351,18,153,121,57,413,114,412,134,231,115,130,125,5,56,110,67,72,191,271,65,355,87,277,89,76,68,377,71,374,17,370,346,275,74,276,371,367,55,152,73,357,109,75,335,59,196,194,343,195,63,220,33,70,215,166,347,173,64,170,34,143,401,354,144,149,151,353,222,406,407,150,405,163,227,190,228,221,226,192,233,225,82,234,235,352,85,83,84,366,176,303,232,53,350,86,365,177,189,364,345,219,302,363,362,167,175,14,81,11,10,13,32,174,180,31,80,181,349,348,12,218,217,216,188,361,183,481,179,79,301,182,427,16,430,487,429,428,15,0,455,445,450,19,1,448,260,453,484,446,464,485,442,439,432,456,479,431,451,438,449,447,470,467,28,436,452,458,462,465,473,461,422,20,476,488,433,257,474,477,471,437,256,459,468,454,517,457,509,444,423,259,258,480,482,486,483,506,187,508,359,21,185,24,184,23,186,22,25,360,26,498,528,30,425,27,29,324,489,322,388,323,325,510,526,527,390,490,503,391,525,499,515,321,504,505,389,426,507,500,434,435,497,523,533,516,529,524,424,501,101,103,512,514,513,511,102,519,502,329,330,518,327,521,522,520,326,494,331,2,328,532,530,496,531,493,534,492,536,491,535,495,
402,369,403,404,309,69,241,311,250,254,305,310,308,306,253,304,255,247,252,246,251,410,243,242,248,249,240,245,466,478,244,463,475,90,368,295,419,469,472,307,312,460,417,293,298,297,376,286,421,409,375,281,287,239,300,292,290,299,443,420,338,198,373,214,211,415,418,339,209,203,269,416,157,202,210,204,398,205,201,200,207,208,291,289,288,206,98,212,213,387,50,334,88,385,372,384,280,383,414,178,262,263,393,395,52,49,337,93,272,441,48,146,171,164,332,47,392,165,381,294,386,41,44,45,382,285,397,284,51,396,380,378,379,147,46,278,283,282,394,270,296,36,145,38,224,35,37,39,279,40,66,43,162,42,399,156,400,94,9,230,3,333,77,78,100,440,172,265,199,197,107,161,317,261,264,266,336,58,129,160,126,229,7,112,236,155,340,237,95,238,128,154,119,223,159,158,273,122,8,127,193,116,140,91,118,168,4,169,6,142,120,138,104,132,135,123,97,133,358,136,137,124,106,111,139,108,131,141,113,92,117,313,318,61,411,341,105,319,342,274,99,54,408,315,314,344,60,62,148,320,267,96,316,356,268,351,153,18,412,114,121,57,413,134,231,125,130,115,56,5,110,65,72,191,67,271,355,87,277,89,68,76,17,71,374,370,377,346,275,74,371,276,367,55,73,152,357,109,335,75,59,196,343,194,195,63,220,33,215,70,166,347,173,64,170,34,401,143,354,144,151,149,353,222,150,406,407,227,163,405,192,228,226,233,221,190,82,225,234,235,352,366,83,84,85,232,176,53,303,86,350,177,189,365,345,364,363,167,362,219,302,14,81,175,11,13,10,32,80,31,174,180,181,349,12,348,216,217,218,188,361,183,179,481,79,301,182,427,16,430,487,429,428,0,15,455,445,450,19,448,1,260,453,484,464,446,485,442,432,439,479,456,431,451,438,447,449,470,467,28,452,436,462,465,458,473,422,461,20,476,433,488,257,437,477,468,256,459,471,474,454,517,457,509,259,444,423,258,480,482,486,483,506,187,508,359,21,185,186,22,23,184,24,25,360,26,498,528,425,29,27,30,322,489,324,388,323,325,510,526,527,525,503,391,390,490,499,515,321,505,389,504,507,426,500,434,435,523,497,424,524,529,533,516,501,101,102,514,511,513,103,512,519,502,330,327,329,518,521,520,326,494,522,2,331,328,532,535,496,534,491,531,493,536,492,530,495,
402,369,403,404,309,69,241,311,250,254,305,310,308,306,253,304,255,247,252,246,251,410,243,242,249,248,240,245,466,478,244,463,475,368,90,295,419,469,472,307,312,460,417,293,298,297,376,286,421,409,375,281,287,239,300,292,290,299,443,420,338,198,373,214,211,415,418,339,209,203,269,416,157,210,202,398,204,205,201,200,207,208,291,289,288,206,98,212,213,387,50,334,88,385,372,384,280,383,414,178,263,262,393,395,52,49,337,93,441,272,48,146,171,164,332,47,165,381,392,294,386,44,285,41,382,45,51,284,397,379,378,396,380,147,278,46,283,282,270,394,296,145,36,38,224,37,35,39,66,279,40,43,162,42,399,400,156,94,9,230,3,333,77,100,78,440,172,265,199,197,107,161,317,264,261,266,336,129,160,58,126,229,7,236,112,155,340,238,95,237,128,119,154,223,159,273,158,122,8,127,116,193,140,91,118,4,168,6,169,142,123,135,120,138,104,132,136,137,358,133,97,106,124,139,111,108,141,131,113,117,313,92,61,411,318,341,105,319,274,342,99,54,408,315,314,344,60,148,62,320,316,268,356,267,96,351,153,18,114,413,121,134,412,57,115,125,231,130,110,5,56,65,72,271,67,191,87,355,277,89,76,68,374,370,377,17,71,346,275,74,276,371,367,55,73,152,357,109,335,75,59,196,343,194,63,195,220,70,215,33,166,347,173,64,170,401,143,34,354,144,151,149,353,222,150,407,406,227,163,405,221,190,192,228,226,233,82,225,235,234,352,84,83,85,366,303,176,53,232,86,350,189,177,365,345,364,302,167,362,219,363,175,14,81,11,13,32,10,174,80,180,31,181,349,12,348,217,188,218,216,361,183,179,481,79,301,182,427,16,430,487,429,428,0,15,455,445,19,450,448,1,453,260,484,464,446,485,442,432,439,479,456,431,451,438,447,449,467,470,28,452,436,465,462,458,473,461,422,20,433,488,476,257,474,437,477,468,471,459,256,454,517,457,509,423,444,259,258,482,480,486,483,506,187,508,359,21,185,23,186,184,24,22,25,360,26,498,528,425,29,30,27,322,324,489,388,323,325,510,526,527,490,390,499,391,503,525,515,321,505,389,504,426,507,500,434,435,497,523,533,516,524,529,424,501,101,513,103,512,514,102,511,519,502,329,330,327,518,521,326,522,494,520,331,2,328,491,493,495,531,496,530,535,536,534,532,492,
402,369,403,404,309,69,241,311,250,254,305,308,310,306,253,304,255,247,252,246,251,410,243,242,248,249,240,245,466,478,244,463,475,90,368,295,419,469,472,307,312,460,417,293,297,298,376,286,421,409,375,281,287,239,300,292,290,299,443,420,338,198,373,214,211,415,418,339,203,209,269,416,157,210,202,398,204,205,201,200,207,208,291,289,288,206,98,212,213,387,50,334,88,385,372,384,383,280,414,178,262,263,393,395,52,49,337,93,272,441,48,146,171,164,332,47,381,392,165,294,45,382,386,285,41,44,284,51,397,396,379,378,380,147,46,278,283,282,394,270,296,145,36,38,224,37,35,39,279,66,40,43,162,42,399,400,156,94,9,230,3,333,77,78,100,440,172,265,199,197,161,107,317,264,261,266,336,129,58,160,126,229,7,236,155,112,340,237,238,95,119,128,154,223,159,273,8,158,122,127,193,140,116,91,118,168,4,169,6,142,138,104,120,135,123,132,137,97,358,133,136,106,124,108,139,111,141,113,131,313,117,92,411,341,105,318,61,319,342,274,54,99,315,408,314,344,148,60,62,320,268,316,96,267,356,153,18,351,413,134,121,114,57,412,125,231,115,130,110,5,56,65,271,67,191,72,355,277,87,89,76,68,377,71,370,374,17,74,275,346,371,276,55,367,152,73,357,109,75,335,59,196,194,343,195,63,220,215,33,70,347,166,173,64,170,143,34,401,354,144,151,149,353,222,406,150,407,163,227,405,233,221,228,190,226,192,82,225,235,234,352,85,83,366,84,303,232,53,176,350,86,189,365,177,364,345,219,302,362,167,363,81,14,175,11,10,32,13,80,180,31,174,349,181,348,12,218,188,217,216,361,183,179,481,79,301,182,427,16,430,487,429,428,15,0,455,445,450,19,1,448,453,260,484,446,464,442,485,439,432,456,479,451,438,431,447,449,467,470,28,436,452,458,462,465,473,461,422,20,433,476,488,257,459,256,471,437,474,468,477,454,517,457,509,423,444,259,258,482,486,480,483,506,187,508,359,21,185,23,22,184,24,186,25,360,26,498,528,425,27,30,29,489,322,324,323,388,325,510,526,527,499,391,490,390,525,503,515,321,504,389,505,507,426,500,434,435,497,523,516,424,529,533,524,501,101,512,514,103,102,511,513,519,502,518,329,327,330,520,326,521,522,494,2,328,331,493,492,534,491,530,495,535,531,536,496,532,
402,369,403,404,309,69,241,311,250,254,305,310,308,306,253,304,255,247,252,246,251,410,243,242,248,249,240,245,466,478,244,463,475,368,90,295,419,469,472,307,312,460,417,293,298,297,376,286,421,409,375,281,287,239,300,292,290,299,443,420,338,198,373,214,211,418,415,339,203,209,269,416,157,210,202,398,204,205,201,200,208,207,291,289,288,206,98,212,213,387,50,334,88,385,372,384,383,280,414,178,263,262,393,395,52,49,337,93,272,441,146,48,171,164,332,47,165,381,392,294,41,382,45,44,386,285,51,397,284,380,378,396,379,147,46,278,283,282,270,394,296,145,36,38,224,37,35,39,279,40,66,43,162,42,399,400,156,94,9,230,3,333,77,78,100,440,172,265,199,197,161,107,317,261,264,266,336,160,129,58,126,229,7,112,155,236,340,238,95,237,128,154,119,223,159,273,158,122,8,127,140,193,116,91,118,4,168,169,6,142,120,123,132,138,104,135,137,97,358,133,136,106,124,139,111,108,113,141,131,117,313,92,318,341,61,411,105,319,99,274,54,342,408,315,314,344,60,148,62,320,267,268,356,316,96,18,153,351,412,413,114,57,121,134,130,231,125,115,5,110,56,191,72,67,65,271,87,355,277,89,68,76,370,377,374,71,17,74,346,275,276,371,55,367,152,73,357,109,75,335,59,196,343,194,63,195,220,33,215,70,347,166,173,64,170,401,34,143,354,144,149,151,353,222,407,150,406,163,227,405,190,226,233,192,228,221,225,82,235,234,352,85,366,84,83,232,53,303,176,86,350,365,177,189,364,345,362,302,363,167,219,175,14,81,11,10,32,13,174,31,80,180,349,181,12,348,218,216,188,217,361,183,179,481,79,301,182,427,16,430,487,429,428,15,0,455,445,19,450,448,1,260,453,484,446,464,485,442,432,439,456,479,438,431,451,447,449,470,467,28,436,452,465,458,462,473,461,422,20,476,488,433,257,474,468,437,471,256,459,477,454,517,457,509,259,423,444,258,482,486,480,483,506,187,508,359,21,185,186,22,23,24,184,25,360,26,498,528,29,27,425,30,324,322,489,388,325,323,510,526,527,525,490,503,391,390,499,515,321,505,389,504,507,426,500,434,435,497,523,424,516,529,524,533,501,101,103,102,511,514,513,512,519,502,330,518,327,329,521,326,522,494,520,2,331,328,495,530,535,536,532,492,496,493,531,491,534,
402,369,403,404,309,69,241,311,250,254,305,310,308,306,253,304,255,247,252,246,251,410,243,242,249,248,240,245,466,478,244,463,90,475,368,295,419,469,472,307,312,460,417,293,297,298,376,286,421,375,409,281,287,239,300,292,290,299,443,420,338,198,373,214,211,418,415,339,203,209,269,416,157,210,202,398,204,205,201,200,207,208,291,289,288,206,98,212,213,50,387,334,88,385,372,384,383,280,414,178,262,263,393,395,52,49,337,93,272,441,146,48,171,164,332,47,392,165,381,294,41,382,44,386,285,45,284,51,397,379,378,396,380,147,278,46,283,282,270,394,296,36,145,38,224,37,35,39,279,40,66,43,162,42,399,400,156,94,9,230,3,333,77,100,78,440,172,265,199,197,107,161,317,261,264,266,336,160,58,129,126,229,7,112,236,155,340,95,238,237,119,128,154,223,159,158,8,122,273,127,140,116,193,91,118,4,168,169,6,142,138,132,123,135,120,104,137,136,97,358,133,124,106,111,139,108,141,131,113,92,117,313,341,105,318,61,411,319,99,342,274,54,408,315,344,314,148,60,62,320,267,96,268,316,356,18,153,351,114,57,121,134,412,413,125,231,130,115,5,110,56,191,72,65,271,67,87,355,277,89,76,68,377,71,374,370,17,74,275,346,276,371,55,367,152,73,357,109,75,335,59,196,343,194,195,63,220,215,70,33,166,347,64,173,170,401,34,143,354,144,151,149,222,353,407,150,406,163,405,227,233,228,190,226,192,221,82,225,235,234,352,85,366,84,83,176,53,232,303,86,350,189,177,365,345,364,219,302,362,167,363,81,14,175,11,32,10,13,174,80,180,31,349,181,12,348,216,218,188,217,361,183,179,481,79,301,182,427,16,430,487,429,428,15,0,455,445,450,19,1,448,260,453,464,446,484,442,485,439,432,456,479,451,438,431,447,449,470,467,28,436,452,465,458,462,473,461,422,20,476,433,488,257,256,437,474,459,471,477,468,454,517,457,509,444,423,259,258,482,480,486,483,506,187,508,359,21,185,22,24,184,23,186,25,360,26,528,498,29,30,27,425,324,489,322,323,325,388,526,510,527,525,490,503,390,391,499,515,321,504,505,389,507,426,500,434,435,523,497,424,529,533,524,516,101,501,102,512,511,103,514,513,519,502,329,518,330,327,326,494,520,522,521,331,2,328,496,536,491,534,493,532,495,535,530,492,531,
402,369,403,404,309,69,241,311,250,254,305,308,310,306,253,304,255,247,252,246,251,410,243,242,248,249,240,245,466,478,244,463,475,368,90,295,419,469,472,307,312,460,417,293,298,297,376,286,421,375,409,281,287,239,300,292,290,299,443,420,338,198,373,214,211,415,418,339,203,209,269,416,157,210,202,204,398,205,201,200,208,207,291,289,288,206,98,212,213,50,387,334,88,385,372,384,383,280,414,178,262,263,393,395,52,49,337,93,441,272,146,48,171,164,332,47,392,165,381,294,41,386,285,382,45,44,284,51,397,380,378,379,396,147,278,46,283,282,394,270,296,36,145,38,224,35,37,39,40,279,66,43,162,42,399,156,400,94,9,230,3,333,77,78,100,440,172,265,199,197,161,107,317,261,264,266,336,129,58,160,126,229,7,236,112,155,340,95,238,237,119,154,128,223,159,8,158,273,122,127,193,140,116,91,118,168,4,169,6,142,120,132,135,123,104,138,133,358,136,137,97,124,106,111,139,108,131,113,141,313,92,117,341,105,318,61,411,319,274,342,99,54,315,408,344,314,148,60,62,320,268,316,267,356,96,351,18,153,57,412,121,114,413,134,130,231,125,115,110,5,56,67,191,271,65,72,87,277,355,89,68,76,370,377,71,374,17,346,275,74,371,276,55,367,152,73,357,109,75,335,59,196,343,194,63,195,220,33,70,215,347,166,173,64,170,34,143,401,354,144,151,149,222,353,407,406,150,405,163,227,228,192,221,190,226,233,82,225,234,235,352,366,83,85,84,53,303,232,176,350,86,365,177,189,364,345,302,363,167,362,219,81,175,14,11,32,10,13,180,31,174,80,181,349,12,348,188,218,217,216,361,183,481,179,301,79,182,427,16,430,487,429,428,15,0,455,445,19,450,1,448,453,260,484,446,464,485,442,439,432,456,479,451,438,431,447,449,467,470,28,436,452,458,462,465,473,461,422,20,433,476,488,257,437,459,468,477,471,256,474,454,517,457,509,423,259,444,258,482,486,480,483,506,187,508,359,21,185,22,24,23,184,186,25,360,26,528,498,425,27,29,30,324,322,489,325,323,388,510,526,527,490,525,503,391,499,390,515,321,389,504,505,426,507,434,500,435,497,523,524,516,529,533,424,501,101,102,103,511,513,514,512,519,502,330,327,518,329,522,326,520,521,494,328,2,331,493,496,492,534,532,536,535,491,495,530,531,
402,369,403,404,309,69,241,311,250,254,305,310,308,306,253,304,255,247,252,246,251,410,243,242,248,249,240,245,466,478,244,463,475,368,90,295,419,469,472,307,312,460,417,293,297,298,376,286,421,375,409,281,287,239,300,292,290,299,443,420,338,198,373,214,211,415,418,339,209,203,416,269,157,210,202,398,204,205,201,200,207,208,291,289,288,98,206,212,213,50,387,334,88,385,372,384,383,280,414,178,262,263,393,395,52,49,337,93,272,441,48,146,171,164,332,47,165,392,381,294,382,41,285,44,45,386,397,51,284,396,380,378,379,147,46,278,283,282,270,394,296,145,36,38,224,37,35,39,66,279,40,43,162,42,399,400,156,94,9,230,3,333,77,78,100,440,172,265,199,197,107,161,317,264,261,266,336,58,160,129,126,229,7,155,236,112,340,238,237,95,128,154,119,223,159,122,273,158,8,127,140,116,193,91,118,168,4,6,169,142,132,120,135,138,123,104,133,358,136,137,97,124,106,111,139,108,141,113,131,117,313,92,341,411,105,61,318,319,54,342,99,274,315,408,314,344,148,60,62,320,267,96,268,356,316,153,18,351,413,412,121,114,57,134,115,231,125,130,5,56,110,72,191,65,67,271,87,277,355,89,68,76,71,17,370,377,374,275,74,346,276,371,55,367,73,152,357,109,335,75,59,196,194,343,195,63,220,33,215,70,166,347,64,173,170,401,34,143,354,144,149,151,353,222,407,150,406,227,405,163,228,226,221,233,190,192,225,82,234,235,352,366,85,84,83,176,232,53,303,350,86,177,189,365,364,345,363,219,167,362,302,175,81,14,11,32,13,10,180,80,174,31,181,349,12,348,216,218,188,217,361,183,481,179,79,301,182,427,16,430,487,428,429,15,0,455,445,19,450,1,448,453,260,484,464,446,442,485,439,432,479,456,431,451,438,447,449,467,470,28,452,436,465,462,458,473,461,422,20,476,433,488,257,468,256,477,459,474,471,437,454,517,457,509,423,259,444,258,486,480,482,483,506,187,508,359,21,185,184,22,23,186,24,25,360,26,528,498,29,425,27,30,324,322,489,325,388,323,526,510,527,490,499,503,390,391,525,515,321,504,389,505,426,507,500,434,435,497,523,529,516,533,424,524,501,101,511,514,102,513,512,103,519,502,330,518,329,327,520,494,326,522,521,328,2,331,530,495,536,493,534,531,496,535,491,532,492,
402,369,403,404,309,69,241,311,250,254,305,308,310,306,253,304,255,247,252,246,251,410,243,242,248,249,240,245,466,478,244,463,368,475,90,295,419,469,472,307,312,460,417,293,298,297,376,286,421,409,375,281,287,239,300,292,290,299,443,420,338,198,373,214,211,415,418,339,203,209,269,416,157,202,210,398,204,205,201,200,207,208,291,289,288,98,206,212,213,50,387,334,88,385,372,384,280,383,414,178,262,263,393,395,52,49,337,93,272,441,48,146,171,164,332,47,392,381,165,294,45,382,285,41,386,44,397,284,51,379,378,396,380,147,278,46,283,282,394,270,296,145,36,38,224,37,35,39,40,279,66,43,162,42,399,156,400,94,9,230,3,333,77,78,100,440,172,265,199,197,107,161,317,264,261,266,336,58,160,129,126,229,7,112,155,236,340,238,237,95,128,119,154,223,159,8,122,158,273,127,116,140,193,91,118,168,4,169,6,142,132,104,138,135,123,120,137,97,358,133,136,124,106,108,139,111,113,141,131,313,117,92,341,61,411,318,105,319,54,99,342,274,408,315,344,314,60,62,148,320,268,96,356,316,267,153,351,18,413,57,412,114,121,134,125,231,130,115,110,56,5,65,72,67,191,271,355,87,277,89,68,76,377,17,374,71,370,74,275,346,276,371,367,55,73,152,357,109,75,335,59,196,194,343,63,195,220,70,215,33,166,347,173,64,170,401,143,34,354,144,151,149,353,222,407,150,406,405,163,227,228,226,192,233,221,190,82,225,235,234,352,85,366,84,83,232,303,53,176,350,86,365,189,177,345,364,302,167,363,219,362,81,14,175,11,10,13,32,31,80,180,174,181,349,12,348,216,217,218,188,361,183,481,179,79,301,182,427,16,430,487,429,428,0,15,455,445,450,19,448,1,260,453,464,484,446,485,442,432,439,479,456,451,438,431,447,449,470,467,28,452,436,462,465,458,473,422,461,20,476,488,433,257,471,256,477,459,437,468,474,454,517,457,509,423,444,259,258,480,482,486,483,506,187,508,359,21,185,186,24,184,22,23,25,360,26,528,498,30,425,27,29,322,324,489,325,323,388,526,510,527,391,503,525,490,499,390,515,321,389,504,505,426,507,500,434,435,523,497,529,533,424,524,516,101,501,512,514,102,513,511,103,519,502,329,518,327,330,520,326,521,494,522,331,2,328,536,493,534,492,531,532,491,535,496,530,495,
402,369,403,404,309,69,241,311,250,254,305,308,310,306,253,304,255,247,252,246,251,410,243,242,248,249,240,245,466,478,244,463,90,475,368,295,419,469,472,307,312,460,417,293,298,297,376,286,421,409,375,281,287,239,300,292,290,299,443,420,338,198,373,214,211,418,415,339,203,209,416,269,157,202,210,204,398,205,201,200,208,207,291,289,288,98,206,212,213,387,50,334,88,385,372,384,383,280,414,178,263,262,393,395,52,49,337,93,272,441,146,48,171,164,332,47,381,165,392,294,382,41,44,386,285,45,51,284,397,380,379,378,396,147,278,46,283,282,270,394,296,145,36,38,224,35,37,39,40,279,66,43,162,42,399,400,156,94,230,9,3,333,77,100,78,440,172,265,199,197,107,161,317,261,264,266,336,129,58,160,126,229,7,236,155,112,340,238,237,95,119,154,128,223,159,122,158,273,8,127,116,140,193,91,118,4,168,6,169,142,138,135,123,120,104,132,358,133,97,136,137,106,124,108,111,139,141,131,113,92,117,313,341,411,61,318,105,319,99,342,54,274,315,408,314,344,148,60,62,320,268,96,267,356,316,351,18,153,57,413,114,134,121,412,125,115,130,231,5,56,110,67,65,191,271,72,87,277,355,89,76,68,374,71,370,377,17,275,74,346,276,371,367,55,73,152,357,109,335,75,59,196,343,194,195,63,220,70,33,215,347,166,173,64,170,34,143,401,354,144,149,151,353,222,407,150,406,227,163,405,221,233,228,190,226,192,225,82,234,235,352,84,366,83,85,176,232,53,303,86,350,365,189,177,364,345,363,167,362,302,219,14,81,175,11,13,32,10,174,31,80,180,349,181,348,12,188,218,216,217,361,183,481,179,79,301,182,427,16,430,487,429,428,15,0,455,445,450,19,1,448,453,260,446,464,484,442,485,439,432,456,479,438,431,451,449,447,467,470,28,436,452,465,458,462,473,422,461,20,433,476,488,257,459,477,256,474,471,468,437,454,517,457,509,259,423,444,258,486,480,482,483,506,187,508,359,21,185,23,184,24,186,22,25,360,26,528,498,30,27,425,29,324,322,489,388,323,325,510,526,527,390,503,490,391,525,499,515,321,389,505,504,426,507,434,500,435,523,497,516,524,529,424,533,501,101,514,103,512,102,511,513,519,502,327,518,329,330,326,521,520,494,522,2,331,328,535,536,534,491,495,532,496,530,493,492,531,
402,369,403,404,309,69,241,311,250,254,305,308,310,306,253,304,255,247,252,246,251,410,243,242,248,249,240,245,466,478,244,463,475,90,368,295,419,469,472,307,312,460,417,293,297,298,376,286,421,409,375,281,287,239,300,292,290,299,443,420,338,198,373,214,211,415,418,339,203,209,416,269,157,210,202,204,398,205,201,200,208,207,291,289,288,98,206,212,213,387,50,334,88,385,372,384,383,280,414,178,263,262,393,395,52,49,337,93,441,272,48,146,171,164,332,47,381,392,165,294,386,41,45,44,382,285,51,397,284,378,396,379,380,147,46,278,283,282,394,270,296,36,145,38,224,35,37,39,40,279,66,43,162,42,399,400,156,94,9,230,3,333,77,100,78,440,172,265,199,197,107,161,317,261,264,266,336,129,58,160,126,229,7,155,112,236,340,95,237,238,154,119,128,223,159,122,273,158,8,127,116,193,140,91,118,168,4,169,6,142,138,120,123,135,132,104,358,97,137,133,136,124,106,108,139,111,141,113,131,117,92,313,411,318,341,61,105,319,99,342,274,54,315,408,314,344,60,148,62,320,267,356,268,96,316,18,153,351,114,412,121,134,413,57,125,231,130,115,110,5,56,67,271,72,191,65,277,87,355,89,68,76,17,71,377,370,374,346,275,74,276,371,367,55,73,152,357,109,75,335,59,196,343,194,195,63,220,215,33,70,347,166,173,64,170,34,143,401,354,144,149,151,353,222,150,407,406,163,405,227,190,192,226,233,228,221,82,225,234,235,352,366,85,84,83,232,176,303,53,350,86,365,177,189,364,345,362,219,363,167,302,175,14,81,11,10,13,32,174,31,180,80,349,181,12,348,217,218,216,188,361,183,481,179,79,301,182,427,16,430,487,429,428,0,15,455,445,19,450,1,448,260,453,446,464,484,485,442,432,439,456,479,451,438,431,449,447,467,470,28,452,436,462,458,465,473,461,422,20,476,433,488,257,468,256,474,477,471,459,437,454,517,457,509,444,423,259,258,480,486,482,483,506,187,508,359,21,185,22,186,23,184,24,25,360,26,498,528,30,425,29,27,489,324,322,388,325,323,510,526,527,499,490,391,525,503,390,515,321,504,389,505,426,507,434,500,435,523,497,533,529,524,516,424,101,501,511,512,102,514,513,103,519,502,330,327,329,518,494,520,522,521,326,331,328,2,535,495,496,530,491,493,534,536,531,492,532,
402,369,403,404,309,69,241,311,250,254,305,308,310,306,253,304,255,247,252,246,251,410,243,242,248,249,240,245,466,478,244,463,368,90,475,295,419,469,472,307,312,460,417,293,297,298,376,286,421,409,375,281,287,239,300,292,290,299,443,420,338,198,373,214,211,418,415,339,209,203,269,416,157,210,202,398,204,205,201,200,208,207,291,289,288,98,206,212,213,387,50,334,88,385,372,384,280,383,414,178,263,262,393,395,52,49,337,93,272,441,146,48,171,164,332,47,381,165,392,294,285,45,386,41,44,382,397,51,284,396,378,379,380,147,46,278,283,282,270,394,296,145,36,38,224,35,37,39,279,66,40,43,162,42,399,156,400,94,9,230,3,333,77,78,100,440,172,265,199,197,161,107,317,261,264,266,336,160,58,129,126,229,7,155,112,236,340,238,237,95,119,154,128,223,159,158,122,8,273,127,193,140,116,91,118,168,4,6,169,142,135,132,104,138,123,120,358,136,133,97,137,106,124,111,139,108,113,141,131,117,92,313,318,341,61,105,411,319,274,99,54,342,315,408,344,314,148,60,62,320,356,267,316,96,268,351,18,153,121,412,57,413,114,134,231,125,115,130,56,5,110,72,271,191,67,65,87,355,277,89,68,76,71,377,374,370,17,74,346,275,276,371,55,367,152,73,357,109,75,335,59,196,194,343,63,195,220,70,215,33,166,347,173,64,170,401,143,34,354,144,149,151,222,353,407,406,150,405,163,227,233,192,190,226,221,228,225,82,235,234,352,85,83,366,84,176,53,303,232,86,350,365,177,189,345,364,219,363,167,302,362,175,14,81,11,13,32,10,80,31,174,180,181,349,12,348,217,218,216,188,361,183,481,179,301,79,182,427,16,430,487,428,429,0,15,455,445,19,450,448,1,453,260,464,484,446,485,442,432,439,479,456,438,451,431,447,449,470,467,28,436,452,465,458,462,473,422,461,20,476,488,433,257,459,471,256,437,474,477,468,454,517,457,509,259,423,444,258,482,486,480,483,506,187,508,359,21,185,186,24,23,184,22,25,360,26,498,528,30,27,425,29,324,489,322,325,323,388,526,510,527,525,503,499,390,391,490,515,321,504,505,389,426,507,500,434,435,523,497,529,533,424,524,516,101,501,512,103,513,514,102,511,519,502,330,518,327,329,520,494,521,326,522,331,2,328,534,531,536,491,535,493,492,496,495,530,532,
402,369,403,404,309,69,241,311,250,254,305,308,310,306,253,304,255,247,252,246,251,410,243,242,248,249,240,245,466,478,244,463,90,368,475,295,419,469,472,307,312,460,417,293,298,297,376,286,421,375,409,281,287,239,300,292,290,299,443,420,338,198,373,214,211,415,418,339,209,203,269,416,157,202,210,398,204,205,201,200,208,207,291,289,288,98,206,212,213,387,50,334,88,385,372,384,383,280,414,178,263,262,393,395,52,49,337,93,272,441,146,48,171,164,332,47,381,165,392,294,382,386,44,285,41,45,397,284,51,378,379,380,396,147,278,46,283,282,394,270,296,145,36,38,224,35,37,39,279,66,40,43,162,42,399,156,400,94,230,9,3,333,77,78,100,440,172,265,199,197,107,161,317,264,261,266,336,58,129,160,126,229,7,112,155,236,340,238,95,237,154,119,128,223,159,8,273,158,122,127,116,193,140,91,118,4,168,169,6,142,138,135,123,120,104,132,137,136,133,97,358,124,106,139,108,111,131,141,113,117,92,313,341,61,411,318,105,319,54,342,99,274,315,408,314,344,62,148,60,320,267,96,356,268,316,153,351,18,57,413,121,134,114,412,115,125,130,231,56,110,5,191,67,72,65,271,87,355,277,89,68,76,71,370,377,374,17,346,275,74,276,371,55,367,152,73,357,109,335,75,59,196,194,343,63,195,220,33,215,70,347,166,173,64,170,401,34,143,354,144,149,151,222,353,150,407,406,227,163,405,228,221,233,226,192,190,225,82,235,234,352,83,366,84,85,53,176,232,303,350,86,189,177,365,364,345,302,219,167,362,363,175,81,14,11,32,13,10,80,174,31,180,181,349,12,348,188,217,216,218,361,183,481,179,79,301,182,427,16,430,487,429,428,0,15,455,445,450,19,448,1,260,453,484,446,464,485,442,439,432,456,479,451,438,431,449,447,467,470,28,452,436,458,465,462,473,461,422,20,476,433,488,257,477,474,459,256,468,471,437,454,517,457,509,444,259,423,258,486,482,480,483,506,187,508,359,21,185,23,24,186,184,22,25,360,26,498,528,425,29,27,30,324,489,322,323,388,325,510,526,527,499,490,390,391,525,503,515,321,504,505,389,426,507,434,500,435,497,523,524,533,516,424,529,101,501,103,102,511,513,512,514,519,502,518,327,329,330,494,521,520,522,326,331,328,2,531,491,530,493,535,495,534,492,532,536,496,
402,369,403,404,309,69,241,311,250,254,305,308,310,306,253,304,255,247,252,246,251,410,243,242,248,249,240,245,466,478,244,463,475,368,90,295,419,469,472,307,312,460,417,293,297,298,376,286,421,375,409,281,287,239,300,292,290,299,443,420,338,198,373,214,211,418,415,339,209,203,416,269,157,202,210,398,204,205,201,200,207,208,291,289,288,98,206,212,213,50,387,334,88,385,372,384,383,280,414,178,263,262,393,395,52,49,337,93,441,272,48,146,171,164,332,47,381,165,392,294,386,45,41,382,44,285,51,397,284,380,396,378,379,147,278,46,283,282,394,270,296,36,145,38,224,37,35,39,40,66,279,43,162,42,399,156,400,94,230,9,3,333,77,100,78,440,172,265,199,197,161,107,317,264,261,266,336,58,160,129,126,229,7,155,236,112,340,238,237,95,119,154,128,223,159,122,8,158,273,127,140,193,116,91,118,168,4,6,169,142,138,104,120,123,135,132,97,137,133,358,136,106,124,108,111,139,141,113,131,92,313,117,341,61,318,411,105,319,99,54,342,274,408,315,344,314,62,148,60,320,96,316,356,267,268,18,153,351,114,121,413,57,134,412,231,115,125,130,110,5,56,67,65,72,271,191,87,355,277,89,76,68,370,374,377,71,17,275,346,74,276,371,367,55,73,152,357,109,75,335,59,196,194,343,63,195,220,33,70,215,166,347,64,173,170,143,401,34,354,144,151,149,353,222,406,407,150,405,163,227,226,233,221,190,228,192,82,225,234,235,352,84,366,85,83,176,232,303,53,86,350,189,365,177,364,345,363,219,362,167,302,175,81,14,11,32,10,13,31,80,174,180,181,349,12,348,218,216,217,188,361,183,179,481,301,79,182,427,16,430,487,428,429,15,0,455,445,19,450,448,1,453,260,484,446,464,485,442,439,432,479,456,438,451,431,447,449,467,470,28,436,452,458,462,465,473,461,422,20,488,433,476,257,468,459,477,471,437,256,474,454,517,457,509,423,259,444,258,482,486,480,483,506,187,508,359,21,185,22,186,23,24,184,25,360,26,528,498,425,30,27,29,489,324,322,325,323,388,526,510,527,490,525,503,390,499,391,515,321,505,504,389,507,426,434,500,435,497,523,516,533,524,424,529,101,501,102,514,103,513,511,512,519,502,330,327,329,518,494,522,521,520,326,328,2,331,493,532,496,534,491,495,536,492,531,530,535,
402,369,403,404,309,69,241,311,250,254,305,310,308,306,253,304,255,247,252,246,251,410,243,242,249,248,240,245,466,478,244,463,90,368,475,295,419,469,472,307,312,460,417,293,298,297,376,286,421,375,409,281,287,239,300,292,290,299,443,420,338,198,373,214,211,418,415,339,203,209,269,416,157,202,210,398,204,205,201,200,207,208,291,289,288,206,98,212,213,387,50,334,88,385,372,384,383,280,414,178,263,262,393,395,52,49,337,93,272,441,146,48,171,164,332,47,381,165,392,294,285,382,45,41,44,386,284,397,51,380,396,379,378,147,46,278,283,282,394,270,296,36,145,38,224,37,35,39,66,40,279,43,162,42,399,400,156,94,9,230,3,333,77,78,100,440,172,265,199,197,161,107,317,261,264,266,336,160,129,58,126,229,7,112,236,155,340,95,237,238,128,154,119,223,159,158,122,8,273,127,116,140,193,91,118,4,168,169,6,142,135,132,104,138,123,120,97,136,358,137,133,106,124,139,111,108,113,131,141,92,117,313,411,341,105,318,61,319,99,342,274,54,315,408,344,314,62,60,148,320,267,356,268,96,316,153,351,18,412,121,114,134,413,57,130,231,115,125,5,110,56,72,191,271,67,65,87,355,277,89,76,68,370,17,71,374,377,74,275,346,276,371,55,367,73,152,357,109,75,335,59,196,343,194,195,63,220,33,70,215,166,347,64,173,170,34,143,401,354,144,149,151,353,222,407,150,406,163,405,227,221,190,233,226,228,192,225,82,235,234,352,84,83,366,85,53,303,232,176,86,350,189,365,177,345,364,363,362,167,302,219,14,175,81,11,13,10,32,80,31,174,180,349,181,348,12,188,217,218,216,361,183,179,481,79,301,182,427,16,430,487,428,429,15,0,455,445,19,450,1,448,453,260,446,484,464,485,442,439,432,479,456,431,451,438,447,449,470,467,28,452,436,458,465,462,473,422,461,20,433,476,488,257,474,468,477,256,437,471,459,454,517,457,509,259,423,444,258,480,486,482,483,506,187,508,359,21,185,24,23,184,186,22,25,360,26,528,498,425,27,30,29,489,322,324,325,323,388,510,526,527,390,391,499,525,503,490,515,321,504,389,505,426,507,434,500,435,523,497,516,529,533,424,524,101,501,102,514,513,512,511,103,519,502,329,327,518,330,494,521,520,522,326,331,328,2,532,496,535,531,530,536,492,495,534,493,491,
402,369,403,404,309,69,241,311,250,254,305,308,310,306,253,304,255,247,252,246,251,410,243,242,249,248,240,245,466,478,244,463,90,368,475,295,419,469,472,307,312,460,417,293,298,297,376,286,421,375,409,281,287,239,300,292,290,299,443,420,338,198,373,214,211,415,418,339,203,209,269,416,157,210,202,204,398,205,201,200,208,207,291,289,288,98,206,212,213,50,387,334,88,385,372,384,280,383,414,178,262,263,393,395,52,49,337,93,441,272,146,48,171,164,332,47,381,392,165,294,44,285,41,45,386,382,284,397,51,379,378,396,380,147,278,46,283,282,270,394,296,145,36,38,224,37,35,39,66,279,40,43,162,42,399,400,156,94,230,9,3,333,77,100,78,440,172,265,199,197,161,107,317,264,261,266,336,58,129,160,126,229,7,236,112,155,340,238,95,237,154,128,119,223,159,8,158,122,273,127,193,140,116,91,118,168,4,6,169,142,123,104,135,120,138,132,133,97,137,136,358,124,106,139,108,111,141,131,113,117,313,92,61,105,341,411,318,319,342,54,274,99,315,408,314,344,148,60,62,320,267,316,356,96,268,153,18,351,134,412,121,57,114,413,115,125,231,130,110,5,56,271,65,72,67,191,87,277,355,89,68,76,377,71,370,374,17,346,74,275,371,276,367,55,152,73,357,109,335,75,59,196,343,194,195,63,220,215,70,33,347,166,64,173,170,34,401,143,354,144,151,149,353,222,406,407,150,405,227,163,190,221,226,228,233,192,225,82,235,234,352,85,84,366,83,53,232,303,176,86,350,177,189,365,364,345,302,167,363,362,219,81,175,14,11,10,13,32,80,174,180,31,181,349,348,12,216,217,218,188,361,183,481,179,301,79,182,427,16,430,487,429,428,0,15,455,445,450,19,1,448,260,453,484,446,464,442,485,432,439,479,456,451,438,431,449,447,470,467,28,452,436,458,465,462,473,461,422,20,433,476,488,257,471,468,256,437,474,477,459,454,517,457,509,423,444,259,258,482,486,480,483,506,187,508,359,21,185,184,186,24,22,23,25,360,26,498,528,29,30,425,27,489,324,322,388,323,325,510,526,527,490,525,499,391,503,390,515,321,504,389,505,426,507,434,500,435,523,497,529,533,424,524,516,101,501,102,514,512,103,513,511,519,502,327,329,330,518,522,520,521,326,494,331,2,328,536,492,534,531,532,530,493,496,535,491,495,
402,369,403,404,309,69,241,311,250,254,305,310,308,306,253,304,255,247,252,246,251,410,243,242,249,248,240,245,466,478,244,463,90,368,475,295,419,469,472,307,312,460,417,293,298,297,376,286,421,375,409,281,287,239,300,292,290,299,443,420,338,198,373,214,211,418,415,339,203,209,269,416,157,202,210,398,204,205,201,200,207,208,291,289,288,98,206,212,213,50,387,334,88,385,372,384,280,383,414,178,263,262,393,395,52,49,337,93,441,272,48,146,171,164,332,47,165,392,381,294,386,285,382,44,41,45,397,284,51,378,379,380,396,147,46,278,283,282,270,394,296,145,36,38,224,35,37,39,279,40,66,43,162,42,399,156,400,94,230,9,3,333,77,78,100,440,172,265,199,197,107,161,317,261,264,266,336,129,160,58,126,229,7,155,112,236,340,95,238,237,154,128,119,223,159,122,158,273,8,127,193,116,140,91,118,168,4,169,6,142,135,120,138,123,104,132,97,137,358,133,136,106,124,108,111,139,141,131,113,117,92,313,411,105,61,341,318,319,99,54,342,274,315,408,344,314,60,62,148,320,96,356,316,267,268,351,18,153,57,412,134,413,114,121,125,231,130,115,56,5,110,65,271,72,191,67,355,87,277,89,76,68,71,17,370,377,374,346,74,275,371,276,367,55,73,152,357,109,335,75,59,196,194,343,63,195,220,215,33,70,166,347,64,173,170,401,143,34,354,144,151,149,353,222,407,406,150,163,405,227,226,221,192,228,233,190,82,225,235,234,352,83,85,366,84,232,53,303,176,350,86,177,365,189,364,345,363,167,302,219,362,81,14,175,11,10,13,32,174,180,80,31,349,181,348,12,217,218,216,188,361,183,481,179,301,79,182,427,16,430,487,429,428,15,0,455,445,450,19,1,448,260,453,446,464,484,485,442,439,432,479,456,438,451,431,447,449,467,470,28,436,452,462,465,458,473,422,461,20,433,476,488,257,471,256,477,459,437,474,468,454,517,457,509,423,444,259,258,482,486,480,483,506,187,508,359,21,185,22,186,23,184,24,25,360,26,498,528,29,27,30,425,489,322,324,323,388,325,526,510,527,390,525,503,499,490,391,515,321,389,505,504,507,426,500,434,435,497,523,516,424,524,529,533,101,501,513,512,103,102,514,511,519,502,330,518,329,327,521,326,494,520,522,2,328,331,491,532,531,536,495,493,492,530,496,535,534,
402,369,403,404,309,69,241,311,250,254,305,310,308,306,253,304,255,247,252,246,251,410,243,242,249,248,240,245,466,478,244,463,475,368,90,295,419,469,472,307,312,460,417,293,298,297,376,286,421,409,375,281,287,239,300,292,290,299,443,420,338,198,373,214,211,415,418,339,209,203,269,416,157,210,202,398,204,205,201,200,207,208,291,289,288,98,206,212,213,387,50,334,88,385,372,384,280,383,414,178,262,263,393,395,52,49,337,93,441,272,48,146,171,164,332,47,165,381,392,294,382,45,41,285,44,386,284,51,397,378,379,380,396,147,46,278,283,282,394,270,296,145,36,38,224,35,37,39,66,279,40,43,162,42,399,400,156,94,9,230,3,333,77,78,100,440,172,265,199,197,107,161,317,261,264,266,336,160,129,58,126,229,7,236,112,155,340,95,238,237,128,154,119,223,159,273,158,8,122,127,193,116,140,91,118,168,4,169,6,142,120,104,138,132,135,123,358,137,136,97,133,106,124,108,139,111,113,141,131,313,92,117,105,61,411,341,318,319,99,274,54,342,408,315,314,344,60,62,148,320,268,96,356,316,267,351,18,153,412,413,114,134,57,121,115,231,130,125,5,56,110,65,271,72,67,191,87,277,355,89,76,68,377,370,374,71,17,346,74,275,371,276,367,55,152,73,357,109,335,75,59,196,194,343,195,63,220,70,33,215,347,166,64,173,170,34,143,401,354,144,151,149,353,222,407,406,150,227,405,163,221,190,233,226,192,228,82,225,234,235,352,85,366,84,83,232,176,303,53,350,86,177,365,189,364,345,302,219,362,363,167,81,14,175,11,32,10,13,31,174,80,180,181,349,12,348,218,216,217,188,361,183,179,481,301,79,182,427,16,430,487,429,428,15,0,455,445,450,19,448,1,260,453,464,446,484,485,442,439,432,456,479,431,438,451,449,447,470,467,28,436,452,462,465,458,473,422,461,20,476,488,433,257,256,459,474,471,477,437,468,454,517,457,509,259,423,444,258,486,480,482,483,506,187,508,359,21,185,186,24,22,184,23,25,360,26,528,498,425,30,29,27,489,324,322,388,323,325,510,526,527,490,391,525,503,499,390,515,321,504,389,505,426,507,434,500,435,497,523,516,424,533,529,524,501,101,511,514,512,513,103,102,519,502,518,330,327,329,494,326,520,522,521,2,328,331,496,495,492,491,531,532,534,536,530,493,535,
402,369,403,404,309,69,241,311,250,254,305,308,310,306,253,304,255,247,252,246,251,410,243,242,248,249,240,245,466,478,244,463,368,90,475,295,419,469,472,307,312,460,417,293,297,298,376,286,421,375,409,281,287,239,300,292,290,299,443,420,338,198,373,214,211,418,415,339,203,209,416,269,157,210,202,204,398,205,201,200,208,207,291,289,288,206,98,212,213,50,387,334,88,385,372,384,383,280,414,178,262,263,393,395,52,49,337,93,272,441,146,48,171,164,332,47,381,392,165,294,386,44,45,285,41,382,397,51,284,378,396,380,379,147,278,46,283,282,270,394,296,145,36,38,224,37,35,39,40,279,66,43,162,42,399,400,156,94,9,230,3,333,77,78,100,440,172,265,199,197,107,161,317,261,264,266,336,58,129,160,126,229,7,155,236,112,340,95,237,238,154,119,128,223,159,158,8,122,273,127,116,193,140,91,118,168,4,169,6,142,138,120,132,104,135,123,133,137,358,136,97,106,124,108,139,111,131,113,141,313,92,117,61,318,105,341,411,319,342,99,54,274,408,315,344,314,62,60,148,320,316,356,96,268,267,351,18,153,412,413,57,114,134,121,130,115,231,125,110,56,5,65,191,67,271,72,277,87,355,89,68,76,370,374,71,17,377,275,74,346,276,371,367,55,73,152,357,109,75,335,59,196,343,194,63,195,220,33,215,70,166,347,64,173,170,143,401,34,354,144,151,149,353,222,407,150,406,405,163,227,190,221,226,192,233,228,225,82,235,234,352,84,85,366,83,303,176,232,53,86,350,189,177,365,364,345,362,363,167,219,302,175,14,81,11,32,13,10,180,80,174,31,181,349,12,348,216,218,217,188,361,183,481,179,301,79,182,427,16,430,487,428,429,0,15,455,445,19,450,448,1,453,260,446,484,464,485,442,432,439,456,479,438,451,431,449,447,467,470,28,452,436,458,465,462,473,422,461,20,488,433,476,257,474,459,437,477,468,471,256,454,517,457,509,423,259,444,258,486,482,480,483,506,187,508,359,21,185,22,184,186,23,24,25,360,26,498,528,27,30,29,425,324,322,489,388,323,325,526,510,527,525,391,503,490,499,390,515,321,389,505,504,426,507,434,500,435,497,523,524,424,529,516,533,501,101,513,512,511,514,103,102,519,502,518,327,330,329,522,520,326,494,521,328,2,331,532,536,492,530,534,535,493,496,495,531,491,
402,369,403,404,309,69,241,311,250,254,305,308,310,306,253,304,255,247,252,246,251,410,243,242,249,248,240,245,466,478,244,463,475,90,368,295,419,469,472,307,312,460,417,293,297,298,376,286,421,375,409,281,287,239,300,292,290,299,443,420,338,198,373,214,211,418,415,339,203,209,269,416,157,210,202,398,204,205,201,200,207,208,291,289,288,206,98,212,213,50,387,334,88,385,372,384,383,280,414,178,263,262,393,395,52,49,337,93,272,441,48,146,171,164,332,47,165,381,392,294,382,386,285,41,44,45,51,397,284,396,380,379,378,147,278,46,283,282,394,270,296,36,145,38,224,35,37,39,40,66,279,43,162,42,399,156,400,94,230,9,3,333,77,78,100,440,172,265,199,197,161,107,317,264,261,266,336,160,129,58,126,229,7,236,155,112,340,95,238,237,128,154,119,223,159,158,122,8,273,127,193,116,140,91,118,4,168,6,169,142,120,135,138,132,104,123,136,137,358,97,133,106,124,111,108,139,113,141,131,313,117,92,341,318,411,105,61,319,99,54,342,274,315,408,344,314,148,60,62,320,267,268,316,96,356,351,153,18,114,413,134,412,121,57,130,125,231,115,5,110,56,65,191,271,67,72,277,355,87,89,68,76,71,17,370,374,377,346,74,275,371,276,367,55,73,152,357,109,75,335,59,196,343,194,63,195,220,215,70,33,166,347,64,173,170,143,401,34,354,144,149,151,222,353,406,407,150,405,163,227,226,221,190,233,192,228,225,82,235,234,352,366,85,83,84,176,232,53,303,86,350,365,177,189,364,345,362,363,302,219,167,14,175,81,11,13,32,10,80,180,31,174,349,181,348,12,217,216,218,188,361,183,179,481,79,301,182,427,16,430,487,428,429,0,15,455,445,450,19,1,448,453,260,484,464,446,485,442,439,432,479,456,451,438,431,449,447,467,470,28,436,452,465,458,462,473,461,422,20,433,476,488,257,474,471,256,468,437,477,459,454,517,457,509,259,444,423,258,486,482,480,483,506,187,508,359,21,185,24,23,184,22,186,25,360,26,498,528,29,425,30,27,489,322,324,325,323,388,526,510,527,390,503,499,391,490,525,515,321,504,505,389,426,507,500,434,435,523,497,516,524,529,533,424,501,101,512,514,513,511,102,103,519,502,330,327,329,518,520,326,521,494,522,331,2,328,493,534,495,531,491,530,536,496,492,535,532,
402,369,403,404,309,69,241,311,250,254,305,308,310,306,253,304,255,247,252,246,251,410,243,242,249,248,240,245,466,478,244,463,90,368,475,295,419,469,472,307,312,460,417,293,298,297,376,286,421,375,409,281,287,239,300,292,290,299,443,420,338,198,373,214,211,415,418,339,203,209,416,269,157,210,202,204,398,205,201,200,207,208,291,289,288,206,98,212,213,50,387,334,88,385,372,384,280,383,414,178,263,262,393,395,52,49,337,93,441,272,146,48,171,164,332,47,381,392,165,294,386,45,382,285,41,44,397,284,51,380,379,396,378,147,46,278,283,282,394,270,296,36,145,38,224,35,37,39,66,279,40,43,162,42,399,400,156,94,9,230,3,333,77,100,78,440,172,265,199,197,107,161,317,264,261,266,336,160,58,129,126,229,7,155,236,112,340,237,95,238,119,128,154,223,159,158,122,8,273,127,193,116,140,91,118,168,4,6,169,142,120,104,138,132,135,123,137,97,133,358,136,106,124,111,108,139,113,141,131,313,117,92,411,318,341,61,105,319,274,99,342,54,315,408,344,314,62,148,60,320,356,316,268,96,267,18,351,153,114,412,134,57,413,121,115,130,125,231,56,5,110,191,67,72,271,65,277,87,355,89,68,76,17,377,370,374,71,346,74,275,276,371,367,55,73,152,357,109,75,335,59,196,194,343,63,195,220,33,215,70,166,347,173,64,170,143,401,34,354,144,151,149,222,353,407,150,406,405,163,227,233,226,221,192,228,190,225,82,235,234,352,85,366,83,84,176,232,303,53,350,86,189,177,365,345,364,219,362,167,302,363,81,175,14,11,10,13,32,180,31,80,174,181,349,348,12,218,188,217,216,361,183,481,179,301,79,182,427,16,430,487,428,429,15,0,455,445,19,450,1,448,453,260,484,464,446,442,485,439,432,479,456,431,438,451,449,447,470,467,28,436,452,458,462,465,473,422,461,20,488,433,476,257,471,459,437,474,256,477,468,454,517,457,509,259,423,444,258,482,480,486,483,506,187,508,359,21,185,22,186,184,24,23,25,360,26,498,528,27,30,425,29,324,322,489,325,388,323,510,526,527,390,499,391,490,503,525,515,321,389,504,505,507,426,500,434,435,523,497,529,533,524,516,424,101,501,511,514,102,512,513,103,519,502,327,329,518,330,521,522,326,520,494,328,2,331,495,493,534,535,532,530,492,496,536,531,491,
402,369,403,404,309,69,241,311,250,254,305,310,308,306,253,304,255,247,252,246,251,410,243,242,249,248,240,245,466,478,244,463,90,368,475,295,419,469,472,307,312,460,417,293,298,297,376,286,421,409,375,281,287,239,300,292,290,299,443,420,338,198,373,214,211,418,415,339,203,209,416,269,157,210,202,204,398,205,201,200,207,208,291,289,288,98,206,212,213,50,387,334,88,385,372,384,383,280,414,178,262,263,393,395,52,49,337,93,441,272,146,48,171,164,332,47,165,392,381,294,44,41,45,285,382,386,397,284,51,378,396,379,380,147,46,278,283,282,394,270,296,36,145,38,224,37,35,39,279,66,40,43,162,42,399,400,156,94,230,9,3,333,77,78,100,440,172,265,199,197,107,161,317,264,261,266,336,58,160,129,126,229,7,236,155,112,340,237,238,95,154,128,119,223,159,273,8,158,122,127,193,116,140,91,118,168,4,6,169,142,104,120,132,123,138,135,97,137,136,358,133,106,124,111,108,139,113,141,131,313,117,92,61,318,341,105,411,319,274,54,99,342,408,315,344,314,62,148,60,320,267,316,356,96,268,18,351,153,114,413,57,134,412,121,115,125,231,130,56,110,5,271,72,191,67,65,277,87,355,89,76,68,370,71,377,374,17,275,74,346,276,371,55,367,73,152,357,109,335,75,59,196,194,343,195,63,220,215,70,33,347,166,173,64,170,34,143,401,354,144,149,151,222,353,406,407,150,405,227,163,192,233,228,226,190,221,82,225,234,235,352,366,83,85,84,303,232,176,53,350,86,365,189,177,364,345,362,363,167,302,219,14,81,175,11,32,10,13,174,180,80,31,349,181,12,348,188,218,217,216,361,183,179,481,301,79,182,427,16,430,487,428,429,0,15,455,445,19,450,1,448,453,260,484,464,446,485,442,439,432,456,479,431,451,438,449,447,467,470,28,436,452,462,465,458,473,461,422,20,488,476,433,257,459,437,256,468,474,471,477,454,517,457,509,444,423,259,258,486,482,480,483,506,187,508,359,21,185,24,186,184,23,22,25,360,26,528,498,27,29,425,30,322,324,489,325,323,388,510,526,527,503,499,391,390,525,490,515,321,389,504,505,507,426,434,500,435,497,523,524,516,533,529,424,501,101,514,511,512,513,102,103,519,502,329,518,327,330,521,494,326,520,522,331,2,328,496,536,493,535,492,534,532,495,530,491,531,
402,369,403,404,309,69,241,311,250,254,305,310,308,306,253,304,255,247,252,246,251,410,243,242,248,249,240,245,466,478,244,463,475,368,90,295,419,469,472,307,312,460,417,293,298,297,376,286,421,409,375,281,287,239,300,292,290,299,443,420,338,198,373,214,211,418,415,339,203,209,269,416,157,210,202,204,398,205,201,200,207,208,291,289,288,206,98,212,213,387,50,334,88,385,372,384,280,383,414,178,262,263,393,395,52,49,337,93,272,441,146,48,171,164,332,47,392,165,381,294,386,41,382,44,285,45,284,397,51,396,379,378,380,147,46,278,283,282,394,270,296,36,145,38,224,37,35,39,40,66,279,43,162,42,399,400,156,94,230,9,3,333,77,78,100,440,172,265,199,197,107,161,317,261,264,266,336,129,58,160,126,229,7,155,112,236,340,237,95,238,119,154,128,223,159,273,122,8,158,127,193,116,140,91,118,168,4,6,169,142,120,135,123,138,104,132,358,137,97,136,133,124,106,108,111,139,131,113,141,92,313,117,61,411,341,105,318,319,99,274,54,342,408,315,344,314,148,60,62,320,268,356,316,267,96,18,153,351,57,114,413,412,121,134,130,115,125,231,110,56,5,65,271,72,67,191,277,355,87,89,76,68,71,377,17,370,374,275,74,346,371,276,367,55,73,152,357,109,75,335,59,196,194,343,195,63,220,33,215,70,166,347,64,173,170,401,34,143,354,144,149,151,353,222,406,407,150,227,163,405,226,192,233,190,228,221,225,82,235,234,352,366,83,84,85,232,53,303,176,350,86,365,189,177,364,345,363,219,362,302,167,175,81,14,11,10,32,13,174,31,180,80,349,181,12,348,188,216,218,217,361,183,179,481,79,301,182,427,16,430,487,429,428,15,0,455,445,19,450,1,448,453,260,446,484,464,485,442,439,432,456,479,438,431,451,447,449,467,470,28,452,436,465,462,458,473,461,422,20,488,476,433,257,459,437,477,471,474,468,256,454,517,457,509,444,423,259,258,486,482,480,483,506,187,508,359,21,185,24,184,186,23,22,25,360,26,528,498,27,30,425,29,324,322,489,325,388,323,510,526,527,525,503,390,391,490,499,515,321,389,505,504,426,507,434,500,435,497,523,533,424,524,529,516,101,501,512,514,103,102,513,511,519,502,329,518,330,327,522,521,326,520,494,2,331,328,496,530,493,492,536,535,531,495,534,532,491,
402,369,403,404,309,69,241,311,250,254,305,308,310,306,253,304,255,247,252,246,251,410,243,242,249,248,240,245,466,478,244,463,368,475,90,295,419,469,472,307,312,460,417,293,297,298,376,286,421,409,375,281,287,239,300,292,290,299,443,420,338,198,373,214,211,415,418,339,209,203,269,416,157,202,210,398,204,205,201,200,207,208,291,289,288,206,98,212,213,387,50,334,88,385,372,384,280,383,414,178,262,263,393,395,52,49,337,93,272,441,48,146,171,164,332,47,165,381,392,294,386,44,285,41,45,382,284,51,397,378,380,396,379,147,46,278,283,282,270,394,296,145,36,38,224,37,35,39,40,279,66,43,162,42,399,400,156,94,9,230,3,333,77,78,100,440,172,265,199,197,107,161,317,261,264,266,336,160,129,58,126,229,7,155,112,236,340,238,95,237,154,128,119,223,159,122,158,8,273,127,193,116,140,91,118,4,168,6,169,142,104,123,138,132,120,135,136,137,358,97,133,106,124,139,111,108,141,131,113,92,313,117,61,105,318,411,341,319,99,54,342,274,408,315,314,344,62,148,60,320,356,316,267,268,96,351,153,18,121,412,413,134,57,114,231,115,130,125,110,5,56,191,67,65,271,72,87,355,277,89,76,68,374,71,370,17,377,346,275,74,371,276,367,55,73,152,357,109,335,75,59,196,194,343,195,63,220,33,70,215,166,347,64,173,170,401,34,143,354,144,149,151,222,353,406,150,407,405,227,163,228,190,226,233,221,192,225,82,234,235,352,83,85,84,366,232,53,176,303,350,86,365,189,177,364,345,362,363,302,219,167,175,14,81,11,13,32,10,180,174,80,31,181,349,12,348,216,217,188,218,361,183,481,179,301,79,182,427,16,430,487,429,428,15,0,455,445,19,450,448,1,260,453,484,446,464,485,442,432,439,479,456,431,438,451,449,447,467,470,28,452,436,462,465,458,473,461,422,20,433,476,488,257,474,468,256,477,437,471,459,454,517,457,509,259,423,444,258,482,486,480,483,506,187,508,359,21,185,184,24,22,23,186,25,360,26,528,498,30,425,29,27,322,489,324,388,325,323,510,526,527,390,499,503,490,525,391,515,321,505,389,504,507,426,434,500,435,523,497,533,524,424,516,529,501,101,103,511,514,513,512,102,519,502,330,329,327,518,520,521,522,494,326,331,328,2,532,534,496,495,536,530,493,492,531,491,535,
402,369,403,404,309,69,241,311,250,254,305,310,308,306,253,304,255,247,252,246,251,410,243,242,249,248,240,245,466,478,244,463,368,90,475,295,419,469,472,307,312,460,417,293,298,297,376,286,421,409,375,281,287,239,300,292,290,299,443,420,338,198,373,214,211,415,418,339,209,203,269,416,157,210,202,398,204,205,201,200,208,207,291,289,288,98,206,212,213,50,387,334,88,385,372,384,383,280,414,178,263,262,393,395,52,49,337,93,272,441,48,146,171,164,332,47,381,165,392,294,41,386,44,45,382,285,397,51,284,380,378,396,379,147,46,278,283,282,394,270,296,145,36,38,224,37,35,39,279,40,66,43,162,42,399,156,400,94,9,230,3,333,77,100,78,440,172,265,199,197,161,107,317,264,261,266,336,129,58,160,126,229,7,236,112,155,340,237,238,95,154,119,128,223,159,8,158,122,273,127,193,116,140,91,118,4,168,169,6,142,132,120,104,138,123,135,133,358,97,136,137,106,124,139,108,111,113,141,131,117,313,92,105,411,318,61,341,319,274,54,342,99,408,315,344,314,148,60,62,320,267,268,96,356,316,153,351,18,134,57,114,121,412,413,231,130,125,115,5,56,110,67,271,191,65,72,355,87,277,89,68,76,370,377,71,17,374,275,346,74,276,371,55,367,152,73,357,109,335,75,59,196,343,194,63,195,220,33,215,70,166,347,64,173,170,143,34,401,354,144,149,151,222,353,406,407,150,227,405,163,190,221,228,233,192,226,82,225,235,234,352,85,366,84,83,303,232,176,53,350,86,365,177,189,345,364,362,302,363,167,219,81,14,175,11,32,10,13,31,174,80,180,181,349,348,12,216,188,218,217,361,183,179,481,79,301,182,427,16,430,487,429,428,15,0,455,445,19,450,1,448,453,260,446,484,464,442,485,439,432,456,479,438,451,431,447,449,467,470,28,452,436,462,465,458,473,422,461,20,488,433,476,257,474,437,459,468,471,256,477,454,517,457,509,259,423,444,258,486,482,480,483,506,187,508,359,21,185,23,184,22,24,186,25,360,26,528,498,27,30,425,29,324,489,322,325,388,323,526,510,527,503,490,499,390,391,525,515,321,389,504,505,426,507,434,500,435,523,497,529,533,516,424,524,501,101,103,511,102,513,512,514,519,502,330,518,327,329,522,521,326,494,520,328,331,2,531,536,496,534,495,535,530,532,493,492,491,
402,369,403,404,309,69,241,311,250,254,305,308,310,306,253,304,255,247,252,246,251,410,243,242,248,249,240,245,466,478,244,463,368,475,90,295,419,469,472,307,312,460,417,293,297,298,376,286,421,409,375,281,287,239,300,292,290,299,443,420,338,198,373,214,211,415,418,339,203,209,269,416,157,202,210,204,398,205,201,200,208,207,291,289,288,98,206,212,213,50,387,334,88,385,372,384,280,383,414,178,262,263,393,395,52,49,337,93,441,272,146,48,171,164,332,47,392,381,165,294,41,386,45,44,382,285,284,397,51,379,378,396,380,147,46,278,283,282,270,394,296,36,145,38,224,35,37,39,40,279,66,43,162,42,399,400,156,94,9,230,3,333,77,100,78,440,172,265,199,197,107,161,317,264,261,266,336,129,58,160,126,229,7,112,155,236,340,95,238,237,128,154,119,223,159,122,273,158,8,127,193,116,140,91,118,4,168,169,6,142,120,104,123,135,138,132,358,137,133,97,136,106,124,111,108,139,113,141,131,92,313,117,318,341,61,411,105,319,54,99,342,274,315,408,314,344,62,148,60,320,316,267,96,268,356,153,351,18,412,121,413,134,57,114,130,231,115,125,110,56,5,67,271,72,65,191,355,277,87,89,76,68,17,370,377,374,71,275,346,74,371,276,55,367,152,73,357,109,335,75,59,196,343,194,195,63,220,33,70,215,166,347,173,64,170,401,143,34,354,144,151,149,353,222,150,407,406,405,227,163,226,192,233,221,190,228,82,225,235,234,352,83,84,85,366,176,53,232,303,86,350,177,189,365,345,364,167,302,362,219,363,81,14,175,11,10,13,32,180,31,80,174,349,181,348,12,188,218,216,217,361,183,481,179,79,301,182,427,16,430,487,428,429,0,15,455,445,450,19,448,1,260,453,464,484,446,442,485,432,439,479,456,431,438,451,449,447,470,467,28,452,436,462,465,458,473,422,461,20,488,476,433,257,437,468,459,256,477,474,471,454,517,457,509,444,423,259,258,480,482,486,483,506,187,508,359,21,185,22,24,186,184,23,25,360,26,498,528,30,425,27,29,322,489,324,325,323,388,510,526,527,391,503,490,499,390,525,515,321,389,505,504,426,507,434,500,435,523,497,529,516,424,533,524,501,101,103,512,511,514,102,513,519,502,330,329,327,518,522,326,521,494,520,328,2,331,530,534,531,496,536,535,532,491,495,492,493,
402,369,403,404,309,69,241,311,250,254,305,308,310,306,253,304,255,247,252,246,251,410,243,242,249,248,240,245,466,478,244,463,368,475,90,295,419,469,472,307,312,460,417,293,298,297,376,286,421,375,409,281,287,239,300,292,290,299,443,420,338,198,373,214,211,415,418,339,203,209,416,269,157,210,202,398,204,205,201,200,208,207,291,289,288,206,98,212,213,50,387,334,88,385,372,384,383,280,414,178,262,263,393,395,52,49,337,93,441,272,48,146,171,164,332,47,381,392,165,294,41,285,382,44,386,45,51,284,397,378,396,380,379,147,46,278,283,282,394,270,296,145,36,38,224,37,35,39,279,66,40,43,162,42,399,156,400,94,230,9,3,333,77,78,100,440,172,265,199,197,161,107,317,261,264,266,336,129,58,160,126,229,7,236,112,155,340,237,95,238,154,128,119,223,159,8,273,122,158,127,116,140,193,91,118,4,168,6,169,142,120,138,135,132,104,123,137,136,358,133,97,124,106,108,111,139,113,141,131,92,313,117,61,341,318,411,105,319,99,54,342,274,315,408,314,344,148,62,60,320,267,356,316,268,96,351,18,153,57,114,134,412,121,413,125,130,231,115,56,110,5,271,67,72,191,65,277,87,355,89,76,68,17,377,71,374,370,275,74,346,276,371,55,367,152,73,357,109,75,335,59,196,343,194,195,63,220,215,70,33,166,347,64,173,170,143,34,401,354,144,151,149,222,353,407,406,150,405,227,163,228,226,190,221,233,192,82,225,235,234,352,85,84,83,366,303,232,176,53,350,86,365,189,177,364,345,363,302,362,167,219,14,81,175,11,10,13,32,180,80,174,31,349,181,348,12,216,188,218,217,361,183,179,481,301,79,182,427,16,430,487,429,428,15,0,455,445,19,450,448,1,453,260,464,484,446,442,485,432,439,456,479,431,451,438,449,447,470,467,28,436,452,462,458,465,473,461,422,20,476,433,488,257,459,474,477,471,437,256,468,454,517,457,509,444,423,259,258,482,480,486,483,506,187,508,359,21,185,184,186,22,23,24,25,360,26,528,498,29,425,30,27,324,322,489,325,323,388,526,510,527,391,390,503,525,490,499,515,321,504,505,389,507,426,434,500,435,497,523,524,533,516,424,529,501,101,512,511,513,514,103,102,519,502,518,327,329,330,494,520,522,521,326,331,2,328,492,496,536,495,491,534,532,530,531,493,535,
402,369,403,404,309,69,241,311,250,254,305,308,310,306,253,304,255,247,252,246,251,410,243,242,249,248,240,245,466,478,244,463,90,368,475,295,419,469,472,307,312,460,417,293,297,298,376,286,421,375,409,281,287,239,300,292,290,299,443,420,338,198,373,214,211,415,418,339,209,203,416,269,157,210,202,398,204,205,201,200,208,207,291,289,288,98,206,212,213,387,50,334,88,385,372,384,280,383,414,178,262,263,393,395,52,49,337,93,441,272,146,48,171,164,332,47,392,381,165,294,41,45,285,382,44,386,397,51,284,378,380,396,379,147,46,278,283,282,394,270,296,145,36,38,224,35,37,39,66,40,279,43,162,42,399,400,156,94,9,230,3,333,77,78,100,440,172,265,199,197,161,107,317,261,264,266,336,160,58,129,126,229,7,155,236,112,340,238,237,95,154,128,119,223,159,8,122,273,158,127,140,116,193,91,118,168,4,169,6,142,135,104,138,123,132,120,358,137,97,133,136,106,124,111,139,108,131,141,113,117,92,313,341,411,318,61,105,319,342,99,274,54,408,315,314,344,148,60,62,320,316,268,96,267,356,351,153,18,121,134,412,413,57,114,231,125,130,115,56,5,110,72,67,191,271,65,87,277,355,89,68,76,374,370,377,17,71,74,346,275,371,276,55,367,152,73,357,109,335,75,59,196,194,343,195,63,220,70,33,215,347,166,64,173,170,143,34,401,354,144,151,149,353,222,407,150,406,405,227,163,192,233,221,226,228,190,82,225,235,234,352,84,366,85,83,176,303,232,53,86,350,189,177,365,364,345,219,363,167,302,362,81,175,14,11,13,32,10,80,174,180,31,349,181,12,348,188,218,216,217,361,183,179,481,79,301,182,427,16,430,487,429,428,15,0,455,445,450,19,448,1,260,453,446,484,464,442,485,439,432,456,479,438,451,431,449,447,470,467,28,436,452,465,462,458,473,461,422,20,433,476,488,257,437,477,474,459,471,468,256,454,517,457,509,444,259,423,258,486,480,482,483,506,187,508,359,21,185,184,23,22,186,24,25,360,26,528,498,425,27,30,29,489,324,322,323,388,325,510,526,527,525,503,391,390,490,499,515,321,505,389,504,426,507,434,500,435,497,523,516,524,529,424,533,101,501,511,514,102,512,103,513,519,502,327,329,330,518,522,520,326,494,521,2,328,331,495,535,493,536,491,496,534,531,492,532,530,
402,369,403,404,309,69,241,311,250,254,305,310,308,306,253,304,255,247,252,246,251,410,243,242,248,249,240,245,466,478,244,463,475,368,90,295,419,469,472,307,312,460,417,293,297,298,376,286,421,375,409,281,287,239,300,292,290,299,443,420,338,198,373,214,211,415,418,339,203,209,269,416,157,210,202,204,398,205,201,200,207,208,291,289,288,206,98,212,213,387,50,334,88,385,372,384,280,383,414,178,263,262,393,395,52,49,337,93,272,441,48,146,171,164,332,47,381,392,165,294,382,285,45,41,386,44,51,397,284,378,379,380,396,147,278,46,283,282,394,270,296,145,36,38,224,37,35,39,40,66,279,43,162,42,399,400,156,94,230,9,3,333,77,100,78,440,172,265,199,197,107,161,317,261,264,266,336,58,160,129,126,229,7,155,236,112,340,238,95,237,128,119,154,223,159,158,8,273,122,127,193,140,116,91,118,168,4,169,6,142,123,120,138,132,104,135,136,137,97,358,133,106,124,139,108,111,113,131,141,92,117,313,61,341,105,318,411,319,342,54,99,274,408,315,314,344,62,60,148,320,268,316,356,267,96,351,153,18,114,134,57,121,412,413,130,125,115,231,5,56,110,67,271,191,65,72,277,355,87,89,68,76,377,370,71,374,17,74,346,275,276,371,55,367,73,152,357,109,335,75,59,196,343,194,63,195,220,33,70,215,166,347,173,64,170,143,34,401,354,144,149,151,222,353,406,407,150,163,405,227,228,226,221,190,192,233,225,82,234,235,352,366,85,83,84,176,303,232,53,350,86,177,189,365,364,345,302,167,362,363,219,14,81,175,11,10,32,13,180,31,80,174,349,181,12,348,218,188,216,217,361,183,481,179,301,79,182,427,16,430,487,428,429,15,0,455,445,19,450,448,1,453,260,484,464,446,485,442,432,439,479,456,451,438,431,447,449,470,467,28,452,436,458,465,462,473,461,422,20,433,488,476,257,437,468,471,459,474,477,256,454,517,457,509,423,259,444,258,482,480,486,483,506,187,508,359,21,185,186,184,23,22,24,25,360,26,528,498,30,29,425,27,322,489,324,323,325,388,510,526,527,499,525,490,390,391,503,515,321,389,504,505,507,426,500,434,435,523,497,516,533,529,524,424,501,101,511,513,514,102,103,512,519,502,327,330,329,518,522,494,521,326,520,2,328,331,534,495,535,531,532,493,491,492,496,530,536,
402,369,403,404,309,69,241,311,250,254,305,308,310,306,253,304,255,247,252,246,251,410,243,242,248,249,240,245,466,478,244,463,368,90,475,295,419,469,472,307,312,460,417,293,298,297,376,286,421,375,409,281,287,239,300,292,290,299,443,420,338,198,373,214,211,415,418,339,209,203,269,416,157,202,210,204,398,205,201,200,207,208,291,289,288,98,206,212,213,50,387,334,88,385,372,384,383,280,414,178,262,263,393,395,52,49,337,93,272,441,146,48,171,164,332,47,381,392,165,294,41,285,45,382,44,386,284,51,397,379,380,378,396,147,278,46,283,282,394,270,296,145,36,38,224,35,37,39,66,279,40,43,162,42,399,156,400,94,230,9,3,333,77,100,78,440,172,265,199,197,161,107,317,261,264,266,336,58,129,160,126,229,7,112,236,155,340,95,237,238,154,128,119,223,159,273,8,158,122,127,193,140,116,91,118,4,168,169,6,142,120,104,135,132,138,123,136,133,137,97,358,106,124,108,111,139,113,131,141,117,92,313,411,61,105,341,318,319,54,274,99,342,408,315,344,314,62,148,60,320,356,96,268,267,316,153,18,351,114,412,121,57,134,413,130,231,115,125,110,5,56,67,271,72,65,191,355,87,277,89,68,76,377,17,370,71,374,74,275,346,276,371,367,55,73,152,357,109,75,335,59,196,343,194,195,63,220,215,33,70,166,347,173,64,170,34,143,401,354,144,149,151,353,222,150,407,406,163,405,227,190,226,228,221,233,192,82,225,235,234,352,85,84,83,366,303,232,53,176,86,350,189,365,177,364,345,362,363,219,302,167,81,175,14,11,32,10,13,180,174,80,31,181,349,12,348,188,216,218,217,361,183,481,179,301,79,182,427,16,430,487,428,429,15,0,455,445,450,19,448,1,260,453,464,484,446,442,485,432,439,479,456,438,451,431,447,449,467,470,28,436,452,458,465,462,473,461,422,20,488,433,476,257,459,474,471,437,256,468,477,454,517,457,509,259,423,444,258,480,486,482,483,506,187,508,359,21,185,186,184,23,22,24,25,360,26,498,528,425,30,27,29,489,322,324,325,323,388,510,526,527,525,490,391,503,390,499,515,321,389,504,505,507,426,434,500,435,497,523,529,516,533,424,524,501,101,103,514,102,511,512,513,519,502,329,518,327,330,521,326,520,522,494,331,2,328,531,535,495,534,536,496,492,532,530,493,491,
402,369,403,404,309,69,241,311,250,254,305,310,308,306,253,304,255,247,252,246,251,410,243,242,249,248,240,245,466,478,244,463,475,90,368,295,419,469,472,307,312,460,417,293,298,297,376,286,421,375,409,281,287,239,300,292,290,299,443,420,338,198,373,214,211,415,418,339,203,209,269,416,157,202,210,204,398,205,201,200,207,208,291,289,288,98,206,212,213,387,50,334,88,385,372,384,383,280,414,178,263,262,393,395,52,49,337,93,441,272,146,48,171,164,332,47,392,381,165,294,285,382,386,45,41,44,51,284,397,380,396,379,378,147,278,46,283,282,394,270,296,145,36,38,224,35,37,39,279,40,66,43,162,42,399,156,400,94,230,9,3,333,77,100,78,440,172,265,199,197,161,107,317,261,264,266,336,129,160,58,126,229,7,112,236,155,340,237,238,95,128,119,154,223,159,122,273,8,158,127,116,140,193,91,118,4,168,169,6,142,123,104,120,138,135,132,97,133,137,358,136,124,106,139,108,111,113,141,131,92,117,313,318,341,411,105,61,319,342,99,274,54,408,315,344,314,62,148,60,320,356,96,267,316,268,351,153,18,134,121,57,114,412,413,130,231,125,115,110,56,5,191,271,72,67,65,277,355,87,89,68,76,17,374,370,71,377,275,74,346,276,371,55,367,152,73,357,109,75,335,59,196,194,343,195,63,220,215,33,70,347,166,64,173,170,34,401,143,354,144,149,151,353,222,407,406,150,227,405,163,192,190,228,226,221,233,82,225,234,235,352,85,83,366,84,232,53,176,303,350,86,365,189,177,345,364,219,362,302,167,363,81,14,175,11,10,13,32,180,174,31,80,349,181,12,348,188,216,218,217,361,183,481,179,79,301,182,427,16,430,487,429,428,0,15,455,445,450,19,448,1,260,453,484,446,464,442,485,432,439,456,479,438,451,431,449,447,470,467,28,436,452,465,458,462,473,422,461,20,488,433,476,257,471,437,474,468,459,477,256,454,517,457,509,259,444,423,258,482,480,486,483,506,187,508,359,21,185,186,22,23,184,24,25,360,26,498,528,27,30,29,425,322,324,489,388,325,323,510,526,527,499,525,490,390,391,503,515,321,505,504,389,507,426,434,500,435,497,523,529,424,524,516,533,501,101,512,102,514,513,103,511,519,502,518,330,327,329,521,494,520,522,326,2,331,328,496,530,492,491,495,536,534,531,535,532,493,
402,369,403,404,309,69,241,311,250,254,305,310,308,306,253,304,255,247,252,246,251,410,243,242,248,249,240,245,466,478,244,463,90,368,475,295,419,469,472,307,312,460,417,293,298,297,376,286,421,375,409,281,287,239,300,292,290,299,443,420,338,198,373,214,211,418,415,339,203,209,416,269,157,210,202,204,398,205,201,200,208,207,291,289,288,98,206,212,213,50,387,334,88,385,372,384,383,280,414,178,263,262,393,395,52,49,337,93,441,272,48,146,171,164,332,47,392,381,165,294,44,386,382,45,41,285,284,51,397,396,378,380,379,147,46,278,283,282,394,270,296,145,36,38,224,37,35,39,66,40,279,43,162,42,399,156,400,94,230,9,3,333,77,100,78,440,172,265,199,197,107,161,317,261,264,266,336,160,129,58,126,229,7,155,112,236,340,237,238,95,119,154,128,223,159,8,158,122,273,127,193,140,116,91,118,168,4,169,6,142,132,120,123,138,104,135,358,136,97,133,137,124,106,139,108,111,141,113,131,313,92,117,105,411,341,318,61,319,274,54,342,99,408,315,344,314,148,62,60,320,356,96,268,267,316,18,351,153,114,134,413,121,412,57,115,231,125,130,110,5,56,191,271,65,72,67,277,87,355,89,68,76,71,370,377,374,17,275,346,74,371,276,367,55,73,152,357,109,335,75,59,196,194,343,63,195,220,70,215,33,347,166,173,64,170,401,143,34,354,144,151,149,222,353,150,406,407,163,405,227,190,221,228,233,226,192,225,82,234,235,352,85,366,84,83,176,232,53,303,350,86,177,189,365,345,364,219,362,363,302,167,14,175,81,11,10,32,13,180,174,80,31,349,181,348,12,217,218,188,216,361,183,179,481,301,79,182,427,16,430,487,429,428,15,0,455,445,450,19,1,448,260,453,484,446,464,485,442,439,432,479,456,431,438,451,447,449,470,467,28,436,452,458,465,462,473,461,422,20,476,488,433,257,468,474,477,437,471,459,256,454,517,457,509,259,444,423,258,486,480,482,483,506,187,508,359,21,185,24,22,23,184,186,25,360,26,528,498,30,29,425,27,322,489,324,323,325,388,526,510,527,499,391,503,525,390,490,515,321,389,505,504,507,426,434,500,435,523,497,524,533,529,424,516,101,501,102,511,513,512,514,103,519,502,330,518,329,327,520,494,522,326,521,331,328,2,493,531,530,491,535,496,492,532,536,534,495,
402,369,403,404,309,69,241,311,250,254,305,310,308,306,253,304,255,247,252,246,251,410,243,242,249,248,240,245,466,478,244,463,368,475,90,295,419,469,472,307,312,460,417,293,297,298,376,286,421,375,409,281,287,239,300,292,290,299,443,420,338,198,373,214,211,415,418,339,209,203,416,269,157,210,202,398,204,205,201,200,208,207,291,289,288,206,98,212,213,387,50,334,88,385,372,384,280,383,414,178,263,262,393,395,52,49,337,93,441,272,48,146,171,164,332,47,165,381,392,294,386,41,44,45,285,382,51,284,397,396,380,379,378,147,46,278,283,282,394,270,296,36,145,38,224,35,37,39,40,279,66,43,162,42,399,400,156,94,230,9,3,333,77,100,78,440,172,265,199,197,161,107,317,261,264,266,336,160,129,58,126,229,7,112,155,236,340,95,238,237,119,154,128,223,159,8,158,273,122,127,116,140,193,91,118,4,168,169,6,142,138,104,120,132,123,135,358,133,137,136,97,124,106,139,108,111,141,131,113,313,92,117,318,341,411,105,61,319,274,54,342,99,408,315,314,344,62,148,60,320,316,267,356,268,96,18,351,153,413,121,134,412,114,57,115,231,125,130,56,110,5,72,65,191,271,67,277,355,87,89,68,76,370,71,374,17,377,74,275,346,276,371,55,367,73,152,357,109,75,335,59,196,343,194,63,195,220,215,33,70,347,166,173,64,170,34,143,401,354,144,151,149,222,353,150,406,407,163,405,227,226,233,228,190,221,192,225,82,234,235,352,83,85,366,84,303,53,232,176,350,86,365,189,177,345,364,219,167,362,363,302,81,175,14,11,32,10,13,174,31,180,80,349,181,348,12,218,217,188,216,361,183,481,179,79,301,182,427,16,430,487,428,429,15,0,455,445,450,19,1,448,453,260,484,464,446,485,442,432,439,479,456,438,451,431,447,449,470,467,28,452,436,465,458,462,473,461,422,20,433,488,476,257,474,471,468,477,437,459,256,454,517,457,509,259,423,444,258,480,482,486,483,506,187,508,359,21,185,24,184,22,23,186,25,360,26,498,528,30,29,425,27,322,324,489,325,388,323,526,510,527,525,390,391,503,490,499,515,321,504,505,389,507,426,500,434,435,497,523,533,424,524,529,516,101,501,512,514,103,102,511,513,519,502,518,327,330,329,494,520,521,326,522,2,331,328,491,496,535,492,536,531,534,532,530,495,493,
402,369,403,404,309,69,241,311,250,254,305,308,310,306,253,304,255,247,252,246,251,410,243,242,248,249,240,245,466,478,244,463,90,368,475,295,419,469,472,307,312,460,417,293,297,298,376,286,421,375,409,281,287,239,300,292,290,299,443,420,338,198,373,214,211,418,415,339,209,203,269,416,157,210,202,398,204,205,201,200,208,207,291,289,288,206,98,212,213,50,387,334,88,385,372,384,383,280,414,178,263,262,393,395,52,49,337,93,272,441,48,146,171,164,332,47,381,165,392,294,382,44,285,41,45,386,284,51,397,396,378,379,380,147,278,46,283,282,270,394,296,36,145,38,224,37,35,39,40,66,279,43,162,42,399,400,156,94,230,9,3,333,77,78,100,440,172,265,199,197,107,161,317,261,264,266,336,129,160,58,126,229,7,155,236,112,340,237,238,95,154,128,119,223,159,122,273,8,158,127,140,116,193,91,118,168,4,6,169,142,138,120,135,123,132,104,137,133,358,97,136,106,124,108,111,139,131,141,113,92,313,117,105,411,61,318,341,319,99,274,54,342,408,315,344,314,148,62,60,320,96,316,268,267,356,18,153,351,412,413,134,57,114,121,115,125,130,231,56,5,110,191,271,67,72,65,277,87,355,89,68,76,377,71,374,17,370,275,346,74,276,371,55,367,152,73,357,109,335,75,59,196,194,343,63,195,220,215,70,33,347,166,64,173,170,34,401,143,354,144,149,151,353,222,407,150,406,405,163,227,192,226,233,190,221,228,82,225,235,234,352,83,84,366,85,53,303,232,176,86,350,365,177,189,345,364,167,219,362,363,302,175,81,14,11,32,13,10,180,31,80,174,349,181,348,12,216,218,188,217,361,183,179,481,79,301,182,427,16,430,487,429,428,0,15,455,445,450,19,1,448,260,453,446,464,484,442,485,439,432,456,479,451,431,438,449,447,470,467,28,452,436,462,458,465,473,422,461,20,488,433,476,257,471,437,477,474,468,459,256,454,517,457,509,444,259,423,258,486,482,480,483,506,187,508,359,21,185,22,24,23,184,186,25,360,26,528,498,27,425,29,30,322,489,324,323,388,325,526,510,527,525,391,503,490,499,390,515,321,389,504,505,426,507,434,500,435,523,497,529,533,524,424,516,101,501,511,514,102,512,103,513,519,502,327,518,329,330,326,520,521,522,494,328,331,2,535,536,530,531,491,495,534,492,532,493,496,
402,369,403,404,309,69,241,311,250,254,305,308,310,306,253,304,255,247,252,246,251,410,243,242,249,248,240,245,466,478,244,463,368,475,90,295,419,469,472,307,312,460,417,293,297,298,376,286,421,409,375,281,287,239,300,292,290,299,443,420,338,198,373,214,211,418,415,339,209,203,269,416,157,210,202,398,204,205,201,200,207,208,291,289,288,98,206,212,213,50,387,334,88,385,372,384,383,280,414,178,262,263,393,395,52,49,337,93,272,441,146,48,171,164,332,47,381,392,165,294,44,45,386,41,382,285,397,284,51,380,378,396,379,147,46,278,283,282,394,270,296,36,145,38,224,37,35,39,40,279,66,43,162,42,399,156,400,94,9,230,3,333,77,100,78,440,172,265,199,197,161,107,317,264,261,266,336,129,58,160,126,229,7,112,236,155,340,238,237,95,119,128,154,223,159,122,273,8,158,127,140,116,193,91,118,168,4,6,169,142,120,132,123,138,104,135,133,97,137,358,136,124,106,139,111,108,113,141,131,313,117,92,105,341,411,318,61,319,54,342,99,274,315,408,344,314,62,60,148,320,96,316,356,268,267,351,153,18,134,57,412,114,121,413,115,125,231,130,5,56,110,67,271,191,72,65,277,87,355,89,76,68,71,17,370,377,374,275,74,346,276,371,367,55,73,152,357,109,335,75,59,196,194,343,63,195,220,70,215,33,166,347,64,173,170,34,401,143,354,144,149,151,353,222,407,406,150,227,163,405,192,190,221,228,226,233,82,225,235,234,352,83,84,366,85,232,176,53,303,86,350,189,365,177,345,364,302,363,167,362,219,81,175,14,11,13,32,10,174,180,80,31,181,349,348,12,216,218,188,217,361,183,179,481,301,79,182,427,16,430,487,428,429,0,15,455,445,19,450,448,1,260,453,484,464,446,442,485,439,432,479,456,451,438,431,449,447,467,470,28,452,436,458,462,465,473,461,422,20,488,433,476,257,477,256,468,471,459,437,474,454,517,457,509,423,444,259,258,482,480,486,483,506,187,508,359,21,185,23,24,184,186,22,25,360,26,498,528,27,30,425,29,322,489,324,323,388,325,510,526,527,391,390,499,525,490,503,515,321,389,504,505,507,426,500,434,435,523,497,524,529,533,516,424,501,101,511,513,512,514,102,103,519,502,518,327,330,329,520,522,521,326,494,328,331,2,532,535,495,491,496,492,536,493,534,530,531,
402,369,403,404,309,69,241,311,250,254,305,308,310,306,253,304,255,247,252,246,251,410,243,242,248,249,240,245,466,478,244,463,368,90,475,295,419,469,472,307,312,460,417,293,298,297,376,286,421,375,409,281,287,239,300,292,290,299,443,420,338,198,373,214,211,415,418,339,203,209,416,269,157,210,202,204,398,205,201,200,208,207,291,289,288,98,206,212,213,387,50,334,88,385,372,384,383,280,414,178,262,263,393,395,52,49,337,93,441,272,146,48,171,164,332,47,381,165,392,294,45,386,44,382,285,41,51,284,397,396,379,380,378,147,278,46,283,282,394,270,296,36,145,38,224,35,37,39,279,66,40,43,162,42,399,156,400,94,9,230,3,333,77,100,78,440,172,265,199,197,107,161,317,261,264,266,336,160,58,129,126,229,7,236,155,112,340,95,238,237,154,128,119,223,159,8,158,122,273,127,140,116,193,91,118,4,168,6,169,142,135,138,132,120,123,104,136,137,358,97,133,124,106,108,139,111,113,131,141,117,92,313,105,411,318,61,341,319,54,274,342,99,408,315,314,344,148,62,60,320,267,96,268,316,356,18,153,351,413,57,121,412,134,114,125,115,130,231,5,56,110,67,271,65,191,72,87,355,277,89,76,68,71,370,377,374,17,346,74,275,371,276,367,55,152,73,357,109,75,335,59,196,343,194,63,195,220,70,33,215,347,166,64,173,170,143,34,401,354,144,149,151,222,353,150,407,406,163,227,405,192,190,228,233,221,226,82,225,234,235,352,366,84,83,85,303,53,232,176,350,86,365,189,177,364,345,362,219,302,167,363,14,175,81,11,10,32,13,180,174,80,31,181,349,12,348,188,217,216,218,361,183,179,481,79,301,182,427,16,430,487,428,429,15,0,455,445,450,19,448,1,260,453,484,464,446,485,442,439,432,456,479,451,438,431,449,447,467,470,28,436,452,458,465,462,473,461,422,20,433,488,476,257,468,471,459,474,437,477,256,454,517,457,509,259,423,444,258,480,486,482,483,506,187,508,359,21,185,186,24,184,23,22,25,360,26,528,498,30,29,27,425,324,489,322,323,325,388,510,526,527,490,390,391,499,525,503,515,321,505,504,389,507,426,434,500,435,523,497,529,516,424,533,524,501,101,512,103,513,102,514,511,519,502,330,518,329,327,326,520,494,522,521,328,2,331,531,495,492,532,536,534,535,491,530,496,493,
402,369,403,404,309,69,241,311,250,254,305,308,310,306,253,304,255,247,252,246,251,410,243,242,248,249,240,245,466,478,244,463,368,90,475,295,419,469,472,307,312,460,417,293,297,298,376,286,421,375,409,281,287,239,300,292,290,299,443,420,338,198,373,214,211,415,418,339,209,203,416,269,157,202,210,204,398,205,201,200,208,207,291,289,288,206,98,212,213,50,387,334,88,385,372,384,383,280,414,178,263,262,393,395,52,49,337,93,441,272,146,48,171,164,332,47,381,165,392,294,44,285,386,382,41,45,284,51,397,378,380,379,396,147,278,46,283,282,394,270,296,36,145,38,224,37,35,39,279,66,40,43,162,42,399,400,156,94,9,230,3,333,77,100,78,440,172,265,199,197,161,107,317,264,261,266,336,129,160,58,126,229,7,236,155,112,340,238,95,237,128,154,119,223,159,122,273,8,158,127,193,140,116,91,118,168,4,169,6,142,132,123,104,120,135,138,137,358,136,97,133,106,124,139,108,111,141,131,113,92,313,117,105,318,411,61,341,319,342,99,274,54,315,408,344,314,60,62,148,320,96,268,356,267,316,18,153,351,134,413,412,57,121,114,125,130,115,231,5,56,110,67,271,191,72,65,277,87,355,89,68,76,370,17,71,377,374,74,346,275,371,276,55,367,152,73,357,109,75,335,59,196,194,343,63,195,220,70,33,215,166,347,173,64,170,401,34,143,354,144,149,151,222,353,150,407,406,163,227,405,226,190,228,192,221,233,225,82,235,234,352,366,85,83,84,232,176,303,53,350,86,189,365,177,364,345,219,362,363,302,167,81,14,175,11,13,10,32,80,180,174,31,181,349,348,12,216,188,217,218,361,183,481,179,79,301,182,427,16,430,487,429,428,15,0,455,445,450,19,1,448,260,453,484,446,464,442,485,439,432,456,479,438,451,431,447,449,470,467,28,452,436,458,462,465,473,461,422,20,433,488,476,257,474,477,437,256,471,468,459,454,517,457,509,259,423,444,258,480,486,482,483,506,187,508,359,21,185,186,22,23,24,184,25,360,26,528,498,29,425,30,27,324,322,489,388,325,323,526,510,527,499,490,391,525,503,390,515,321,389,505,504,426,507,434,500,435,523,497,529,516,424,533,524,101,501,514,103,512,513,102,511,519,502,518,330,329,327,520,521,494,522,326,328,331,2,491,531,536,492,535,495,493,496,534,532,530,
402,369,403,404,309,69,241,311,250,254,305,308,310,306,253,304,255,247,252,246,251,410,243,242,248,249,240,245,466,478,244,463,90,475,368,295,419,469,472,307,312,460,417,293,297,298,376,286,421,375,409,281,287,239,300,292,290,299,443,420,338,198,373,214,211,418,415,339,209,203,416,269,157,202,210,204,398,205,201,200,207,208,291,289,288,98,206,212,213,387,50,334,88,385,372,384,280,383,414,178,263,262,393,395,52,49,337,93,441,272,146,48,171,164,332,47,392,381,165,294,45,285,44,386,41,382,284,397,51,396,379,378,380,147,278,46,283,282,394,270,296,36,145,38,224,37,35,39,279,66,40,43,162,42,399,156,400,94,230,9,3,333,77,78,100,440,172,265,199,197,107,161,317,264,261,266,336,160,58,129,126,229,7,236,155,112,340,95,238,237,119,128,154,223,159,8,273,158,122,127,193,140,116,91,118,168,4,169,6,142,135,132,120,104,123,138,97,137,358,136,133,124,106,111,139,108,141,113,131,313,117,92,105,411,61,318,341,319,274,54,99,342,315,408,314,344,148,60,62,320,267,268,96,316,356,153,351,18,121,57,134,114,413,412,130,231,125,115,56,5,110,67,191,65,271,72,355,277,87,89,68,76,374,377,17,370,71,346,74,275,371,276,367,55,152,73,357,109,75,335,59,196,343,194,195,63,220,70,33,215,166,347,64,173,170,34,401,143,354,144,149,151,222,353,407,150,406,227,405,163,192,221,190,228,226,233,82,225,234,235,352,83,84,366,85,53,303,176,232,86,350,365,189,177,345,364,362,302,167,363,219,81,175,14,11,13,10,32,180,31,80,174,349,181,348,12,216,218,188,217,361,183,179,481,79,301,182,427,16,430,487,429,428,0,15,455,445,19,450,1,448,453,260,446,464,484,442,485,439,432,479,456,451,431,438,447,449,467,470,28,436,452,458,462,465,473,422,461,20,476,488,433,257,256,437,459,471,474,477,468,454,517,457,509,423,444,259,258,482,486,480,483,506,187,508,359,21,185,22,184,186,24,23,25,360,26,528,498,29,27,30,425,322,324,489,323,325,388,510,526,527,499,391,490,390,503,525,515,321,389,504,505,507,426,500,434,435,523,497,524,529,424,533,516,501,101,102,513,514,511,512,103,519,502,330,518,329,327,494,522,521,520,326,331,328,2,495,491,531,536,532,534,530,496,535,492,493,
402,369,403,404,309,69,241,311,250,254,305,308,310,306,253,304,255,247,252,246,251,410,243,242,248,249,240,245,466,478,244,463,368,475,90,295,419,469,472,307,312,460,417,293,298,297,376,286,421,409,375,281,287,239,300,292,290,299,443,420,338,198,373,214,211,418,415,339,209,203,416,269,157,210,202,398,204,205,201,200,208,207,291,289,288,206,98,212,213,50,387,334,88,385,372,384,280,383,414,178,262,263,393,395,52,49,337,93,441,272,146,48,171,164,332,47,165,392,381,294,382,44,386,45,41,285,284,51,397,379,378,380,396,147,278,46,283,282,394,270,296,145,36,38,224,37,35,39,66,279,40,43,162,42,399,156,400,94,9,230,3,333,77,100,78,440,172,265,199,197,161,107,317,261,264,266,336,129,160,58,126,229,7,112,155,236,340,238,95,237,128,119,154,223,159,158,8,122,273,127,193,140,116,91,118,168,4,169,6,142,123,104,120,135,138,132,97,137,133,358,136,124,106,111,108,139,113,141,131,92,313,117,318,411,61,341,105,319,54,274,342,99,315,408,314,344,62,60,148,320,267,356,268,96,316,18,153,351,134,121,114,412,57,413,231,130,115,125,5,110,56,65,191,271,72,67,277,87,355,89,68,76,71,374,17,377,370,275,74,346,276,371,55,367,152,73,357,109,335,75,59,196,194,343,63,195,220,70,33,215,166,347,64,173,170,143,401,34,354,144,151,149,222,353,406,407,150,163,227,405,190,221,233,228,226,192,82,225,235,234,352,85,366,83,84,232,53,303,176,350,86,177,189,365,345,364,363,167,362,219,302,14,81,175,11,32,13,10,31,180,174,80,349,181,348,12,188,218,216,217,361,183,481,179,79,301,182,427,16,430,487,428,429,0,15,455,445,19,450,1,448,453,260,464,446,484,442,485,439,432,456,479,451,431,438,447,449,467,470,28,452,436,465,462,458,473,422,461,20,433,488,476,257,468,437,256,471,459,474,477,454,517,457,509,423,259,444,258,482,486,480,483,506,187,508,359,21,185,24,22,186,184,23,25,360,26,498,528,29,425,27,30,489,322,324,325,323,388,526,510,527,391,499,490,503,390,525,515,321,389,504,505,507,426,500,434,435,497,523,533,529,424,524,516,101,501,102,513,103,512,511,514,519,502,327,330,518,329,522,521,520,494,326,328,2,331,492,496,495,531,532,535,534,530,491,536,493,
402,369,403,404,309,69,241,311,250,254,305,310,308,306,253,304,255,247,252,246,251,410,243,242,249,248,240,245,466,478,244,463,475,90,368,295,419,469,472,307,312,460,417,293,298,297,376,286,421,409,375,281,287,239,300,292,290,299,443,420,338,198,373,214,211,415,418,339,209,203,416,269,157,202,210,398,204,205,201,200,207,208,291,289,288,98,206,212,213,387,50,334,88,385,372,384,383,280,414,178,262,263,393,395,52,49,337,93,272,441,146,48,171,164,332,47,381,392,165,294,41,285,382,44,45,386,51,397,284,380,378,396,379,147,46,278,283,282,394,270,296,145,36,38,224,37,35,39,279,66,40,43,162,42,399,400,156,94,9,230,3,333,77,100,78,440,172,265,199,197,107,161,317,264,261,266,336,58,129,160,126,229,7,112,236,155,340,238,237,95,119,128,154,223,159,158,273,8,122,127,116,140,193,91,118,4,168,6,169,142,120,132,104,135,123,138,137,358,133,97,136,124,106,139,108,111,141,131,113,92,313,117,318,61,105,411,341,319,99,342,274,54,315,408,314,344,62,148,60,320,96,356,316,268,267,351,153,18,57,121,412,413,114,134,130,125,231,115,56,5,110,191,67,72,271,65,87,277,355,89,68,76,377,374,17,71,370,74,346,275,371,276,367,55,73,152,357,109,335,75,59,196,194,343,63,195,220,215,33,70,166,347,173,64,170,401,143,34,354,144,151,149,353,222,406,150,407,227,163,405,190,192,228,221,226,233,82,225,235,234,352,84,85,366,83,53,232,303,176,86,350,177,189,365,364,345,219,362,302,363,167,175,14,81,11,13,10,32,180,174,31,80,349,181,348,12,188,217,218,216,361,183,481,179,79,301,182,427,16,430,487,428,429,15,0,455,445,450,19,1,448,453,260,464,484,446,442,485,432,439,456,479,438,451,431,447,449,467,470,28,452,436,462,458,465,473,422,461,20,476,433,488,257,459,477,256,468,437,471,474,454,517,457,509,423,444,259,258,480,482,486,483,506,187,508,359,21,185,184,22,24,186,23,25,360,26,498,528,30,425,29,27,489,322,324,325,323,388,526,510,527,391,390,503,490,525,499,515,321,389,504,505,426,507,500,434,435,523,497,524,516,529,533,424,101,501,514,102,511,513,512,103,519,502,518,327,330,329,521,520,494,522,326,331,328,2,531,535,495,530,532,536,534,492,493,491,496,
402,369,403,404,309,69,241,311,250,254,305,308,310,306,253,304,255,247,252,246,251,410,243,242,248,249,240,245,466,478,244,463,368,475,90,295,419,469,472,307,312,460,417,293,298,297,376,286,421,375,409,281,287,239,300,292,290,299,443,420,338,198,373,214,211,415,418,339,203,209,416,269,157,210,202,398,204,205,201,200,207,208,291,289,288,206,98,212,213,50,387,334,88,385,372,384,280,383,414,178,263,262,393,395,52,49,337,93,441,272,48,146,171,164,332,47,392,381,165,294,382,44,285,45,41,386,397,51,284,380,378,379,396,147,278,46,283,282,270,394,296,145,36,38,224,35,37,39,66,40,279,43,162,42,399,156,400,94,9,230,3,333,77,78,100,440,172,265,199,197,107,161,317,261,264,266,336,160,58,129,126,229,7,236,112,155,340,238,95,237,154,119,128,223,159,158,273,8,122,127,193,140,116,91,118,168,4,6,169,142,138,123,104,120,135,132,137,136,358,97,133,124,106,139,108,111,141,113,131,92,117,313,61,411,341,105,318,319,99,54,342,274,315,408,344,314,148,60,62,320,267,356,268,96,316,153,351,18,134,121,412,57,114,413,231,125,130,115,5,56,110,65,72,67,191,271,355,87,277,89,76,68,17,377,71,370,374,74,275,346,276,371,55,367,152,73,357,109,75,335,59,196,194,343,195,63,220,70,215,33,166,347,64,173,170,401,143,34,354,144,149,151,353,222,406,407,150,227,405,163,190,228,233,221,226,192,225,82,235,234,352,85,83,84,366,232,303,176,53,86,350,189,365,177,345,364,302,167,362,219,363,81,175,14,11,32,10,13,180,80,31,174,349,181,348,12,216,188,217,218,361,183,481,179,301,79,182,427,16,430,487,428,429,15,0,455,445,450,19,448,1,453,260,464,446,484,442,485,439,432,456,479,451,438,431,449,447,470,467,28,436,452,465,462,458,473,422,461,20,488,433,476,257,459,437,477,468,474,471,256,454,517,457,509,423,444,259,258,486,482,480,483,506,187,508,359,21,185,24,23,184,186,22,25,360,26,498,528,29,425,27,30,324,322,489,388,325,323,510,526,527,490,390,525,499,503,391,515,321,504,389,505,426,507,434,500,435,523,497,524,529,533,424,516,101,501,102,514,103,512,511,513,519,502,329,518,327,330,521,494,326,522,520,2,328,331,495,492,493,534,531,536,496,491,532,530,535,
402,369,403,404,309,69,241,311,250,254,305,310,308,306,253,304,255,247,252,246,251,410,243,242,248,249,240,245,466,478,244,463,475,368,90,295,419,469,472,307,312,460,417,293,297,298,376,286,421,375,409,281,287,239,300,292,290,299,443,420,338,198,373,214,211,415,418,339,203,209,416,269,157,202,210,398,204,205,201,200,207,208,291,289,288,98,206,212,213,50,387,334,88,385,372,384,383,280,414,178,263,262,393,395,52,49,337,93,441,272,48,146,171,164,332,47,381,392,165,294,382,44,45,285,386,41,284,51,397,380,378,379,396,147,278,46,283,282,270,394,296,145,36,38,224,37,35,39,279,40,66,43,162,42,399,400,156,94,230,9,3,333,77,100,78,440,172,265,199,197,107,161,317,261,264,266,336,58,129,160,126,229,7,236,112,155,340,237,95,238,119,128,154,223,159,273,158,8,122,127,140,193,116,91,118,168,4,6,169,142,120,132,138,104,123,135,136,97,137,133,358,124,106,111,108,139,141,113,131,313,117,92,61,318,411,341,105,319,274,342,99,54,408,315,344,314,62,60,148,320,356,96,268,267,316,351,153,18,413,412,57,114,121,134,231,130,115,125,56,5,110,191,72,65,271,67,355,277,87,89,76,68,374,377,71,17,370,74,346,275,371,276,367,55,73,152,357,109,335,75,59,196,343,194,63,195,220,215,33,70,166,347,173,64,170,143,34,401,354,144,149,151,353,222,406,407,150,163,227,405,221,192,190,233,226,228,225,82,234,235,352,83,84,366,85,303,232,176,53,86,350,177,189,365,345,364,363,167,219,302,362,175,81,14,11,13,32,10,80,180,31,174,349,181,12,348,217,218,188,216,361,183,179,481,79,301,182,427,16,430,487,428,429,0,15,455,445,19,450,448,1,260,453,484,464,446,442,485,439,432,456,479,451,431,438,447,449,470,467,28,436,452,458,462,465,473,422,461,20,476,488,433,257,471,459,256,437,474,468,477,454,517,457,509,444,259,423,258,480,482,486,483,506,187,508,359,21,185,24,23,186,22,184,25,360,26,528,498,425,27,29,30,322,489,324,388,323,325,510,526,527,390,391,490,503,525,499,515,321,389,505,504,507,426,500,434,435,497,523,516,529,533,424,524,101,501,102,103,514,512,511,513,519,502,518,329,330,327,326,522,494,521,520,328,331,2,491,536,530,492,496,535,532,534,493,531,495,
402,369,403,404,309,69,241,311,250,254,305,310,308,306,253,304,255,247,252,246,251,410,243,242,249,248,240,245,466,478,244,463,90,368,475,295,419,469,472,307,312,460,417,293,297,298,376,286,421,375,409,281,287,239,300,292,290,299,443,420,338,198,373,214,211,415,418,339,203,209,416,269,157,202,210,204,398,205,201,200,207,208,291,289,288,206,98,212,213,50,387,334,88,385,372,384,280,383,414,178,262,263,393,395,52,49,337,93,441,272,48,146,171,164,332,47,165,392,381,294,285,382,45,386,41,44,284,397,51,378,396,379,380,147,46,278,283,282,270,394,296,145,36,38,224,37,35,39,40,66,279,43,162,42,399,156,400,94,230,9,3,333,77,78,100,440,172,265,199,197,161,107,317,264,261,266,336,160,129,58,126,229,7,112,155,236,340,95,237,238,128,154,119,223,159,273,158,8,122,127,193,116,140,91,118,168,4,6,169,142,123,132,135,120,138,104,97,358,133,137,136,124,106,111,108,139,141,113,131,92,117,313,411,61,105,341,318,319,342,54,99,274,315,408,314,344,62,148,60,320,316,356,268,96,267,351,18,153,412,134,121,413,114,57,231,130,125,115,110,5,56,67,191,271,65,72,87,277,355,89,76,68,377,17,374,71,370,346,275,74,276,371,367,55,73,152,357,109,75,335,59,196,194,343,63,195,220,70,33,215,166,347,173,64,170,143,401,34,354,144,151,149,353,222,407,150,406,163,405,227,192,226,221,228,233,190,82,225,234,235,352,84,366,85,83,53,176,232,303,86,350,189,365,177,345,364,362,219,167,363,302,14,81,175,11,32,10,13,80,174,31,180,349,181,348,12,188,216,218,217,361,183,481,179,79,301,182,427,16,430,487,429,428,0,15,455,445,450,19,448,1,260,453,484,464,446,442,485,439,432,479,456,431,438,451,449,447,470,467,28,436,452,458,465,462,473,461,422,20,433,488,476,257,468,474,477,437,459,256,471,454,517,457,509,259,444,423,258,486,480,482,483,506,187,508,359,21,185,23,184,22,186,24,25,360,26,498,528,425,29,30,27,322,324,489,325,388,323,510,526,527,390,503,525,499,391,490,515,321,504,505,389,426,507,500,434,435,523,497,529,516,524,424,533,501,101,514,512,103,102,511,513,519,502,329,327,518,330,494,521,520,326,522,328,2,331,493,492,530,495,532,534,496,535,536,491,531,
402,369,403,404,309,69,241,311,250,254,305,310,308,306,253,304,255,247,252,246,251,410,243,242,249,248,240,245,466,478,244,463,368,475,90,295,419,469,472,307,312,460,417,293,297,298,376,286,421,409,375,281,287,239,300,292,290,299,443,420,338,198,373,214,211,418,415,339,209,203,416,269,157,210,202,204,398,205,201,200,208,207,291,289,288,98,206,212,213,50,387,334,88,385,372,384,280,383,414,178,263,262,393,395,52,49,337,93,272,441,48,146,171,164,332,47,165,381,392,294,285,382,45,386,44,41,51,284,397,396,378,380,379,147,46,278,283,282,270,394,296,145,36,38,224,37,35,39,66,279,40,43,162,42,399,400,156,94,230,9,3,333,77,78,100,440,172,265,199,197,107,161,317,264,261,266,336,58,160,129,126,229,7,112,236,155,340,238,95,237,128,154,119,223,159,158,122,273,8,127,193,140,116,91,118,168,4,169,6,142,132,104,135,138,120,123,97,358,133,137,136,106,124,111,108,139,113,141,131,92,117,313,61,318,105,411,341,319,342,54,99,274,408,315,344,314,148,60,62,320,268,96,316,267,356,18,153,351,134,121,114,413,412,57,231,115,125,130,56,5,110,67,65,271,191,72,355,277,87,89,68,76,374,370,377,71,17,346,275,74,371,276,55,367,73,152,357,109,75,335,59,196,343,194,195,63,220,33,70,215,347,166,173,64,170,143,34,401,354,144,151,149,353,222,407,150,406,163,227,405,226,233,221,190,228,192,82,225,235,234,352,85,84,366,83,176,303,53,232,86,350,189,365,177,364,345,219,302,362,167,363,175,81,14,11,13,10,32,80,174,180,31,181,349,348,12,218,217,216,188,361,183,179,481,79,301,182,427,16,430,487,429,428,0,15,455,445,19,450,1,448,453,260,446,464,484,485,442,439,432,456,479,438,451,431,447,449,467,470,28,436,452,465,462,458,473,422,461,20,488,433,476,257,437,256,477,459,474,471,468,454,517,457,509,259,444,423,258,486,482,480,483,506,187,508,359,21,185,186,24,184,22,23,25,360,26,498,528,30,425,27,29,324,322,489,325,388,323,510,526,527,390,490,391,525,503,499,515,321,389,504,505,507,426,500,434,435,497,523,533,524,424,529,516,501,101,511,103,102,513,512,514,519,502,518,330,327,329,520,494,522,521,326,331,328,2,492,531,534,530,493,532,496,535,495,536,491,
402,369,403,404,309,69,241,311,250,254,305,308,310,306,253,304,255,247,252,246,251,410,243,242,249,248,240,245,466,478,244,463,475,90,368,295,419,469,472,307,312,460,417,293,298,297,376,286,421,375,409,281,287,239,300,292,290,299,443,420,338,198,373,214,211,415,418,339,203,209,269,416,157,202,210,204,398,205,201,200,207,208,291,289,288,206,98,212,213,387,50,334,88,385,372,384,280,383,414,178,263,262,393,395,52,49,337,93,441,272,48,146,171,164,332,47,165,381,392,294,45,285,41,382,44,386,284,51,397,378,380,379,396,147,278,46,283,282,394,270,296,36,145,38,224,37,35,39,40,279,66,43,162,42,399,400,156,94,230,9,3,333,77,100,78,440,172,265,199,197,107,161,317,264,261,266,336,129,58,160,126,229,7,236,155,112,340,238,95,237,154,128,119,223,159,8,122,273,158,127,116,193,140,91,118,168,4,6,169,142,120,135,123,138,132,104,358,133,97,136,137,124,106,139,108,111,131,113,141,117,92,313,318,341,411,105,61,319,99,274,342,54,315,408,344,314,62,148,60,320,267,96,268,316,356,153,18,351,121,412,114,134,413,57,231,115,125,130,56,5,110,191,65,271,72,67,87,277,355,89,76,68,17,370,377,71,374,275,74,346,371,276,367,55,152,73,357,109,335,75,59,196,194,343,63,195,220,33,70,215,347,166,173,64,170,143,34,401,354,144,151,149,353,222,150,406,407,163,405,227,233,221,192,226,228,190,225,82,235,234,352,84,366,83,85,303,53,232,176,350,86,189,177,365,345,364,167,302,219,363,362,81,175,14,11,10,13,32,80,180,31,174,349,181,12,348,217,218,216,188,361,183,481,179,301,79,182,427,16,430,487,428,429,0,15,455,445,19,450,1,448,453,260,464,446,484,442,485,439,432,479,456,438,431,451,447,449,470,467,28,436,452,458,462,465,473,422,461,20,433,488,476,257,477,256,468,474,459,437,471,454,517,457,509,444,423,259,258,486,480,482,483,506,187,508,359,21,185,186,24,23,22,184,25,360,26,528,498,425,27,29,30,322,324,489,323,388,325,526,510,527,391,390,499,490,503,525,515,321,504,505,389,507,426,434,500,435,497,523,529,533,516,524,424,501,101,102,512,513,514,511,103,519,502,327,518,329,330,522,520,494,326,521,328,331,2,492,536,534,530,532,493,491,535,496,495,531,
402,369,403,404,309,69,241,311,250,254,305,308,310,306,253,304,255,247,252,246,251,410,243,242,248,249,240,245,466,478,244,463,475,90,368,295,419,469,472,307,312,460,417,293,298,297,376,286,421,409,375,281,287,239,300,292,290,299,443,420,338,198,373,214,211,415,418,339,209,203,416,269,157,202,210,398,204,205,201,200,207,208,291,289,288,98,206,212,213,387,50,334,88,385,372,384,383,280,414,178,263,262,393,395,52,49,337,93,272,441,48,146,171,164,332,47,381,165,392,294,44,285,41,45,382,386,51,284,397,380,378,396,379,147,278,46,283,282,394,270,296,145,36,38,224,37,35,39,279,40,66,43,162,42,399,400,156,94,230,9,3,333,77,100,78,440,172,265,199,197,107,161,317,261,264,266,336,129,160,58,126,229,7,236,112,155,340,237,95,238,128,154,119,223,159,273,8,122,158,127,193,140,116,91,118,4,168,169,6,142,104,120,123,135,132,138,133,97,358,137,136,124,106,108,111,139,141,131,113,313,92,117,341,61,318,105,411,319,99,342,54,274,315,408,344,314,60,148,62,320,96,356,267,268,316,351,153,18,412,114,413,57,134,121,115,130,231,125,110,5,56,65,271,67,191,72,355,277,87,89,68,76,374,370,377,71,17,346,74,275,276,371,55,367,152,73,357,109,335,75,59,196,194,343,195,63,220,70,215,33,347,166,64,173,170,401,143,34,354,144,151,149,353,222,150,406,407,163,227,405,228,233,221,226,192,190,82,225,234,235,352,366,84,83,85,53,303,232,176,86,350,177,365,189,345,364,362,363,302,167,219,175,14,81,11,10,13,32,31,180,174,80,181,349,12,348,188,217,218,216,361,183,481,179,79,301,182,427,16,430,487,428,429,0,15,455,445,450,19,1,448,260,453,484,464,446,442,485,439,432,479,456,438,431,451,447,449,467,470,28,452,436,462,458,465,473,422,461,20,488,433,476,257,471,468,437,256,477,474,459,454,517,457,509,444,423,259,258,482,480,486,483,506,187,508,359,21,185,184,22,186,23,24,25,360,26,528,498,425,30,29,27,324,322,489,388,323,325,526,510,527,391,490,499,503,390,525,515,321,389,505,504,507,426,500,434,435,523,497,533,529,516,424,524,501,101,102,513,512,514,511,103,519,502,327,329,518,330,494,326,521,520,522,331,328,2,535,530,491,493,495,536,492,534,532,496,531,
402,369,403,404,309,69,241,311,250,254,305,310,308,306,253,304,255,247,252,246,251,410,243,242,249,248,240,245,466,478,244,463,368,475,90,295,419,469,472,307,312,460,417,293,297,298,376,286,421,375,409,281,287,239,300,292,290,299,443,420,338,198,373,214,211,415,418,339,203,209,416,269,157,202,210,204,398,205,201,200,207,208,291,289,288,98,206,212,213,50,387,334,88,385,372,384,383,280,414,178,262,263,393,395,52,49,337,93,441,272,146,48,171,164,332,47,392,381,165,294,382,386,41,285,44,45,51,397,284,380,396,379,378,147,46,278,283,282,394,270,296,145,36,38,224,37,35,39,40,66,279,43,162,42,399,156,400,94,9,230,3,333,77,78,100,440,172,265,199,197,161,107,317,261,264,266,336,129,160,58,126,229,7,155,112,236,340,237,238,95,128,154,119,223,159,273,158,8,122,127,116,140,193,91,118,4,168,169,6,142,138,120,132,104,135,123,97,136,137,133,358,124,106,111,139,108,131,141,113,92,313,117,61,105,318,411,341,319,99,342,54,274,315,408,344,314,62,148,60,320,96,356,267,316,268,153,18,351,134,57,114,412,121,413,130,115,231,125,110,56,5,191,72,65,67,271,87,355,277,89,68,76,370,17,71,377,374,346,275,74,276,371,55,367,73,152,357,109,335,75,59,196,343,194,195,63,220,33,215,70,347,166,173,64,170,34,143,401,354,144,149,151,353,222,150,407,406,163,227,405,221,226,192,228,190,233,82,225,235,234,352,83,85,84,366,232,53,176,303,350,86,189,177,365,345,364,362,167,302,219,363,175,14,81,11,13,10,32,174,180,80,31,181,349,12,348,218,217,216,188,361,183,179,481,301,79,182,427,16,430,487,428,429,15,0,455,445,450,19,1,448,453,260,484,446,464,442,485,439,432,479,456,451,438,431,447,449,470,467,28,436,452,458,462,465,473,461,422,20,433,488,476,257,437,459,468,474,256,471,477,454,517,457,509,259,423,444,258,486,482,480,483,506,187,508,359,21,185,22,23,24,186,184,25,360,26,528,498,27,425,30,29,324,489,322,325,323,388,526,510,527,490,499,390,503,391,525,515,321,505,504,389,426,507,500,434,435,523,497,524,529,424,516,533,101,501,103,511,102,512,514,513,519,502,518,329,327,330,520,494,326,521,522,331,328,2,534,535,495,530,536,496,491,532,531,493,492,
402,369,403,404,309,69,241,311,250,254,305,308,310,306,253,304,255,247,252,246,251,410,243,242,248,249,240,245,466,478,244,463,90,475,368,295,419,469,472,307,312,460,417,293,297,298,376,286,421,375,409,281,287,239,300,292,290,299,443,420,338,198,373,214,211,418,415,339,209,203,416,269,157,202,210,398,204,205,201,200,207,208,291,289,288,98,206,212,213,387,50,334,88,385,372,384,383,280,414,178,262,263,393,395,52,49,337,93,441,272,146,48,171,164,332,47,381,165,392,294,41,44,382,285,386,45,51,284,397,378,396,380,379,147,46,278,283,282,394,270,296,145,36,38,224,37,35,39,66,279,40,43,162,42,399,156,400,94,230,9,3,333,77,100,78,440,172,265,199,197,161,107,317,264,261,266,336,129,58,160,126,229,7,236,155,112,340,237,95,238,154,119,128,223,159,158,273,8,122,127,193,116,140,91,118,4,168,169,6,142,138,120,123,104,135,132,97,358,137,133,136,106,124,111,108,139,141,113,131,92,117,313,341,61,411,105,318,319,342,99,274,54,315,408,314,344,62,148,60,320,316,268,96,356,267,351,153,18,413,114,412,134,57,121,125,130,115,231,56,110,5,271,67,72,191,65,355,87,277,89,76,68,370,71,377,374,17,275,74,346,276,371,55,367,73,152,357,109,335,75,59,196,194,343,63,195,220,70,33,215,347,166,173,64,170,143,34,401,354,144,151,149,222,353,150,407,406,405,227,163,226,228,233,190,221,192,82,225,234,235,352,366,84,83,85,176,53,232,303,86,350,189,177,365,345,364,363,362,302,167,219,81,175,14,11,13,10,32,180,174,31,80,181,349,348,12,218,217,216,188,361,183,179,481,301,79,182,427,16,430,487,429,428,15,0,455,445,19,450,1,448,260,453,484,464,446,442,485,439,432,479,456,431,451,438,447,449,467,470,28,436,452,462,458,465,473,422,461,20,433,488,476,257,471,459,256,468,474,437,477,454,517,457,509,423,444,259,258,482,486,480,483,506,187,508,359,21,185,186,24,22,184,23,25,360,26,498,528,27,29,30,425,324,322,489,325,388,323,510,526,527,390,525,503,499,391,490,515,321,389,504,505,507,426,434,500,435,523,497,516,524,424,533,529,501,101,103,512,511,513,102,514,519,502,330,327,329,518,494,522,326,521,520,331,328,2,535,536,493,532,492,491,496,530,534,495,531,
402,369,403,404,309,69,241,311,250,254,305,310,308,306,253,304,255,247,252,246,251,410,243,242,248,249,240,245,466,478,244,463,90,368,475,295,419,469,472,307,312,460,417,293,298,297,376,286,421,375,409,281,287,239,300,292,290,299,443,420,338,198,373,214,211,415,418,339,203,209,269,416,157,202,210,398,204,205,201,200,207,208,291,289,288,206,98,212,213,50,387,334,88,385,372,384,383,280,414,178,263,262,393,395,52,49,337,93,441,272,146,48,171,164,332,47,165,392,381,294,45,285,44,41,382,386,284,51,397,380,379,396,378,147,278,46,283,282,394,270,296,36,145,38,224,37,35,39,279,40,66,43,162,42,399,400,156,94,230,9,3,333,77,100,78,440,172,265,199,197,161,107,317,261,264,266,336,160,129,58,126,229,7,112,236,155,340,238,237,95,128,154,119,223,159,8,273,122,158,127,193,116,140,91,118,168,4,169,6,142,132,123,138,135,104,120,358,136,97,133,137,106,124,111,108,139,131,141,113,92,117,313,61,341,411,105,318,319,342,99,274,54,315,408,314,344,60,62,148,320,356,268,96,316,267,153,18,351,121,114,57,412,413,134,125,231,130,115,5,56,110,271,67,191,65,72,277,355,87,89,68,76,71,374,377,370,17,275,346,74,276,371,55,367,152,73,357,109,335,75,59,196,343,194,195,63,220,215,70,33,166,347,173,64,170,143,34,401,354,144,151,149,353,222,150,406,407,163,405,227,228,221,233,190,192,226,82,225,234,235,352,85,366,84,83,232,303,176,53,86,350,365,177,189,345,364,362,302,219,167,363,175,81,14,11,13,10,32,80,31,174,180,349,181,12,348,218,217,216,188,361,183,179,481,79,301,182,427,16,430,487,429,428,15,0,455,445,19,450,448,1,260,453,484,446,464,485,442,439,432,479,456,438,451,431,449,447,467,470,28,436,452,465,458,462,473,422,461,20,433,476,488,257,474,471,459,468,477,256,437,454,517,457,509,444,423,259,258,486,480,482,483,506,187,508,359,21,185,184,23,24,186,22,25,360,26,498,528,27,29,425,30,324,322,489,325,388,323,510,526,527,490,503,499,391,525,390,515,321,504,389,505,507,426,500,434,435,497,523,529,424,533,524,516,501,101,514,511,103,512,513,102,519,502,327,518,329,330,520,522,521,326,494,2,331,328,495,496,535,534,531,532,536,493,491,530,492,
402,369,403,404,309,69,241,311,250,254,305,310,308,306,253,304,255,247,252,246,251,410,243,242,248,249,240,245,466,478,244,463,475,368,90,295,419,469,472,307,312,460,417,293,297,298,376,286,421,375,409,281,287,239,300,292,290,299,443,420,338,198,373,214,211,418,415,339,209,203,416,269,157,202,210,204,398,205,201,200,207,208,291,289,288,206,98,212,213,387,50,334,88,385,372,384,383,280,414,178,263,262,393,395,52,49,337,93,272,441,48,146,171,164,332,47,392,165,381,294,386,45,382,285,44,41,397,51,284,396,379,378,380,147,278,46,283,282,270,394,296,145,36,38,224,37,35,39,66,40,279,43,162,42,399,156,400,94,9,230,3,333,77,100,78,440,172,265,199,197,161,107,317,261,264,266,336,129,58,160,126,229,7,112,155,236,340,95,237,238,154,128,119,223,159,122,158,273,8,127,116,140,193,91,118,168,4,169,6,142,135,104,138,120,132,123,97,358,136,137,133,106,124,111,139,108,113,131,141,92,117,313,341,61,411,105,318,319,274,54,342,99,408,315,314,344,60,148,62,320,268,267,356,96,316,351,153,18,134,412,121,57,413,114,231,125,130,115,110,5,56,72,65,67,271,191,277,87,355,89,76,68,17,370,374,377,71,74,346,275,276,371,367,55,152,73,357,109,335,75,59,196,194,343,63,195,220,33,70,215,166,347,64,173,170,143,34,401,354,144,151,149,222,353,406,150,407,405,163,227,192,233,221,226,190,228,225,82,235,234,352,85,83,366,84,232,303,53,176,86,350,365,177,189,364,345,219,167,363,302,362,14,175,81,11,13,10,32,174,80,31,180,349,181,12,348,188,218,216,217,361,183,481,179,79,301,182,427,16,430,487,429,428,0,15,455,445,450,19,448,1,260,453,446,484,464,442,485,439,432,456,479,431,451,438,447,449,470,467,28,436,452,458,462,465,473,461,422,20,433,488,476,257,474,256,477,437,459,471,468,454,517,457,509,259,444,423,258,482,480,486,483,506,187,508,359,21,185,23,186,184,24,22,25,360,26,528,498,29,30,425,27,324,489,322,325,388,323,526,510,527,490,503,499,390,525,391,515,321,505,504,389,507,426,500,434,435,523,497,529,524,424,516,533,101,501,511,103,102,512,514,513,519,502,327,330,518,329,522,326,520,494,521,328,331,2,535,532,492,531,496,491,495,530,536,534,493,
402,369,403,404,309,69,241,311,250,254,305,308,310,306,253,304,255,247,252,246,251,410,243,242,248,249,240,245,466,478,244,463,475,368,90,295,419,469,472,307,312,460,417,293,297,298,376,286,421,375,409,281,287,239,300,292,290,299,443,420,338,198,373,214,211,418,415,339,203,209,269,416,157,210,202,398,204,205,201,200,208,207,291,289,288,206,98,212,213,387,50,334,88,385,372,384,280,383,414,178,262,263,393,395,52,49,337,93,441,272,48,146,171,164,332,47,381,165,392,294,41,44,386,45,382,285,284,397,51,380,379,396,378,147,46,278,283,282,394,270,296,36,145,38,224,37,35,39,66,279,40,43,162,42,399,156,400,94,230,9,3,333,77,100,78,440,172,265,199,197,161,107,317,264,261,266,336,129,160,58,126,229,7,112,155,236,340,95,237,238,128,119,154,223,159,122,158,8,273,127,116,193,140,91,118,4,168,6,169,142,120,138,123,135,132,104,136,97,358,133,137,106,124,139,108,111,113,141,131,117,313,92,341,61,318,105,411,319,342,99,274,54,315,408,344,314,62,60,148,320,316,267,96,268,356,153,18,351,134,114,57,121,413,412,115,231,125,130,56,110,5,271,67,191,72,65,277,355,87,89,68,76,71,370,17,377,374,346,275,74,371,276,55,367,152,73,357,109,75,335,59,196,343,194,195,63,220,33,70,215,347,166,173,64,170,401,34,143,354,144,149,151,353,222,407,406,150,227,405,163,190,192,226,228,233,221,82,225,235,234,352,366,85,84,83,303,53,176,232,350,86,177,189,365,345,364,167,302,363,219,362,14,175,81,11,10,13,32,180,80,174,31,181,349,12,348,216,188,217,218,361,183,179,481,301,79,182,427,16,430,487,428,429,0,15,455,445,450,19,1,448,453,260,446,484,464,442,485,439,432,479,456,431,438,451,449,447,467,470,28,452,436,462,458,465,473,461,422,20,433,488,476,257,256,459,468,437,474,477,471,454,517,457,509,259,444,423,258,486,480,482,483,506,187,508,359,21,185,22,24,184,23,186,25,360,26,528,498,29,27,425,30,489,322,324,388,323,325,526,510,527,499,490,525,390,391,503,515,321,389,504,505,507,426,434,500,435,523,497,533,529,424,524,516,501,101,102,513,514,512,511,103,519,502,330,329,327,518,520,522,521,326,494,328,331,2,491,496,493,535,536,531,534,532,530,495,492,
402,369,403,404,309,69,241,311,250,254,305,308,310,306,253,304,255,247,252,246,251,410,243,242,248,249,240,245,466,478,244,463,90,368,475,295,419,469,472,307,312,460,417,293,297,298,376,286,421,409,375,281,287,239,300,292,290,299,443,420,338,198,373,214,211,418,415,339,203,209,269,416,157,202,210,398,204,205,201,200,208,207,291,289,288,206,98,212,213,50,387,334,88,385,372,384,383,280,414,178,263,262,393,395,52,49,337,93,272,441,48,146,171,164,332,47,392,165,381,294,386,41,382,45,285,44,397,284,51,380,396,378,379,147,46,278,283,282,270,394,296,36,145,38,224,35,37,39,279,66,40,43,162,42,399,156,400,94,9,230,3,333,77,78,100,440,172,265,199,197,107,161,317,264,261,266,336,58,129,160,126,229,7,155,112,236,340,95,238,237,119,128,154,223,159,8,122,158,273,127,193,140,116,91,118,168,4,6,169,142,104,138,120,135,123,132,136,97,137,358,133,124,106,139,111,108,131,113,141,313,117,92,411,318,105,341,61,319,99,54,274,342,408,315,314,344,148,62,60,320,96,316,267,356,268,153,351,18,121,57,134,412,413,114,115,231,130,125,5,56,110,67,191,72,271,65,277,87,355,89,76,68,370,374,17,377,71,275,74,346,371,276,367,55,73,152,357,109,75,335,59,196,343,194,63,195,220,70,215,33,166,347,64,173,170,143,34,401,354,144,151,149,353,222,406,150,407,405,163,227,190,192,228,233,226,221,225,82,234,235,352,83,85,366,84,53,176,232,303,86,350,365,189,177,364,345,302,167,362,363,219,175,14,81,11,13,10,32,180,174,80,31,181,349,348,12,217,188,216,218,361,183,481,179,79,301,182,427,16,430,487,428,429,15,0,455,445,19,450,448,1,260,453,464,484,446,442,485,432,439,479,456,438,431,451,447,449,467,470,28,452,436,458,465,462,473,422,461,20,476,488,433,257,474,471,256,459,468,437,477,454,517,457,509,423,444,259,258,480,482,486,483,506,187,508,359,21,185,184,22,24,23,186,25,360,26,498,528,425,27,29,30,322,324,489,388,325,323,510,526,527,391,503,490,525,390,499,515,321,504,505,389,426,507,500,434,435,523,497,533,516,424,524,529,101,501,511,512,103,102,513,514,519,502,330,327,518,329,494,326,520,522,521,2,331,328,531,493,534,535,492,491,495,496,530,532,536,
402,369,403,404,309,69,241,311,250,254,305,308,310,306,253,304,255,247,252,246,251,410,243,242,248,249,240,245,466,478,244,463,368,90,475,295,419,469,472,307,312,460,417,293,298,297,376,286,421,409,375,281,287,239,300,292,290,299,443,420,338,198,373,214,211,415,418,339,209,203,416,269,157,210,202,398,204,205,201,200,208,207,291,289,288,206,98,212,213,50,387,334,88,385,372,384,383,280,414,178,262,263,393,395,52,49,337,93,441,272,146,48,171,164,332,47,392,165,381,294,386,44,45,382,285,41,397,51,284,379,380,378,396,147,46,278,283,282,270,394,296,36,145,38,224,35,37,39,66,279,40,43,162,42,399,156,400,94,9,230,3,333,77,100,78,440,172,265,199,197,161,107,317,261,264,266,336,129,160,58,126,229,7,236,155,112,340,95,237,238,119,128,154,223,159,273,8,158,122,127,140,116,193,91,118,168,4,6,169,142,123,135,138,132,104,120,133,136,358,137,97,124,106,139,108,111,131,141,113,117,313,92,61,318,411,341,105,319,342,99,54,274,315,408,344,314,148,60,62,320,96,356,268,316,267,153,351,18,121,413,57,134,412,114,115,231,125,130,56,110,5,65,67,72,191,271,355,277,87,89,76,68,374,71,370,377,17,346,74,275,371,276,367,55,152,73,357,109,75,335,59,196,343,194,195,63,220,70,215,33,347,166,64,173,170,34,143,401,354,144,149,151,222,353,150,407,406,163,227,405,233,228,192,226,190,221,225,82,234,235,352,84,366,85,83,53,232,303,176,86,350,189,365,177,345,364,302,363,167,362,219,81,175,14,11,13,10,32,180,174,80,31,181,349,348,12,218,217,188,216,361,183,481,179,79,301,182,427,16,430,487,428,429,15,0,455,445,450,19,448,1,260,453,464,484,446,442,485,432,439,479,456,438,451,431,449,447,467,470,28,436,452,458,462,465,473,461,422,20,488,476,433,257,471,459,477,468,256,474,437,454,517,457,509,444,259,423,258,486,480,482,483,506,187,508,359,21,185,23,24,22,184,186,25,360,26,528,498,30,27,29,425,489,322,324,388,323,325,526,510,527,525,499,390,490,503,391,515,321,389,504,505,507,426,500,434,435,523,497,524,424,533,529,516,101,501,102,103,512,514,511,513,519,502,329,518,330,327,521,522,494,326,520,2,328,331,492,496,534,531,493,536,535,532,495,491,530,
402,369,403,404,309,69,241,311,250,254,305,308,310,306,253,304,255,247,252,246,251,410,243,242,248,249,240,245,466,478,244,463,368,90,475,295,419,469,472,307,312,460,417,293,297,298,376,286,421,375,409,281,287,239,300,292,290,299,443,420,338,198,373,214,211,415,418,339,203,209,416,269,157,202,210,204,398,205,201,200,207,208,291,289,288,206,98,212,213,50,387,334,88,385,372,384,280,383,414,178,262,263,393,395,52,49,337,93,441,272,146,48,171,164,332,47,165,381,392,294,41,285,44,382,386,45,284,51,397,378,379,396,380,147,278,46,283,282,270,394,296,145,36,38,224,35,37,39,279,40,66,43,162,42,399,400,156,94,9,230,3,333,77,78,100,440,172,265,199,197,161,107,317,264,261,266,336,58,129,160,126,229,7,236,155,112,340,237,238,95,154,119,128,223,159,122,273,8,158,127,193,140,116,91,118,4,168,169,6,142,104,135,132,138,120,123,137,133,136,358,97,124,106,111,108,139,131,141,113,92,117,313,341,411,105,318,61,319,342,274,99,54,315,408,314,344,148,62,60,320,268,356,267,96,316,18,153,351,134,114,57,413,121,412,115,125,231,130,110,5,56,72,65,67,271,191,277,87,355,89,76,68,374,17,71,370,377,346,74,275,371,276,367,55,73,152,357,109,75,335,59,196,343,194,195,63,220,33,70,215,347,166,64,173,170,34,143,401,354,144,151,149,353,222,150,406,407,405,163,227,190,226,233,228,192,221,225,82,234,235,352,83,84,366,85,303,53,232,176,350,86,365,189,177,364,345,219,363,167,362,302,175,14,81,11,32,10,13,80,180,174,31,349,181,348,12,217,218,188,216,361,183,481,179,79,301,182,427,16,430,487,428,429,15,0,455,445,19,450,448,1,453,260,484,446,464,485,442,432,439,456,479,438,431,451,447,449,470,467,28,452,436,462,458,465,473,461,422,20,488,476,433,257,477,474,468,256,459,471,437,454,517,457,509,444,423,259,258,480,486,482,483,506,187,508,359,21,185,186,23,24,22,184,25,360,26,498,528,425,29,27,30,324,489,322,323,388,325,526,510,527,390,503,490,525,499,391,515,321,504,389,505,507,426,500,434,435,523,497,529,424,533,516,524,101,501,102,514,511,512,513,103,519,502,329,518,330,327,494,522,521,326,520,328,2,331,491,492,534,493,530,536,535,532,496,531,495,
402,369,403,404,309,69,241,311,250,254,305,310,308,306,253,304,255,247,252,246,251,410,243,242,249,248,240,245,466,478,244,463,90,368,475,295,419,469,472,307,312,460,417,293,298,297,376,286,421,375,409,281,287,239,300,292,290,299,443,420,338,198,373,214,211,418,415,339,209,203,416,269,157,202,210,204,398,205,201,200,208,207,291,289,288,98,206,212,213,387,50,334,88,385,372,384,383,280,414,178,262,263,393,395,52,49,337,93,441,272,146,48,171,164,332,47,165,381,392,294,386,44,45,41,382,285,284,51,397,379,380,378,396,147,46,278,283,282,270,394,296,36,145,38,224,35,37,39,66,40,279,43,162,42,399,400,156,94,9,230,3,333,77,78,100,440,172,265,199,197,161,107,317,261,264,266,336,129,58,160,126,229,7,112,155,236,340,95,238,237,154,119,128,223,159,122,158,273,8,127,193,116,140,91,118,4,168,6,169,142,104,123,135,138,120,132,133,97,358,137,136,106,124,108,139,111,131,141,113,313,92,117,105,341,318,61,411,319,54,342,274,99,408,315,344,314,60,62,148,320,96,316,356,267,268,153,351,18,134,412,121,413,57,114,125,130,115,231,56,5,110,191,65,72,67,271,355,87,277,89,68,76,377,374,71,370,17,346,74,275,371,276,367,55,73,152,357,109,75,335,59,196,343,194,195,63,220,70,215,33,166,347,173,64,170,34,401,143,354,144,151,149,222,353,407,150,406,405,227,163,192,226,190,228,233,221,225,82,234,235,352,366,83,85,84,176,232,53,303,86,350,365,189,177,364,345,302,363,362,167,219,175,81,14,11,32,13,10,174,31,80,180,181,349,348,12,218,216,217,188,361,183,481,179,79,301,182,427,16,430,487,429,428,0,15,455,445,450,19,1,448,453,260,446,484,464,442,485,432,439,456,479,451,438,431,447,449,470,467,28,436,452,462,465,458,473,422,461,20,476,433,488,257,468,437,471,459,474,256,477,454,517,457,509,423,259,444,258,486,482,480,483,506,187,508,359,21,185,24,184,186,23,22,25,360,26,528,498,425,27,30,29,322,489,324,323,388,325,510,526,527,499,490,391,525,503,390,515,321,504,389,505,426,507,434,500,435,497,523,533,516,424,529,524,101,501,514,103,511,102,512,513,519,502,329,327,518,330,494,520,326,522,521,2,328,331,532,534,530,531,535,496,492,536,491,493,495,
402,369,403,404,309,69,241,311,250,254,305,308,310,306,253,304,255,247,252,246,251,410,243,242,248,249,240,245,466,478,244,463,90,475,368,295,419,469,472,307,312,460,417,293,297,298,376,286,421,409,375,281,287,239,300,292,290,299,443,420,338,198,373,214,211,418,415,339,203,209,416,269,157,210,202,398,204,205,201,200,207,208,291,289,288,98,206,212,213,50,387,334,88,385,372,384,383,280,414,178,263,262,393,395,52,49,337,93,441,272,48,146,171,164,332,47,165,381,392,294,45,41,382,285,44,386,51,397,284,380,396,378,379,147,278,46,283,282,270,394,296,145,36,38,224,35,37,39,279,66,40,43,162,42,399,400,156,94,9,230,3,333,77,100,78,440,172,265,199,197,161,107,317,261,264,266,336,58,129,160,126,229,7,236,155,112,340,95,238,237,119,154,128,223,159,122,158,273,8,127,193,140,116,91,118,4,168,6,169,142,132,138,120,104,135,123,136,358,97,137,133,106,124,139,108,111,113,141,131,313,92,117,318,411,105,61,341,319,99,274,54,342,408,315,344,314,60,62,148,320,267,356,268,96,316,351,153,18,412,57,121,134,114,413,115,231,130,125,5,56,110,72,65,271,67,191,355,277,87,89,68,76,17,370,374,377,71,74,275,346,371,276,55,367,152,73,357,109,75,335,59,196,194,343,195,63,220,70,33,215,347,166,173,64,170,34,143,401,354,144,149,151,353,222,407,406,150,227,163,405,190,192,221,228,226,233,225,82,235,234,352,84,83,85,366,303,176,232,53,350,86,177,365,189,345,364,362,167,219,363,302,175,14,81,11,13,10,32,180,174,80,31,349,181,348,12,216,217,188,218,361,183,481,179,79,301,182,427,16,430,487,428,429,0,15,455,445,19,450,448,1,260,453,484,446,464,442,485,439,432,456,479,451,438,431,447,449,467,470,28,436,452,465,458,462,473,461,422,20,476,433,488,257,459,468,256,437,474,471,477,454,517,457,509,423,444,259,258,482,480,486,483,506,187,508,359,21,185,22,186,184,23,24,25,360,26,528,498,29,425,30,27,489,322,324,388,325,323,510,526,527,391,499,525,503,390,490,515,321,504,505,389,507,426,500,434,435,497,523,516,529,424,524,533,101,501,102,511,512,514,513,103,519,502,330,329,327,518,520,326,494,521,522,328,331,2,530,531,535,536,495,532,496,492,534,491,493,
402,369,403,404,309,69,241,311,250,254,305,310,308,306,253,304,255,247,252,246,251,410,243,242,248,249,240,245,466,478,244,463,475,90,368,295,419,469,472,307,312,460,417,293,297,298,376,286,421,409,375,281,287,239,300,292,290,299,443,420,338,198,373,214,211,418,415,339,209,203,416,269,157,202,210,204,398,205,201,200,207,208,291,289,288,98,206,212,213,50,387,334,88,385,372,384,383,280,414,178,262,263,393,395,52,49,337,93,272,441,48,146,171,164,332,47,392,381,165,294,41,382,386,44,285,45,397,284,51,379,378,380,396,147,278,46,283,282,394,270,296,36,145,38,224,35,37,39,66,40,279,43,162,42,399,156,400,94,230,9,3,333,77,100,78,440,172,265,199,197,161,107,317,261,264,266,336,160,129,58,126,229,7,155,236,112,340,238,95,237,119,154,128,223,159,158,273,8,122,127,116,140,193,91,118,4,168,6,169,142,104,123,132,120,135,138,133,136,97,137,358,106,124,139,111,108,113,141,131,92,313,117,105,411,318,341,61,319,99,54,274,342,408,315,314,344,148,62,60,320,267,316,356,96,268,351,153,18,134,57,121,413,412,114,115,231,130,125,56,5,110,191,72,65,271,67,277,355,87,89,76,68,17,71,370,377,374,346,74,275,371,276,367,55,152,73,357,109,335,75,59,196,194,343,63,195,220,33,70,215,166,347,64,173,170,34,143,401,354,144,149,151,222,353,150,407,406,405,227,163,192,190,226,233,228,221,82,225,235,234,352,85,366,83,84,176,303,232,53,86,350,189,177,365,345,364,167,362,219,363,302,14,81,175,11,13,32,10,180,174,80,31,349,181,348,12,216,218,217,188,361,183,179,481,79,301,182,427,16,430,487,429,428,0,15,455,445,450,19,448,1,260,453,484,446,464,485,442,432,439,456,479,438,431,451,449,447,467,470,28,452,436,462,465,458,473,461,422,20,433,488,476,257,477,437,471,459,256,474,468,454,517,457,509,444,423,259,258,486,480,482,483,506,187,508,359,21,185,184,23,24,186,22,25,360,26,498,528,29,425,30,27,489,322,324,325,388,323,510,526,527,499,503,390,490,525,391,515,321,504,389,505,426,507,500,434,435,497,523,529,516,533,524,424,101,501,513,511,514,103,512,102,519,502,329,327,518,330,522,520,326,494,521,331,2,328,535,492,495,532,493,530,536,531,496,534,491,
402,369,403,404,309,69,241,311,250,254,305,310,308,306,253,304,255,247,252,246,251,410,243,242,249,248,240,245,466,478,244,463,368,90,475,295,419,469,472,307,312,460,417,293,298,297,376,286,421,409,375,281,287,239,300,292,290,299,443,420,338,198,373,214,211,415,418,339,203,209,269,416,157,202,210,204,398,205,201,200,207,208,291,289,288,98,206,212,213,387,50,334,88,385,372,384,280,383,414,178,262,263,393,395,52,49,337,93,272,441,146,48,171,164,332,47,381,165,392,294,382,41,285,45,44,386,397,284,51,378,379,380,396,147,46,278,283,282,270,394,296,145,36,38,224,37,35,39,66,40,279,43,162,42,399,400,156,94,230,9,3,333,77,78,100,440,172,265,199,197,107,161,317,264,261,266,336,58,129,160,126,229,7,236,155,112,340,238,237,95,154,119,128,223,159,122,158,273,8,127,140,193,116,91,118,4,168,169,6,142,104,135,123,120,138,132,133,97,358,136,137,106,124,139,108,111,141,113,131,117,92,313,341,318,105,61,411,319,274,54,342,99,408,315,344,314,148,60,62,320,268,96,356,316,267,153,351,18,134,412,121,114,57,413,231,125,130,115,110,56,5,67,72,271,65,191,277,87,355,89,76,68,374,370,377,71,17,275,346,74,371,276,55,367,152,73,357,109,75,335,59,196,343,194,195,63,220,33,70,215,347,166,64,173,170,401,34,143,354,144,151,149,353,222,150,407,406,405,163,227,192,226,228,233,221,190,225,82,234,235,352,84,366,83,85,176,232,53,303,86,350,177,189,365,345,364,362,219,302,363,167,14,81,175,11,32,13,10,174,31,80,180,349,181,12,348,188,216,217,218,361,183,179,481,301,79,182,427,16,430,487,429,428,0,15,455,445,19,450,1,448,453,260,464,484,446,442,485,432,439,479,456,451,438,431,449,447,467,470,28,452,436,465,458,462,473,422,461,20,476,433,488,257,256,437,471,459,468,477,474,454,517,457,509,444,259,423,258,480,486,482,483,506,187,508,359,21,185,186,184,23,24,22,25,360,26,528,498,30,425,27,29,489,324,322,388,323,325,510,526,527,390,490,503,499,525,391,515,321,505,504,389,426,507,500,434,435,497,523,533,424,524,516,529,501,101,102,512,511,103,513,514,519,502,330,518,329,327,522,326,520,494,521,2,328,331,535,493,532,496,530,491,534,495,536,492,531,
402,369,403,404,309,69,241,311,250,254,305,310,308,306,253,304,255,247,252,246,251,410,243,242,249,248,240,245,466,478,244,463,368,90,475,295,419,469,472,307,312,460,417,293,297,298,376,286,421,375,409,281,287,239,300,292,290,299,443,420,338,198,373,214,211,418,415,339,203,209,416,269,157,202,210,204,398,205,201,200,207,208,291,289,288,98,206,212,213,387,50,334,88,385,372,384,383,280,414,178,262,263,393,395,52,49,337,93,441,272,48,146,171,164,332,47,381,392,165,294,45,386,382,44,285,41,284,51,397,378,379,380,396,147,46,278,283,282,270,394,296,145,36,38,224,35,37,39,40,279,66,43,162,42,399,156,400,94,230,9,3,333,77,100,78,440,172,265,199,197,107,161,317,264,261,266,336,58,129,160,126,229,7,112,155,236,340,238,237,95,119,128,154,223,159,122,158,273,8,127,193,140,116,91,118,168,4,6,169,142,135,138,120,132,104,123,137,358,97,136,133,106,124,139,111,108,131,113,141,313,92,117,411,61,318,341,105,319,342,54,274,99,315,408,344,314,148,60,62,320,96,268,356,267,316,18,153,351,134,413,121,412,57,114,130,125,231,115,110,56,5,65,191,67,72,271,277,355,87,89,68,76,71,377,374,17,370,346,275,74,276,371,367,55,152,73,357,109,335,75,59,196,343,194,63,195,220,33,215,70,347,166,173,64,170,34,143,401,354,144,149,151,353,222,150,406,407,227,163,405,226,233,228,190,192,221,225,82,235,234,352,84,85,83,366,53,176,232,303,350,86,189,177,365,364,345,219,362,302,167,363,175,14,81,11,32,10,13,80,180,174,31,181,349,12,348,218,216,188,217,361,183,481,179,301,79,182,427,16,430,487,429,428,0,15,455,445,19,450,1,448,260,453,484,446,464,442,485,439,432,479,456,438,451,431,447,449,467,470,28,436,452,462,465,458,473,461,422,20,488,476,433,257,256,474,437,471,468,459,477,454,517,457,509,444,259,423,258,486,480,482,483,506,187,508,359,21,185,184,186,23,24,22,25,360,26,498,528,425,27,30,29,324,322,489,323,325,388,510,526,527,525,390,490,391,499,503,515,321,504,389,505,426,507,500,434,435,497,523,424,529,533,516,524,101,501,513,514,103,102,512,511,519,502,518,330,329,327,494,326,521,522,520,328,331,2,536,493,532,535,534,496,491,531,495,492,530,
402,369,403,404,309,69,241,311,250,254,305,308,310,306,253,304,255,247,252,246,251,410,243,242,249,248,240,245,466,478,244,463,90,368,475,295,419,469,472,307,312,460,417,293,298,297,376,286,421,409,375,281,287,239,300,292,290,299,443,420,338,198,373,214,211,415,418,339,209,203,416,269,157,202,210,204,398,205,201,200,207,208,291,289,288,206,98,212,213,387,50,334,88,385,372,384,280,383,414,178,263,262,393,395,52,49,337,93,272,441,48,146,171,164,332,47,165,381,392,294,44,386,45,285,41,382,51,397,284,378,380,396,379,147,278,46,283,282,270,394,296,145,36,38,224,37,35,39,66,40,279,43,162,42,399,400,156,94,230,9,3,333,77,100,78,440,172,265,199,197,107,161,317,261,264,266,336,160,58,129,126,229,7,155,236,112,340,95,238,237,154,128,119,223,159,158,273,122,8,127,116,140,193,91,118,4,168,169,6,142,135,104,120,138,132,123,358,136,97,133,137,124,106,139,111,108,113,141,131,117,92,313,318,105,411,61,341,319,99,342,54,274,408,315,314,344,62,60,148,320,356,316,267,268,96,153,351,18,121,134,57,413,412,114,125,115,130,231,56,110,5,65,191,67,271,72,277,355,87,89,68,76,17,71,374,370,377,275,74,346,371,276,55,367,152,73,357,109,335,75,59,196,343,194,195,63,220,33,215,70,166,347,173,64,170,143,401,34,354,144,149,151,222,353,407,406,150,227,405,163,233,190,192,226,228,221,82,225,235,234,352,83,84,85,366,53,176,232,303,350,86,365,189,177,345,364,302,362,219,167,363,14,81,175,11,32,10,13,31,174,180,80,181,349,348,12,218,188,217,216,361,183,481,179,79,301,182,427,16,430,487,428,429,15,0,455,445,450,19,1,448,453,260,464,446,484,442,485,439,432,479,456,431,438,451,449,447,467,470,28,436,452,462,465,458,473,422,461,20,433,476,488,257,477,256,437,459,468,471,474,454,517,457,509,444,423,259,258,486,482,480,483,506,187,508,359,21,185,186,184,23,22,24,25,360,26,498,528,29,27,425,30,324,489,322,388,325,323,526,510,527,499,503,525,390,391,490,515,321,504,505,389,507,426,434,500,435,497,523,529,424,533,524,516,501,101,511,103,512,514,513,102,519,502,329,518,327,330,521,326,522,494,520,331,328,2,530,496,531,536,492,491,535,532,534,495,493,
402,369,403,404,309,69,241,311,250,254,305,308,310,306,253,304,255,247,252,246,251,410,243,242,248,249,240,245,466,478,244,463,368,475,90,295,419,469,472,307,312,460,417,293,298,297,376,286,421,375,409,281,287,239,300,292,290,299,443,420,338,198,373,214,211,418,415,339,209,203,269,416,157,210,202,398,204,205,201,200,207,208,291,289,288,206,98,212,213,387,50,334,88,385,372,384,383,280,414,178,262,263,393,395,52,49,337,93,272,441,146,48,171,164,332,47,165,392,381,294,41,386,285,44,382,45,284,397,51,379,380,396,378,147,46,278,283,282,270,394,296,145,36,38,224,37,35,39,66,40,279,43,162,42,399,156,400,94,230,9,3,333,77,78,100,440,172,265,199,197,107,161,317,261,264,266,336,129,58,160,126,229,7,112,236,155,340,238,237,95,119,154,128,223,159,273,122,158,8,127,140,116,193,91,118,4,168,6,169,142,104,120,123,138,132,135,97,133,137,358,136,106,124,111,108,139,113,141,131,313,117,92,318,411,61,105,341,319,54,99,274,342,408,315,344,314,148,62,60,320,268,267,96,316,356,153,351,18,57,121,412,134,413,114,115,130,231,125,5,110,56,72,191,67,271,65,355,277,87,89,76,68,377,17,71,374,370,275,346,74,276,371,367,55,152,73,357,109,75,335,59,196,343,194,63,195,220,33,215,70,166,347,173,64,170,401,143,34,354,144,151,149,222,353,407,406,150,163,405,227,233,226,221,228,190,192,225,82,235,234,352,366,85,83,84,176,232,53,303,350,86,177,365,189,345,364,167,363,362,219,302,175,14,81,11,10,13,32,31,174,80,180,349,181,348,12,218,217,216,188,361,183,179,481,79,301,182,427,16,430,487,428,429,15,0,455,445,450,19,1,448,453,260,446,484,464,485,442,432,439,479,456,431,438,451,447,449,467,470,28,436,452,458,465,462,473,461,422,20,433,476,488,257,459,437,256,474,477,468,471,454,517,457,509,444,423,259,258,480,486,482,483,506,187,508,359,21,185,24,23,184,22,186,25,360,26,528,498,27,29,30,425,322,489,324,388,323,325,526,510,527,391,525,490,503,390,499,515,321,504,389,505,426,507,500,434,435,523,497,524,516,529,424,533,501,101,514,103,513,512,511,102,519,502,327,518,330,329,522,494,520,521,326,328,331,2,530,535,493,491,531,532,495,534,536,492,496,
402,369,403,404,309,69,241,311,250,254,305,310,308,306,253,304,255,247,252,246,251,410,243,242,248,249,240,245,466,478,244,463,90,368,475,295,419,469,472,307,312,460,417,293,298,297,376,286,421,409,375,281,287,239,300,292,290,299,443,420,338,198,373,214,211,415,418,339,209,203,269,416,157,202,210,398,204,205,201,200,208,207,291,289,288,206,98,212,213,387,50,334,88,385,372,384,280,383,414,178,262,263,393,395,52,49,337,93,272,441,48,146,171,164,332,47,392,381,165,294,44,45,41,285,386,382,284,397,51,380,396,378,379,147,278,46,283,282,270,394,296,36,145,38,224,35,37,39,66,279,40,43,162,42,399,156,400,94,230,9,3,333,77,100,78,440,172,265,199,197,161,107,317,264,261,266,336,129,58,160,126,229,7,155,112,236,340,237,238,95,154,128,119,223,159,122,273,8,158,127,193,116,140,91,118,168,4,169,6,142,123,135,138,120,104,132,358,136,133,137,97,106,124,139,111,108,141,131,113,92,117,313,318,105,61,341,411,319,99,274,54,342,408,315,314,344,60,62,148,320,316,356,268,267,96,153,18,351,134,57,412,114,413,121,231,115,125,130,56,110,5,191,67,72,271,65,87,277,355,89,76,68,370,17,71,374,377,74,275,346,276,371,55,367,152,73,357,109,75,335,59,196,194,343,63,195,220,215,70,33,166,347,173,64,170,401,34,143,354,144,151,149,353,222,406,150,407,227,163,405,221,190,192,233,228,226,82,225,235,234,352,84,85,366,83,176,232,303,53,86,350,189,365,177,364,345,302,219,363,362,167,14,175,81,11,32,10,13,174,180,31,80,349,181,348,12,216,218,217,188,361,183,179,481,79,301,182,427,16,430,487,428,429,0,15,455,445,19,450,1,448,453,260,464,446,484,485,442,439,432,479,456,431,438,451,447,449,470,467,28,452,436,458,465,462,473,461,422,20,488,476,433,257,477,471,459,256,474,468,437,454,517,457,509,259,444,423,258,482,486,480,483,506,187,508,359,21,185,22,23,184,186,24,25,360,26,528,498,27,425,30,29,324,489,322,325,388,323,526,510,527,525,391,490,503,499,390,515,321,504,389,505,426,507,434,500,435,497,523,533,516,424,524,529,101,501,511,103,102,512,514,513,519,502,329,518,330,327,520,494,521,326,522,331,328,2,531,532,536,492,530,496,491,495,535,493,534,
402,369,403,404,309,69,241,311,250,254,305,308,310,306,253,304,255,247,252,246,251,410,243,242,249,248,240,245,466,478,244,463,475,368,90,295,419,469,472,307,312,460,417,293,298,297,376,286,421,375,409,281,287,239,300,292,290,299,443,420,338,198,373,214,211,418,415,339,209,203,269,416,157,210,202,398,204,205,201,200,207,208,291,289,288,98,206,212,213,387,50,334,88,385,372,384,383,280,414,178,262,263,393,395,52,49,337,93,272,441,48,146,171,164,332,47,381,392,165,294,41,382,285,386,44,45,397,284,51,379,378,380,396,147,278,46,283,282,394,270,296,145,36,38,224,37,35,39,279,66,40,43,162,42,399,156,400,94,230,9,3,333,77,100,78,440,172,265,199,197,107,161,317,264,261,266,336,58,160,129,126,229,7,112,155,236,340,95,238,237,128,154,119,223,159,158,273,8,122,127,193,140,116,91,118,4,168,6,169,142,104,135,123,120,138,132,136,97,133,137,358,124,106,108,111,139,113,141,131,117,92,313,411,105,341,61,318,319,274,54,342,99,408,315,314,344,148,62,60,320,268,96,316,267,356,153,351,18,413,412,114,57,121,134,130,231,125,115,56,5,110,191,72,67,65,271,355,87,277,89,68,76,377,17,374,71,370,74,275,346,276,371,367,55,152,73,357,109,335,75,59,196,343,194,63,195,220,33,70,215,166,347,64,173,170,143,401,34,354,144,149,151,222,353,150,407,406,227,163,405,190,221,226,192,233,228,225,82,234,235,352,85,366,83,84,303,232,176,53,86,350,177,365,189,364,345,219,363,362,302,167,175,81,14,11,13,32,10,180,174,80,31,181,349,348,12,216,188,217,218,361,183,481,179,301,79,182,427,16,430,487,429,428,0,15,455,445,19,450,1,448,453,260,464,446,484,442,485,439,432,479,456,438,431,451,449,447,467,470,28,452,436,458,465,462,473,422,461,20,488,433,476,257,477,468,474,437,471,256,459,454,517,457,509,444,423,259,258,482,480,486,483,506,187,508,359,21,185,24,22,186,23,184,25,360,26,528,498,27,30,425,29,489,322,324,323,388,325,526,510,527,525,391,490,390,503,499,515,321,504,389,505,507,426,500,434,435,497,523,516,424,533,524,529,101,501,513,102,514,511,512,103,519,502,518,330,329,327,326,520,522,494,521,2,328,331,493,492,535,534,491,495,536,530,532,496,531,
402,369,403,404,309,69,241,311,250,254,305,308,310,306,253,304,255,247,252,246,251,410,243,242,249,248,240,245,466,478,244,463,368,475,90,295,419,469,472,307,312,460,417,293,298,297,376,286,421,375,409,281,287,239,300,292,290,299,443,420,338,198,373,214,211,418,415,339,203,209,416,269,157,210,202,204,398,205,201,200,208,207,291,289,288,206,98,212,213,387,50,334,88,385,372,384,280,383,414,178,262,263,393,395,52,49,337,93,441,272,146,48,171,164,332,47,381,392,165,294,285,44,45,382,386,41,51,397,284,378,396,379,380,147,278,46,283,282,394,270,296,145,36,38,224,37,35,39,66,40,279,43,162,42,399,400,156,94,9,230,3,333,77,78,100,440,172,265,199,197,107,161,317,261,264,266,336,160,129,58,126,229,7,112,155,236,340,95,237,238,119,128,154,223,159,158,122,273,8,127,116,140,193,91,118,168,4,169,6,142,135,132,104,120,123,138,133,97,137,358,136,124,106,139,111,108,131,141,113,117,313,92,105,61,411,318,341,319,54,274,99,342,315,408,344,314,60,62,148,320,268,356,267,316,96,153,351,18,57,412,121,114,134,413,231,130,125,115,56,110,5,72,67,191,271,65,355,87,277,89,76,68,17,374,370,377,71,74,275,346,276,371,55,367,73,152,357,109,335,75,59,196,343,194,63,195,220,215,70,33,166,347,64,173,170,143,34,401,354,144,149,151,222,353,407,406,150,163,227,405,226,192,228,190,221,233,82,225,234,235,352,366,83,84,85,232,53,176,303,86,350,177,189,365,345,364,167,362,363,219,302,175,81,14,11,13,10,32,31,80,174,180,349,181,12,348,218,216,217,188,361,183,179,481,79,301,182,427,16,430,487,428,429,0,15,455,445,19,450,1,448,453,260,446,484,464,485,442,439,432,479,456,431,451,438,449,447,467,470,28,436,452,462,465,458,473,461,422,20,476,488,433,257,474,437,468,256,471,477,459,454,517,457,509,259,423,444,258,482,480,486,483,506,187,508,359,21,185,23,186,184,22,24,25,360,26,498,528,29,425,27,30,324,489,322,325,388,323,510,526,527,390,490,499,525,391,503,515,321,389,504,505,507,426,500,434,435,523,497,533,529,424,516,524,101,501,514,511,512,103,513,102,519,502,330,327,329,518,326,520,494,521,522,2,328,331,530,496,493,491,495,531,492,536,532,535,534,
402,369,403,404,309,69,241,311,250,254,305,308,310,306,253,304,255,247,252,246,251,410,243,242,248,249,240,245,466,478,244,463,475,90,368,295,419,469,472,307,312,460,417,293,297,298,376,286,421,409,375,281,287,239,300,292,290,299,443,420,338,198,373,214,211,418,415,339,203,209,416,269,157,202,210,398,204,205,201,200,207,208,291,289,288,206,98,212,213,387,50,334,88,385,372,384,383,280,414,178,262,263,393,395,52,49,337,93,441,272,48,146,171,164,332,47,165,392,381,294,41,45,386,382,285,44,284,397,51,396,378,379,380,147,46,278,283,282,394,270,296,36,145,38,224,37,35,39,279,40,66,43,162,42,399,400,156,94,9,230,3,333,77,100,78,440,172,265,199,197,161,107,317,261,264,266,336,129,58,160,126,229,7,155,112,236,340,95,237,238,119,128,154,223,159,273,158,8,122,127,193,140,116,91,118,4,168,6,169,142,138,104,132,123,120,135,133,136,97,137,358,106,124,108,111,139,113,141,131,313,117,92,105,318,411,61,341,319,342,99,274,54,408,315,344,314,148,60,62,320,96,267,316,268,356,153,18,351,121,134,57,413,412,114,125,231,115,130,5,56,110,271,67,72,191,65,87,277,355,89,68,76,17,370,374,377,71,346,275,74,371,276,367,55,152,73,357,109,335,75,59,196,194,343,63,195,220,70,215,33,347,166,64,173,170,401,143,34,354,144,149,151,353,222,407,406,150,163,227,405,233,228,192,226,190,221,225,82,234,235,352,366,85,83,84,53,232,303,176,86,350,177,365,189,364,345,219,362,167,302,363,14,81,175,11,32,10,13,180,80,31,174,181,349,12,348,217,218,188,216,361,183,481,179,79,301,182,427,16,430,487,429,428,0,15,455,445,450,19,1,448,453,260,446,464,484,485,442,439,432,456,479,438,431,451,449,447,470,467,28,436,452,462,458,465,473,422,461,20,488,476,433,257,256,459,437,477,471,474,468,454,517,457,509,444,259,423,258,480,482,486,483,506,187,508,359,21,185,184,186,24,23,22,25,360,26,528,498,29,30,27,425,489,322,324,325,388,323,526,510,527,503,490,391,390,525,499,515,321,504,389,505,426,507,434,500,435,497,523,516,424,524,529,533,501,101,513,103,512,102,511,514,519,502,329,518,330,327,521,520,494,522,326,328,2,331,532,535,536,491,530,531,492,496,534,495,493,
402,369,403,404,309,69,241,311,250,254,305,310,308,306,253,304,255,247,252,246,251,410,243,242,249,248,240,245,466,478,244,463,475,90,368,295,419,469,472,307,312,460,417,293,298,297,376,286,421,409,375,281,287,239,300,292,290,299,443,420,338,198,373,214,211,418,415,339,203,209,269,416,157,210,202,204,398,205,201,200,207,208,291,289,288,98,206,212,213,387,50,334,88,385,372,384,383,280,414,178,262,263,393,395,52,49,337,93,441,272,48,146,171,164,332,47,392,381,165,294,386,44,285,382,45,41,51,284,397,378,379,396,380,147,46,278,283,282,270,394,296,36,145,38,224,37,35,39,279,66,40,43,162,42,399,400,156,94,230,9,3,333,77,78,100,440,172,265,199,197,161,107,317,264,261,266,336,129,58,160,126,229,7,112,236,155,340,95,238,237,119,128,154,223,159,122,273,158,8,127,140,116,193,91,118,168,4,6,169,142,135,138,120,123,132,104,358,136,137,133,97,124,106,111,139,108,131,141,113,313,117,92,411,318,341,61,105,319,274,99,54,342,408,315,314,344,62,60,148,320,316,356,268,96,267,153,351,18,412,57,114,134,121,413,115,130,231,125,5,110,56,72,271,191,65,67,277,87,355,89,76,68,370,17,374,377,71,275,74,346,371,276,55,367,73,152,357,109,75,335,59,196,343,194,63,195,220,33,215,70,166,347,173,64,170,401,143,34,354,144,149,151,222,353,406,407,150,227,405,163,221,226,192,228,233,190,82,225,234,235,352,85,366,83,84,303,53,232,176,350,86,189,365,177,364,345,363,219,167,362,302,14,81,175,11,13,32,10,80,180,174,31,181,349,12,348,188,216,218,217,361,183,481,179,301,79,182,427,16,430,487,428,429,0,15,455,445,19,450,1,448,260,453,464,446,484,442,485,439,432,456,479,431,451,438,449,447,470,467,28,436,452,465,462,458,473,422,461,20,476,488,433,257,468,477,474,437,471,256,459,454,517,457,509,259,444,423,258,486,480,482,483,506,187,508,359,21,185,24,186,23,22,184,25,360,26,498,528,425,27,29,30,324,322,489,323,325,388,526,510,527,390,490,503,391,499,525,515,321,504,505,389,426,507,500,434,435,523,497,516,424,533,529,524,101,501,512,511,103,513,514,102,519,502,329,327,518,330,326,521,520,522,494,2,328,331,493,532,491,496,531,535,534,495,530,536,492,
402,369,403,404,309,69,241,311,250,254,305,310,308,306,253,304,255,247,252,246,251,410,243,242,249,248,240,245,466,478,244,463,368,90,475,295,419,469,472,307,312,460,417,293,298,297,376,286,421,375,409,281,287,239,300,292,290,299,443,420,338,198,373,214,211,418,415,339,203,209,269,416,157,202,210,398,204,205,201,200,208,207,291,289,288,98,206,212,213,50,387,334,88,385,372,384,383,280,414,178,263,262,393,395,52,49,337,93,272,441,146,48,171,164,332,47,381,165,392,294,382,44,45,285,386,41,397,284,51,380,378,379,396,147,46,278,283,282,270,394,296,145,36,38,224,37,35,39,279,40,66,43,162,42,399,400,156,94,230,9,3,333,77,78,100,440,172,265,199,197,107,161,317,261,264,266,336,58,160,129,126,229,7,112,155,236,340,237,238,95,154,119,128,223,159,122,158,8,273,127,193,140,116,91,118,168,4,169,6,142,120,132,123,138,104,135,137,133,358,97,136,106,124,108,139,111,131,113,141,117,313,92,61,341,105,411,318,319,274,342,54,99,315,408,344,314,62,148,60,320,96,316,267,356,268,351,153,18,134,413,412,57,114,121,115,231,125,130,110,56,5,67,65,72,191,271,87,355,277,89,68,76,374,17,377,370,71,74,346,275,371,276,367,55,152,73,357,109,75,335,59,196,194,343,63,195,220,70,215,33,347,166,173,64,170,34,143,401,354,144,151,149,222,353,406,150,407,405,227,163,221,226,192,233,228,190,225,82,234,235,352,84,366,83,85,53,176,303,232,350,86,365,189,177,364,345,302,219,363,362,167,81,175,14,11,13,32,10,174,31,80,180,349,181,348,12,217,188,216,218,361,183,179,481,301,79,182,427,16,430,487,428,429,15,0,455,445,450,19,448,1,453,260,484,464,446,485,442,439,432,456,479,451,431,438,449,447,470,467,28,452,436,465,458,462,473,461,422,20,433,476,488,257,468,471,477,437,256,459,474,454,517,457,509,444,259,423,258,480,486,482,483,506,187,508,359,21,185,186,24,22,184,23,25,360,26,528,498,27,29,425,30,489,322,324,388,325,323,526,510,527,490,525,391,499,390,503,515,321,505,504,389,426,507,434,500,435,497,523,516,529,533,424,524,501,101,102,514,513,511,512,103,519,502,329,327,330,518,520,494,521,326,522,328,2,331,493,496,492,495,535,534,491,530,532,536,531,
402,369,403,404,309,69,241,311,250,254,305,308,310,306,253,304,255,247,252,246,251,410,243,242,248,249,240,245,466,478,244,463,368,475,90,295,419,469,472,307,312,460,417,293,298,297,376,286,421,409,375,281,287,239,300,292,290,299,443,420,338,198,373,214,211,415,418,339,209,203,416,269,157,210,202,204,398,205,201,200,207,208,291,289,288,206,98,212,213,387,50,334,88,385,372,384,383,280,414,178,262,263,393,395,52,49,337,93,272,441,146,48,171,164,332,47,392,165,381,294,386,45,41,382,285,44,397,51,284,380,396,378,379,147,278,46,283,282,270,394,296,36,145,38,224,35,37,39,279,40,66,43,162,42,399,156,400,94,230,9,3,333,77,78,100,440,172,265,199,197,161,107,317,264,261,266,336,160,129,58,126,229,7,112,236,155,340,238,237,95,119,128,154,223,159,273,122,158,8,127,116,140,193,91,118,168,4,6,169,142,138,123,132,104,135,120,133,97,358,136,137,124,106,111,139,108,141,131,113,313,92,117,341,411,318,61,105,319,274,54,99,342,408,315,314,344,62,60,148,320,267,316,96,356,268,18,153,351,121,413,114,134,412,57,125,115,231,130,56,110,5,65,191,67,72,271,87,277,355,89,76,68,17,374,370,377,71,275,74,346,371,276,55,367,152,73,357,109,75,335,59,196,194,343,195,63,220,70,215,33,166,347,173,64,170,34,143,401,354,144,149,151,353,222,406,407,150,405,163,227,226,190,192,233,221,228,82,225,235,234,352,366,84,85,83,176,303,53,232,86,350,365,177,189,364,345,167,219,302,362,363,175,14,81,11,10,13,32,180,174,80,31,349,181,348,12,217,216,188,218,361,183,481,179,301,79,182,427,16,430,487,428,429,0,15,455,445,450,19,448,1,453,260,464,446,484,442,485,432,439,456,479,431,451,438,447,449,467,470,28,452,436,465,462,458,473,422,461,20,433,476,488,257,459,468,256,437,474,471,477,454,517,457,509,423,259,444,258,480,482,486,483,506,187,508,359,21,185,24,22,23,184,186,25,360,26,498,528,27,425,30,29,489,322,324,325,388,323,510,526,527,499,490,503,390,391,525,515,321,389,505,504,507,426,500,434,435,497,523,524,424,533,516,529,101,501,511,512,513,102,103,514,519,502,329,518,327,330,494,520,521,522,326,2,328,331,492,496,493,535,530,531,534,532,536,491,495,
402,369,403,404,309,69,241,311,250,254,305,308,310,306,253,304,255,247,252,246,251,410,243,242,248,249,240,245,466,478,244,463,475,368,90,295,419,469,472,307,312,460,417,293,298,297,376,286,421,409,375,281,287,239,300,292,290,299,443,420,338,198,373,214,211,415,418,339,209,203,416,269,157,210,202,204,398,205,201,200,208,207,291,289,288,206,98,212,213,387,50,334,88,385,372,384,383,280,414,178,263,262,393,395,52,49,337,93,272,441,48,146,171,164,332,47,381,392,165,294,45,44,386,382,285,41,284,51,397,378,380,379,396,147,46,278,283,282,394,270,296,145,36,38,224,37,35,39,279,66,40,43,162,42,399,400,156,94,9,230,3,333,77,78,100,440,172,265,199,197,107,161,317,261,264,266,336,58,160,129,126,229,7,236,155,112,340,238,95,237,154,128,119,223,159,122,158,8,273,127,116,140,193,91,118,4,168,6,169,142,135,104,132,120,138,123,358,97,136,133,137,124,106,111,108,139,141,113,131,313,92,117,61,411,105,341,318,319,342,99,54,274,408,315,314,344,148,60,62,320,356,96,316,267,268,153,351,18,121,412,413,134,57,114,130,115,231,125,5,56,110,65,191,271,67,72,355,87,277,89,76,68,71,370,377,374,17,74,346,275,276,371,55,367,152,73,357,109,335,75,59,196,343,194,63,195,220,70,33,215,347,166,64,173,170,401,34,143,354,144,151,149,353,222,407,406,150,163,405,227,226,228,221,192,190,233,225,82,234,235,352,85,366,83,84,303,232,53,176,86,350,177,189,365,345,364,167,363,362,219,302,81,175,14,11,32,13,10,180,174,80,31,349,181,12,348,216,188,217,218,361,183,179,481,301,79,182,427,16,430,487,428,429,15,0,455,445,450,19,448,1,453,260,464,484,446,442,485,432,439,456,479,438,451,431,447,449,470,467,28,436,452,465,458,462,473,422,461,20,488,433,476,257,437,474,459,468,471,256,477,454,517,457,509,423,444,259,258,480,486,482,483,506,187,508,359,21,185,186,24,22,184,23,25,360,26,498,528,425,30,27,29,324,489,322,323,325,388,510,526,527,490,499,525,391,503,390,515,321,505,389,504,426,507,500,434,435,523,497,529,424,516,533,524,501,101,512,513,102,511,514,103,519,502,329,330,327,518,522,520,521,494,326,328,331,2,535,531,532,495,496,493,534,530,536,492,491,
402,369,403,404,309,69,241,311,250,254,305,308,310,306,253,304,255,247,252,246,251,410,243,242,249,248,240,245,466,478,244,463,475,90,368,295,419,469,472,307,312,460,417,293,297,298,376,286,421,409,375,281,287,239,300,292,290,299,443,420,338,198,373,214,211,415,418,339,209,203,416,269,157,202,210,398,204,205,201,200,207,208,291,289,288,206,98,212,213,50,387,334,88,385,372,384,280,383,414,178,263,262,393,395,52,49,337,93,441,272,146,48,171,164,332,47,165,392,381,294,45,386,285,382,41,44,397,51,284,396,380,378,379,147,278,46,283,282,270,394,296,36,145,38,224,37,35,39,66,40,279,43,162,42,399,156,400,94,230,9,3,333,77,100,78,440,172,265,199,197,161,107,317,264,261,266,336,160,129,58,126,229,7,112,236,155,340,238,237,95,119,154,128,223,159,273,122,8,158,127,116,140,193,91,118,168,4,6,169,142,135,132,120,138,104,123,97,133,136,137,358,106,124,111,139,108,141,113,131,313,92,117,318,411,61,341,105,319,274,54,342,99,315,408,314,344,60,62,148,320,356,96,268,316,267,351,153,18,134,412,57,114,121,413,115,125,130,231,5,56,110,72,191,271,67,65,277,355,87,89,68,76,377,370,374,71,17,74,346,275,276,371,367,55,73,152,357,109,75,335,59,196,343,194,195,63,220,33,70,215,166,347,173,64,170,34,401,143,354,144,151,149,353,222,407,406,150,163,405,227,226,233,221,228,192,190,225,82,235,234,352,84,366,85,83,53,232,176,303,350,86,189,177,365,345,364,302,219,167,362,363,175,81,14,11,10,32,13,31,174,180,80,349,181,12,348,216,188,217,218,361,183,481,179,79,301,182,427,16,430,487,428,429,0,15,455,445,19,450,448,1,453,260,464,484,446,485,442,439,432,456,479,431,438,451,449,447,470,467,28,452,436,465,462,458,473,422,461,20,476,433,488,257,256,459,437,471,474,477,468,454,517,457,509,444,259,423,258,486,480,482,483,506,187,508,359,21,185,22,184,24,186,23,25,360,26,498,528,30,425,27,29,324,322,489,323,388,325,526,510,527,490,391,390,525,503,499,515,321,389,504,505,426,507,500,434,435,523,497,533,529,524,424,516,101,501,512,513,514,102,103,511,519,502,329,330,327,518,326,494,521,522,520,2,328,331,493,530,531,491,492,532,536,495,534,535,496,
402,369,403,404,309,69,241,311,250,254,305,308,310,306,253,304,255,247,252,246,251,410,243,242,248,249,240,245,466,478,244,463,368,475,90,295,419,469,472,307,312,460,417,293,298,297,376,286,421,375,409,281,287,239,300,292,290,299,443,420,338,198,373,214,211,415,418,339,203,209,416,269,157,202,210,398,204,205,201,200,208,207,291,289,288,206,98,212,213,387,50,334,88,385,372,384,383,280,414,178,263,262,393,395,52,49,337,93,272,441,146,48,171,164,332,47,392,381,165,294,45,285,44,386,382,41,51,284,397,380,396,379,378,147,278,46,283,282,270,394,296,36,145,38,224,37,35,39,40,279,66,43,162,42,399,156,400,94,230,9,3,333,77,78,100,440,172,265,199,197,161,107,317,261,264,266,336,160,129,58,126,229,7,112,155,236,340,238,237,95,154,119,128,223,159,158,273,8,122,127,193,140,116,91,118,168,4,169,6,142,135,138,123,104,132,120,97,133,136,137,358,124,106,111,139,108,141,113,131,92,117,313,61,341,318,105,411,319,274,54,99,342,408,315,344,314,62,148,60,320,316,267,96,268,356,153,351,18,413,412,57,121,134,114,115,231,130,125,56,5,110,65,72,191,271,67,87,355,277,89,68,76,377,71,374,17,370,275,346,74,371,276,367,55,152,73,357,109,335,75,59,196,194,343,63,195,220,70,33,215,347,166,64,173,170,34,401,143,354,144,149,151,353,222,406,150,407,227,163,405,190,226,233,228,221,192,82,225,235,234,352,366,84,83,85,53,232,303,176,86,350,365,189,177,345,364,362,363,302,167,219,175,81,14,11,10,32,13,31,80,180,174,181,349,348,12,188,216,217,218,361,183,481,179,79,301,182,427,16,430,487,428,429,15,0,455,445,19,450,1,448,260,453,464,484,446,442,485,432,439,456,479,438,431,451,449,447,467,470,28,436,452,458,462,465,473,461,422,20,476,488,433,257,477,471,256,474,437,468,459,454,517,457,509,444,259,423,258,486,480,482,483,506,187,508,359,21,185,186,24,22,23,184,25,360,26,528,498,27,425,29,30,489,322,324,325,323,388,510,526,527,503,391,390,525,490,499,515,321,505,389,504,426,507,434,500,435,497,523,533,516,524,424,529,501,101,511,102,512,513,103,514,519,502,329,327,518,330,522,521,494,520,326,331,328,2,492,491,530,531,536,532,535,496,495,534,493,
402,369,403,404,309,69,241,311,250,254,305,310,308,306,253,304,255,247,252,246,251,410,243,242,249,248,240,245,466,478,244,463,368,90,475,295,419,469,472,307,312,460,417,293,297,298,376,286,421,409,375,281,287,239,300,292,290,299,443,420,338,198,373,214,211,418,415,339,203,209,416,269,157,202,210,204,398,205,201,200,208,207,291,289,288,98,206,212,213,387,50,334,88,385,372,384,383,280,414,178,263,262,393,395,52,49,337,93,272,441,146,48,171,164,332,47,165,392,381,294,44,41,386,45,285,382,397,51,284,379,378,380,396,147,278,46,283,282,270,394,296,36,145,38,224,35,37,39,40,279,66,43,162,42,399,400,156,94,230,9,3,333,77,100,78,440,172,265,199,197,107,161,317,261,264,266,336,58,129,160,126,229,7,236,155,112,340,238,237,95,154,128,119,223,159,273,122,158,8,127,116,193,140,91,118,168,4,6,169,142,123,104,138,135,132,120,133,358,137,97,136,124,106,139,111,108,113,141,131,313,117,92,318,61,411,105,341,319,54,342,274,99,408,315,314,344,60,62,148,320,268,356,267,316,96,18,351,153,413,412,121,57,134,114,130,125,231,115,5,110,56,65,191,271,72,67,87,277,355,89,76,68,71,374,370,377,17,275,74,346,371,276,55,367,73,152,357,109,335,75,59,196,194,343,63,195,220,215,33,70,166,347,64,173,170,143,401,34,354,144,149,151,222,353,150,406,407,405,163,227,226,233,221,192,190,228,82,225,234,235,352,85,83,84,366,232,176,53,303,86,350,189,365,177,364,345,363,302,167,219,362,81,175,14,11,32,10,13,174,31,80,180,181,349,12,348,217,216,188,218,361,183,179,481,301,79,182,427,16,430,487,429,428,15,0,455,445,450,19,448,1,260,453,464,446,484,485,442,439,432,456,479,431,438,451,449,447,470,467,28,436,452,458,462,465,473,422,461,20,433,488,476,257,471,477,256,468,459,474,437,454,517,457,509,444,259,423,258,480,482,486,483,506,187,508,359,21,185,186,23,22,24,184,25,360,26,498,528,425,27,30,29,324,322,489,323,388,325,510,526,527,391,503,390,490,499,525,515,321,389,505,504,426,507,500,434,435,523,497,533,516,524,529,424,501,101,514,511,102,103,512,513,519,502,330,518,329,327,520,522,494,326,521,328,331,2,493,536,496,532,534,531,491,530,495,492,535,
402,369,403,404,309,69,241,311,250,254,305,308,310,306,253,304,255,247,252,246,251,410,243,242,249,248,240,245,466,478,244,463,475,90,368,295,419,469,472,307,312,460,417,293,298,297,376,286,421,375,409,281,287,239,300,292,290,299,443,420,338,198,373,214,211,415,418,339,209,203,416,269,157,210,202,398,204,205,201,200,207,208,291,289,288,98,206,212,213,50,387,334,88,385,372,384,383,280,414,178,263,262,393,395,52,49,337,93,441,272,146,48,171,164,332,47,165,381,392,294,44,45,41,382,386,285,284,51,397,380,379,378,396,147,278,46,283,282,394,270,296,36,145,38,224,35,37,39,66,40,279,43,162,42,399,156,400,94,230,9,3,333,77,100,78,440,172,265,199,197,161,107,317,264,261,266,336,129,160,58,126,229,7,155,236,112,340,95,238,237,154,128,119,223,159,122,273,8,158,127,140,116,193,91,118,168,4,169,6,142,138,123,104,132,135,120,136,358,97,133,137,124,106,108,139,111,131,113,141,92,117,313,105,318,411,341,61,319,54,99,274,342,408,315,344,314,148,62,60,320,96,268,267,316,356,153,351,18,57,412,413,114,121,134,130,115,125,231,110,56,5,72,65,67,191,271,277,87,355,89,68,76,374,17,71,377,370,346,74,275,276,371,55,367,152,73,357,109,75,335,59,196,194,343,63,195,220,33,70,215,166,347,64,173,170,34,143,401,354,144,149,151,353,222,150,406,407,227,163,405,192,226,233,228,221,190,225,82,234,235,352,84,85,366,83,232,53,176,303,86,350,189,365,177,364,345,219,302,363,167,362,81,14,175,11,13,10,32,174,180,31,80,349,181,348,12,217,216,188,218,361,183,481,179,79,301,182,427,16,430,487,428,429,0,15,455,445,450,19,1,448,453,260,484,464,446,485,442,439,432,479,456,438,451,431,447,449,470,467,28,452,436,462,458,465,473,461,422,20,433,476,488,257,474,477,437,471,459,256,468,454,517,457,509,423,444,259,258,482,480,486,483,506,187,508,359,21,185,22,24,23,186,184,25,360,26,498,528,30,27,29,425,322,489,324,323,325,388,510,526,527,390,490,499,525,503,391,515,321,505,504,389,426,507,500,434,435,497,523,516,424,533,529,524,101,501,513,102,103,512,514,511,519,502,518,329,327,330,520,494,521,522,326,328,2,331,532,491,495,492,534,531,496,535,536,493,530,
402,369,403,404,309,69,241,311,250,254,305,310,308,306,253,304,255,247,252,246,251,410,243,242,248,249,240,245,466,478,244,463,90,368,475,295,419,469,472,307,312,460,417,293,298,297,376,286,421,409,375,281,287,239,300,292,290,299,443,420,338,198,373,214,211,418,415,339,209,203,269,416,157,202,210,398,204,205,201,200,208,207,291,289,288,206,98,212,213,50,387,334,88,385,372,384,383,280,414,178,262,263,393,395,52,49,337,93,272,441,146,48,171,164,332,47,381,392,165,294,44,41,386,285,45,382,397,284,51,380,396,379,378,147,278,46,283,282,270,394,296,145,36,38,224,35,37,39,279,66,40,43,162,42,399,156,400,94,230,9,3,333,77,100,78,440,172,265,199,197,161,107,317,261,264,266,336,58,129,160,126,229,7,112,236,155,340,238,95,237,154,119,128,223,159,122,8,158,273,127,140,116,193,91,118,168,4,6,169,142,135,132,138,104,120,123,137,97,358,133,136,124,106,111,139,108,131,113,141,313,117,92,341,411,61,318,105,319,99,342,54,274,315,408,344,314,148,62,60,320,316,356,268,96,267,18,153,351,134,412,121,413,114,57,115,130,125,231,110,56,5,72,191,271,65,67,277,355,87,89,76,68,377,17,370,71,374,275,346,74,371,276,367,55,152,73,357,109,335,75,59,196,343,194,63,195,220,33,70,215,347,166,173,64,170,34,401,143,354,144,149,151,222,353,406,407,150,163,405,227,221,226,233,190,228,192,82,225,235,234,352,83,366,84,85,53,303,176,232,86,350,177,189,365,364,345,362,219,363,167,302,175,14,81,11,10,13,32,80,174,31,180,349,181,12,348,216,217,218,188,361,183,481,179,301,79,182,427,16,430,487,429,428,0,15,455,445,450,19,448,1,260,453,484,446,464,485,442,439,432,456,479,438,451,431,447,449,467,470,28,436,452,462,458,465,473,461,422,20,488,476,433,257,256,437,459,477,474,468,471,454,517,457,509,259,423,444,258,486,482,480,483,506,187,508,359,21,185,186,184,24,22,23,25,360,26,498,528,425,30,27,29,489,322,324,388,325,323,526,510,527,525,490,503,390,499,391,515,321,504,389,505,507,426,434,500,435,523,497,524,533,529,424,516,101,501,102,514,511,512,103,513,519,502,518,330,327,329,521,522,326,520,494,331,2,328,493,492,531,532,495,536,530,534,535,496,491,
402,369,403,404,309,69,241,311,250,254,305,308,310,306,253,304,255,247,252,246,251,410,243,242,248,249,240,245,466,478,244,463,90,475,368,295,419,469,472,307,312,460,417,293,298,297,376,286,421,409,375,281,287,239,300,292,290,299,443,420,338,198,373,214,211,418,415,339,203,209,416,269,157,202,210,204,398,205,201,200,208,207,291,289,288,98,206,212,213,50,387,334,88,385,372,384,280,383,414,178,262,263,393,395,52,49,337,93,272,441,48,146,171,164,332,47,165,381,392,294,41,45,44,382,386,285,284,51,397,396,379,380,378,147,278,46,283,282,394,270,296,145,36,38,224,35,37,39,279,66,40,43,162,42,399,156,400,94,9,230,3,333,77,100,78,440,172,265,199,197,161,107,317,264,261,266,336,58,129,160,126,229,7,236,155,112,340,238,95,237,119,128,154,223,159,122,158,8,273,127,116,140,193,91,118,4,168,6,169,142,132,123,120,104,138,135,97,133,358,137,136,124,106,111,108,139,131,113,141,117,313,92,61,411,341,105,318,319,274,342,54,99,408,315,344,314,60,148,62,320,268,316,96,356,267,351,153,18,121,412,413,114,134,57,231,115,125,130,56,110,5,65,72,191,67,271,277,355,87,89,68,76,71,370,374,17,377,74,275,346,276,371,55,367,73,152,357,109,75,335,59,196,343,194,63,195,220,33,70,215,166,347,173,64,170,34,143,401,354,144,151,149,222,353,406,150,407,405,163,227,192,228,221,190,233,226,82,225,235,234,352,85,83,84,366,232,176,303,53,86,350,177,189,365,364,345,167,219,362,363,302,14,175,81,11,32,10,13,80,180,174,31,181,349,12,348,217,216,218,188,361,183,179,481,301,79,182,427,16,430,487,429,428,0,15,455,445,450,19,1,448,260,453,446,484,464,442,485,439,432,456,479,451,438,431,449,447,470,467,28,452,436,458,465,462,473,422,461,20,476,433,488,257,474,468,437,256,471,477,459,454,517,457,509,423,259,444,258,482,480,486,483,506,187,508,359,21,185,186,24,184,22,23,25,360,26,528,498,27,30,425,29,324,322,489,323,325,388,510,526,527,503,391,499,525,390,490,515,321,505,504,389,507,426,434,500,435,497,523,524,529,533,424,516,501,101,514,103,102,513,512,511,519,502,330,329,327,518,494,521,520,326,522,328,2,331,536,493,532,491,534,496,492,531,530,535,495,
402,369,403,404,309,69,241,311,250,254,305,310,308,306,253,304,255,247,252,246,251,410,243,242,249,248,240,245,466,478,244,463,90,368,475,295,419,469,472,307,312,460,417,293,298,297,376,286,421,409,375,281,287,239,300,292,290,299,443,420,338,198,373,214,211,418,415,339,209,203,416,269,157,202,210,204,398,205,201,200,208,207,291,289,288,206,98,212,213,387,50,334,88,385,372,384,280,383,414,178,263,262,393,395,52,49,337,93,441,272,48,146,171,164,332,47,165,381,392,294,386,41,382,44,285,45,51,284,397,379,378,396,380,147,278,46,283,282,394,270,296,145,36,38,224,35,37,39,279,40,66,43,162,42,399,400,156,94,230,9,3,333,77,78,100,440,172,265,199,197,161,107,317,261,264,266,336,58,160,129,126,229,7,236,112,155,340,237,238,95,119,154,128,223,159,273,8,158,122,127,193,116,140,91,118,168,4,169,6,142,138,132,120,104,123,135,136,137,133,97,358,124,106,111,139,108,141,131,113,313,92,117,411,105,318,61,341,319,274,99,342,54,315,408,314,344,148,60,62,320,96,268,316,356,267,351,18,153,413,114,121,134,412,57,130,231,125,115,56,110,5,65,72,67,191,271,87,277,355,89,76,68,17,374,370,377,71,346,275,74,371,276,367,55,152,73,357,109,75,335,59,196,194,343,63,195,220,33,215,70,347,166,173,64,170,34,401,143,354,144,151,149,222,353,150,406,407,163,227,405,233,226,221,190,228,192,225,82,234,235,352,366,85,83,84,232,176,303,53,86,350,365,177,189,345,364,302,219,363,167,362,14,81,175,11,32,13,10,174,80,31,180,181,349,12,348,188,217,218,216,361,183,179,481,301,79,182,427,16,430,487,429,428,15,0,455,445,19,450,448,1,453,260,484,464,446,485,442,439,432,479,456,451,431,438,449,447,467,470,28,452,436,462,458,465,473,422,461,20,476,488,433,257,468,256,477,471,459,474,437,454,517,457,509,259,423,444,258,480,486,482,483,506,187,508,359,21,185,23,186,22,24,184,25,360,26,498,528,29,425,27,30,324,489,322,388,325,323,526,510,527,525,499,390,503,490,391,515,321,505,389,504,507,426,434,500,435,523,497,424,516,529,524,533,101,501,511,512,102,514,513,103,519,502,329,330,518,327,326,521,494,522,520,331,2,328,496,535,495,536,534,492,531,491,532,530,493,
402,369,403,404,309,69,241,311,250,254,305,308,310,306,253,304,255,247,252,246,251,410,243,242,248,249,240,245,466,478,244,463,90,368,475,295,419,469,472,307,312,460,417,293,297,298,376,286,421,409,375,281,287,239,300,292,290,299,443,420,338,198,373,214,211,418,415,339,209,203,416,269,157,202,210,398,204,205,201,200,208,207,291,289,288,98,206,212,213,50,387,334,88,385,372,384,280,383,414,178,262,263,393,395,52,49,337,93,441,272,48,146,171,164,332,47,381,392,165,294,45,44,382,41,386,285,397,51,284,378,379,380,396,147,46,278,283,282,394,270,296,36,145,38,224,37,35,39,66,40,279,43,162,42,399,156,400,94,230,9,3,333,77,78,100,440,172,265,199,197,161,107,317,264,261,266,336,129,58,160,126,229,7,112,155,236,340,95,238,237,119,154,128,223,159,8,158,122,273,127,193,140,116,91,118,168,4,6,169,142,132,123,138,104,120,135,97,133,136,358,137,124,106,111,108,139,141,131,113,117,313,92,61,105,341,411,318,319,274,342,99,54,315,408,314,344,148,62,60,320,96,356,268,316,267,351,153,18,134,121,114,57,412,413,115,231,125,130,110,5,56,191,65,72,271,67,277,87,355,89,68,76,71,17,370,374,377,275,74,346,276,371,55,367,152,73,357,109,335,75,59,196,343,194,63,195,220,215,70,33,166,347,173,64,170,143,401,34,354,144,149,151,353,222,150,407,406,163,405,227,221,190,226,233,192,228,225,82,235,234,352,85,84,83,366,232,176,53,303,350,86,365,177,189,364,345,363,302,362,167,219,14,175,81,11,13,32,10,180,174,80,31,349,181,348,12,188,216,217,218,361,183,481,179,79,301,182,427,16,430,487,429,428,0,15,455,445,19,450,1,448,453,260,464,484,446,442,485,432,439,479,456,438,451,431,447,449,467,470,28,452,436,462,465,458,473,422,461,20,488,433,476,257,477,471,437,468,459,256,474,454,517,457,509,423,259,444,258,480,482,486,483,506,187,508,359,21,185,24,23,22,186,184,25,360,26,498,528,425,29,27,30,322,324,489,388,323,325,526,510,527,499,490,503,391,525,390,515,321,504,389,505,507,426,500,434,435,523,497,533,516,424,529,524,501,101,514,511,512,102,103,513,519,502,518,327,330,329,522,521,494,326,520,328,2,331,496,535,536,530,492,534,491,495,532,493,531,
402,369,403,404,309,69,241,311,250,254,305,308,310,306,253,304,255,247,252,246,251,410,243,242,248,249,240,245,466,478,244,463,90,475,368,295,419,469,472,307,312,460,417,293,297,298,376,286,421,375,409,281,287,239,300,292,290,299,443,420,338,198,373,214,211,415,418,339,209,203,269,416,157,202,210,398,204,205,201,200,207,208,291,289,288,206,98,212,213,50,387,334,88,385,372,384,383,280,414,178,263,262,393,395,52,49,337,93,441,272,146,48,171,164,332,47,381,165,392,294,382,41,386,285,44,45,51,397,284,378,379,396,380,147,46,278,283,282,270,394,296,145,36,38,224,35,37,39,66,40,279,43,162,42,399,400,156,94,9,230,3,333,77,100,78,440,172,265,199,197,107,161,317,264,261,266,336,160,129,58,126,229,7,155,236,112,340,238,95,237,154,119,128,223,159,273,122,8,158,127,140,116,193,91,118,168,4,6,169,142,120,123,135,104,132,138,133,136,358,137,97,124,106,139,111,108,141,131,113,92,117,313,105,411,61,318,341,319,274,342,99,54,408,315,344,314,62,60,148,320,316,96,267,356,268,18,351,153,134,114,121,412,413,57,231,115,130,125,56,110,5,72,67,271,65,191,87,355,277,89,76,68,370,377,17,71,374,346,275,74,371,276,55,367,73,152,357,109,335,75,59,196,343,194,63,195,220,215,33,70,166,347,173,64,170,143,34,401,354,144,149,151,353,222,406,407,150,163,405,227,192,226,190,228,233,221,225,82,234,235,352,366,85,84,83,232,176,303,53,86,350,177,365,189,364,345,363,362,167,219,302,175,81,14,11,32,10,13,174,180,80,31,181,349,348,12,188,216,218,217,361,183,179,481,301,79,182,427,16,430,487,429,428,15,0,455,445,450,19,448,1,260,453,484,464,446,485,442,439,432,479,456,431,438,451,449,447,470,467,28,436,452,465,462,458,473,461,422,20,476,488,433,257,256,471,474,477,437,468,459,454,517,457,509,423,444,259,258,486,480,482,483,506,187,508,359,21,185,184,186,22,24,23,25,360,26,528,498,29,425,27,30,489,324,322,323,325,388,510,526,527,391,390,499,525,490,503,515,321,389,505,504,426,507,434,500,435,497,523,516,529,424,524,533,501,101,512,102,513,511,514,103,519,502,330,329,327,518,522,494,521,520,326,331,2,328,491,530,534,532,493,531,495,535,492,536,496,
402,369,403,404,309,69,241,311,250,254,305,308,310,306,253,304,255,247,252,246,251,410,243,242,249,248,240,245,466,478,244,463,90,368,475,295,419,469,472,307,312,460,417,293,297,298,376,286,421,409,375,281,287,239,300,292,290,299,443,420,338,198,373,214,211,418,415,339,203,209,269,416,157,202,210,398,204,205,201,200,208,207,291,289,288,98,206,212,213,387,50,334,88,385,372,384,383,280,414,178,262,263,393,395,52,49,337,93,272,441,146,48,171,164,332,47,392,381,165,294,45,386,41,285,382,44,51,397,284,379,378,396,380,147,46,278,283,282,270,394,296,36,145,38,224,37,35,39,66,279,40,43,162,42,399,156,400,94,9,230,3,333,77,100,78,440,172,265,199,197,107,161,317,264,261,266,336,160,58,129,126,229,7,155,112,236,340,238,237,95,119,128,154,223,159,273,8,122,158,127,193,140,116,91,118,168,4,169,6,142,104,135,132,120,138,123,358,97,136,137,133,106,124,108,111,139,113,131,141,117,313,92,61,105,318,411,341,319,342,99,54,274,315,408,344,314,62,148,60,320,267,356,268,316,96,153,18,351,114,412,413,57,121,134,115,130,125,231,110,5,56,65,191,67,72,271,355,87,277,89,68,76,71,377,374,370,17,275,74,346,371,276,367,55,73,152,357,109,335,75,59,196,194,343,195,63,220,70,33,215,166,347,173,64,170,143,34,401,354,144,149,151,222,353,150,407,406,227,405,163,226,233,221,192,190,228,225,82,234,235,352,366,83,85,84,232,303,53,176,86,350,365,177,189,364,345,167,362,363,219,302,14,81,175,11,32,13,10,174,31,180,80,181,349,348,12,188,218,216,217,361,183,179,481,301,79,182,427,16,430,487,428,429,15,0,455,445,19,450,1,448,453,260,464,484,446,485,442,432,439,479,456,431,451,438,447,449,470,467,28,436,452,465,462,458,473,422,461,20,488,476,433,257,477,471,437,256,459,468,474,454,517,457,509,423,444,259,258,482,480,486,483,506,187,508,359,21,185,22,186,24,184,23,25,360,26,498,528,425,30,29,27,322,324,489,388,323,325,526,510,527,390,525,499,490,391,503,515,321,504,505,389,426,507,500,434,435,523,497,529,424,533,516,524,101,501,511,103,102,513,514,512,519,502,330,518,327,329,522,520,494,326,521,2,328,331,535,493,491,532,496,536,492,530,531,495,534,
402,369,403,404,309,69,241,311,250,254,305,310,308,306,253,304,255,247,252,246,251,410,243,242,249,248,240,245,466,478,244,463,368,90,475,295,419,469,472,307,312,460,417,293,297,298,376,286,421,409,375,281,287,239,300,292,290,299,443,420,338,198,373,214,211,415,418,339,203,209,416,269,157,202,210,398,204,205,201,200,208,207,291,289,288,98,206,212,213,387,50,334,88,385,372,384,383,280,414,178,263,262,393,395,52,49,337,93,272,441,48,146,171,164,332,47,392,165,381,294,41,386,382,285,45,44,284,397,51,396,378,380,379,147,278,46,283,282,394,270,296,145,36,38,224,37,35,39,279,40,66,43,162,42,399,400,156,94,230,9,3,333,77,78,100,440,172,265,199,197,161,107,317,264,261,266,336,58,129,160,126,229,7,236,155,112,340,238,95,237,119,154,128,223,159,158,8,273,122,127,193,116,140,91,118,168,4,6,169,142,132,135,123,120,138,104,137,136,97,133,358,124,106,111,139,108,141,131,113,313,92,117,318,411,61,341,105,319,342,99,54,274,408,315,314,344,62,148,60,320,356,316,267,268,96,153,351,18,121,413,114,57,412,134,231,125,115,130,5,56,110,191,67,65,271,72,277,87,355,89,68,76,17,377,374,370,71,275,74,346,276,371,367,55,73,152,357,109,75,335,59,196,343,194,195,63,220,33,215,70,347,166,173,64,170,143,401,34,354,144,151,149,222,353,407,150,406,163,227,405,228,226,221,190,233,192,82,225,234,235,352,83,85,366,84,53,232,303,176,86,350,365,177,189,364,345,302,167,363,219,362,81,175,14,11,13,32,10,31,80,180,174,349,181,12,348,217,216,188,218,361,183,179,481,79,301,182,427,16,430,487,429,428,0,15,455,445,19,450,1,448,453,260,446,464,484,442,485,439,432,479,456,451,431,438,449,447,470,467,28,436,452,458,462,465,473,422,461,20,433,488,476,257,459,474,468,437,471,256,477,454,517,457,509,423,444,259,258,486,482,480,483,506,187,508,359,21,185,186,22,24,184,23,25,360,26,498,528,425,30,29,27,322,324,489,325,388,323,510,526,527,525,490,499,390,391,503,515,321,505,504,389,426,507,500,434,435,497,523,516,529,533,424,524,101,501,512,102,103,511,514,513,519,502,518,329,327,330,521,326,494,522,520,328,2,331,491,531,496,534,492,493,530,495,535,532,536,
402,369,403,404,309,69,241,311,250,254,305,308,310,306,253,304,255,247,252,246,251,410,243,242,248,249,240,245,466,478,244,463,368,90,475,295,419,469,472,307,312,460,417,293,297,298,376,286,421,409,375,281,287,239,300,292,290,299,443,420,338,198,373,214,211,418,415,339,209,203,269,416,157,210,202,398,204,205,201,200,208,207,291,289,288,206,98,212,213,50,387,334,88,385,372,384,280,383,414,178,263,262,393,395,52,49,337,93,272,441,48,146,171,164,332,47,381,392,165,294,382,285,44,45,41,386,397,284,51,380,378,396,379,147,46,278,283,282,270,394,296,36,145,38,224,35,37,39,40,66,279,43,162,42,399,400,156,94,9,230,3,333,77,78,100,440,172,265,199,197,161,107,317,261,264,266,336,129,58,160,126,229,7,155,236,112,340,237,95,238,119,128,154,223,159,122,158,8,273,127,116,140,193,91,118,4,168,6,169,142,120,135,104,132,123,138,358,97,136,133,137,106,124,108,111,139,113,131,141,92,313,117,105,61,411,341,318,319,99,54,274,342,315,408,344,314,148,60,62,320,96,268,316,267,356,153,18,351,134,114,57,412,121,413,231,115,125,130,5,110,56,67,271,65,72,191,277,87,355,89,68,76,17,377,71,370,374,275,74,346,276,371,55,367,73,152,357,109,335,75,59,196,194,343,195,63,220,70,215,33,166,347,64,173,170,401,34,143,354,144,149,151,222,353,150,406,407,163,405,227,190,233,192,226,228,221,225,82,234,235,352,84,83,85,366,232,303,176,53,350,86,365,189,177,364,345,167,219,363,302,362,81,175,14,11,10,13,32,31,80,180,174,181,349,12,348,218,216,217,188,361,183,179,481,301,79,182,427,16,430,487,429,428,0,15,455,445,450,19,448,1,260,453,464,446,484,485,442,439,432,479,456,438,451,431,447,449,467,470,28,436,452,458,465,462,473,461,422,20,488,433,476,257,471,459,474,437,256,468,477,454,517,457,509,259,423,444,258,486,480,482,483,506,187,508,359,21,185,24,23,186,184,22,25,360,26,528,498,30,425,27,29,489,322,324,388,323,325,526,510,527,499,490,525,390,391,503,515,321,504,389,505,426,507,500,434,435,523,497,424,516,533,529,524,101,501,103,513,514,512,102,511,519,502,330,327,329,518,494,520,522,521,326,328,2,331,495,496,536,530,534,535,491,532,492,531,493,
402,369,403,404,309,69,241,311,250,254,305,310,308,306,253,304,255,247,252,246,251,410,243,242,248,249,240,245,466,478,244,463,90,368,475,295,419,469,472,307,312,460,417,293,298,297,376,286,421,409,375,281,287,239,300,292,290,299,443,420,338,198,373,214,211,415,418,339,203,209,416,269,157,210,202,204,398,205,201,200,208,207,291,289,288,206,98,212,213,387,50,334,88,385,372,384,383,280,414,178,263,262,393,395,52,49,337,93,441,272,48,146,171,164,332,47,381,165,392,294,382,45,44,41,386,285,51,397,284,396,379,380,378,147,278,46,283,282,394,270,296,145,36,38,224,35,37,39,40,66,279,43,162,42,399,400,156,94,9,230,3,333,77,78,100,440,172,265,199,197,161,107,317,261,264,266,336,129,58,160,126,229,7,155,112,236,340,238,237,95,119,128,154,223,159,158,273,8,122,127,193,140,116,91,118,168,4,6,169,142,123,104,132,135,120,138,358,137,136,97,133,124,106,111,139,108,141,131,113,313,117,92,341,318,105,61,411,319,342,99,54,274,315,408,314,344,62,60,148,320,356,267,316,268,96,351,153,18,57,114,413,412,134,121,130,115,125,231,110,5,56,67,72,271,65,191,355,277,87,89,68,76,71,370,17,374,377,275,346,74,276,371,367,55,152,73,357,109,75,335,59,196,194,343,63,195,220,215,70,33,166,347,64,173,170,143,401,34,354,144,151,149,222,353,407,406,150,227,163,405,192,233,190,226,221,228,82,225,235,234,352,85,84,366,83,176,303,53,232,86,350,189,177,365,345,364,363,302,362,219,167,175,14,81,11,10,13,32,80,174,180,31,181,349,348,12,188,217,218,216,361,183,481,179,301,79,182,427,16,430,487,428,429,0,15,455,445,450,19,448,1,260,453,446,464,484,442,485,432,439,456,479,431,451,438,447,449,470,467,28,436,452,462,458,465,473,461,422,20,476,433,488,257,477,468,437,459,256,474,471,454,517,457,509,444,259,423,258,480,482,486,483,506,187,508,359,21,185,186,24,184,22,23,25,360,26,528,498,29,30,27,425,322,324,489,388,325,323,526,510,527,499,525,490,391,390,503,515,321,505,504,389,426,507,434,500,435,497,523,524,529,533,516,424,101,501,103,513,512,511,514,102,519,502,330,329,518,327,522,520,521,494,326,2,328,331,535,493,495,531,492,534,496,530,532,536,491,
402,369,403,404,309,69,241,311,250,254,305,310,308,306,253,304,255,247,252,246,251,410,243,242,248,249,240,245,466,478,244,463,368,475,90,295,419,469,472,307,312,460,417,293,298,297,376,286,421,409,375,281,287,239,300,292,290,299,443,420,338,198,373,214,211,418,415,339,209,203,269,416,157,202,210,398,204,205,201,200,208,207,291,289,288,206,98,212,213,387,50,334,88,385,372,384,280,383,414,178,262,263,393,395,52,49,337,93,441,272,146,48,171,164,332,47,392,165,381,294,44,386,45,285,382,41,51,284,397,378,380,396,379,147,278,46,283,282,394,270,296,36,145,38,224,37,35,39,66,279,40,43,162,42,399,400,156,94,9,230,3,333,77,100,78,440,172,265,199,197,107,161,317,261,264,266,336,129,58,160,126,229,7,112,155,236,340,95,237,238,128,119,154,223,159,158,122,8,273,127,140,116,193,91,118,168,4,169,6,142,104,138,135,120,123,132,136,137,97,133,358,124,106,139,111,108,131,141,113,117,92,313,318,105,411,61,341,319,274,99,342,54,408,315,314,344,148,62,60,320,316,268,356,96,267,18,153,351,134,412,114,121,413,57,115,125,130,231,110,5,56,67,72,65,191,271,277,355,87,89,68,76,71,377,374,17,370,346,74,275,276,371,55,367,152,73,357,109,335,75,59,196,343,194,63,195,220,215,70,33,347,166,173,64,170,34,143,401,354,144,149,151,222,353,150,406,407,405,227,163,228,190,221,192,226,233,225,82,235,234,352,83,84,366,85,303,53,176,232,86,350,365,189,177,345,364,219,363,362,167,302,175,14,81,11,10,13,32,174,80,31,180,181,349,12,348,217,188,218,216,361,183,481,179,301,79,182,427,16,430,487,429,428,0,15,455,445,450,19,1,448,453,260,446,484,464,442,485,432,439,456,479,451,431,438,447,449,470,467,28,436,452,462,465,458,473,461,422,20,433,476,488,257,468,437,477,474,471,256,459,454,517,457,509,259,423,444,258,482,480,486,483,506,187,508,359,21,185,24,186,22,184,23,25,360,26,528,498,29,27,30,425,489,324,322,388,325,323,510,526,527,503,390,499,490,391,525,515,321,504,505,389,426,507,434,500,435,523,497,424,533,516,529,524,501,101,512,514,102,511,513,103,519,502,330,518,327,329,520,521,326,494,522,331,328,2,495,536,530,496,491,535,492,532,534,531,493,
402,369,403,404,309,69,241,311,250,254,305,310,308,306,253,304,255,247,252,246,251,410,243,242,249,248,240,245,466,478,244,463,90,368,475,295,419,469,472,307,312,460,417,293,298,297,376,286,421,375,409,281,287,239,300,292,290,299,443,420,338,198,373,214,211,418,415,339,209,203,416,269,157,202,210,204,398,205,201,200,207,208,291,289,288,98,206,212,213,50,387,334,88,385,372,384,280,383,414,178,263,262,393,395,52,49,337,93,441,272,48,146,171,164,332,47,381,392,165,294,44,386,45,41,285,382,284,397,51,396,378,379,380,147,278,46,283,282,394,270,296,36,145,38,224,37,35,39,279,66,40,43,162,42,399,156,400,94,9,230,3,333,77,78,100,440,172,265,199,197,161,107,317,261,264,266,336,58,129,160,126,229,7,155,236,112,340,95,237,238,154,119,128,223,159,8,122,273,158,127,193,140,116,91,118,4,168,6,169,142,135,132,120,138,104,123,97,136,358,133,137,106,124,108,111,139,131,113,141,117,313,92,341,318,411,105,61,319,342,54,99,274,408,315,314,344,60,148,62,320,268,96,316,267,356,18,351,153,412,57,121,413,134,114,231,125,115,130,5,110,56,271,67,72,65,191,277,355,87,89,68,76,374,377,370,17,71,275,346,74,371,276,55,367,73,152,357,109,75,335,59,196,343,194,195,63,220,33,70,215,166,347,173,64,170,401,143,34,354,144,149,151,353,222,407,150,406,405,227,163,192,233,226,190,228,221,82,225,235,234,352,85,83,84,366,303,53,232,176,86,350,177,365,189,345,364,167,302,219,363,362,175,81,14,11,10,13,32,174,180,80,31,181,349,348,12,217,216,188,218,361,183,481,179,79,301,182,427,16,430,487,429,428,15,0,455,445,19,450,448,1,453,260,484,464,446,485,442,432,439,456,479,451,438,431,449,447,470,467,28,436,452,462,458,465,473,422,461,20,488,433,476,257,468,471,474,459,256,477,437,454,517,457,509,444,423,259,258,480,482,486,483,506,187,508,359,21,185,22,186,184,23,24,25,360,26,498,528,425,29,27,30,489,324,322,325,388,323,526,510,527,525,503,390,490,499,391,515,321,389,504,505,507,426,434,500,435,523,497,516,533,424,524,529,501,101,511,513,512,103,102,514,519,502,518,329,327,330,521,494,326,520,522,2,328,331,496,491,534,530,531,535,493,532,492,495,536,
402,369,403,404,309,69,241,311,250,254,305,310,308,306,253,304,255,247,252,246,251,410,243,242,249,248,240,245,466,478,244,463,368,475,90,295,419,469,472,307,312,460,417,293,297,298,376,286,421,409,375,281,287,239,300,292,290,299,443,420,338,198,373,214,211,415,418,339,209,203,269,416,157,210,202,398,204,205,201,200,208,207,291,289,288,98,206,212,213,387,50,334,88,385,372,384,383,280,414,178,263,262,393,395,52,49,337,93,441,272,146,48,171,164,332,47,392,165,381,294,285,382,386,45,41,44,51,397,284,379,380,396,378,147,278,46,283,282,394,270,296,145,36,38,224,35,37,39,66,40,279,43,162,42,399,156,400,94,230,9,3,333,77,78,100,440,172,265,199,197,107,161,317,261,264,266,336,129,58,160,126,229,7,236,155,112,340,238,237,95,128,119,154,223,159,273,8,158,122,127,140,193,116,91,118,168,4,169,6,142,120,138,132,123,104,135,133,358,136,137,97,124,106,139,108,111,131,141,113,313,92,117,341,318,411,61,105,319,274,54,342,99,408,315,314,344,62,148,60,320,356,267,268,96,316,18,351,153,121,412,134,413,57,114,125,130,231,115,110,56,5,67,271,191,72,65,355,87,277,89,68,76,370,71,377,17,374,275,346,74,371,276,55,367,152,73,357,109,335,75,59,196,194,343,195,63,220,33,70,215,166,347,173,64,170,143,34,401,354,144,149,151,222,353,150,407,406,227,163,405,190,192,221,226,233,228,82,225,235,234,352,366,84,85,83,303,53,176,232,350,86,189,365,177,364,345,219,363,167,362,302,175,81,14,11,10,13,32,80,31,180,174,349,181,12,348,218,188,217,216,361,183,481,179,79,301,182,427,16,430,487,429,428,15,0,455,445,19,450,1,448,260,453,484,464,446,485,442,432,439,479,456,438,451,431,449,447,470,467,28,436,452,458,465,462,473,461,422,20,433,476,488,257,437,256,459,474,471,477,468,454,517,457,509,423,259,444,258,482,486,480,483,506,187,508,359,21,185,186,22,24,184,23,25,360,26,528,498,30,425,27,29,324,322,489,323,325,388,526,510,527,391,503,490,390,499,525,515,321,505,389,504,507,426,500,434,435,497,523,424,533,524,516,529,501,101,511,103,513,514,512,102,519,502,518,330,327,329,494,520,521,326,522,331,328,2,496,491,531,532,530,492,535,493,534,495,536,
402,369,403,404,309,69,241,311,250,254,305,310,308,306,253,304,255,247,252,246,251,410,243,242,248,249,240,245,466,478,244,463,475,368,90,295,419,469,472,307,312,460,417,293,297,298,376,286,421,375,409,281,287,239,300,292,290,299,443,420,338,198,373,214,211,418,415,339,203,209,269,416,157,210,202,398,204,205,201,200,207,208,291,289,288,98,206,212,213,50,387,334,88,385,372,384,383,280,414,178,262,263,393,395,52,49,337,93,272,441,146,48,171,164,332,47,165,392,381,294,45,44,285,386,41,382,51,284,397,378,380,396,379,147,46,278,283,282,394,270,296,36,145,38,224,35,37,39,66,279,40,43,162,42,399,156,400,94,9,230,3,333,77,100,78,440,172,265,199,197,107,161,317,264,261,266,336,129,58,160,126,229,7,236,155,112,340,95,238,237,119,128,154,223,159,158,122,8,273,127,193,116,140,91,118,4,168,6,169,142,135,120,104,138,132,123,97,358,136,137,133,106,124,111,108,139,131,113,141,92,313,117,341,105,318,61,411,319,99,342,274,54,315,408,314,344,148,60,62,320,268,316,267,356,96,18,351,153,121,413,134,412,57,114,125,130,231,115,5,56,110,65,191,67,72,271,277,87,355,89,68,76,71,370,17,374,377,346,74,275,371,276,367,55,152,73,357,109,75,335,59,196,194,343,63,195,220,215,33,70,347,166,173,64,170,143,34,401,354,144,149,151,222,353,406,150,407,227,405,163,190,228,192,221,233,226,82,225,235,234,352,366,84,83,85,53,176,232,303,350,86,177,365,189,345,364,167,302,362,219,363,14,81,175,11,32,13,10,180,80,31,174,349,181,12,348,218,217,188,216,361,183,481,179,301,79,182,427,16,430,487,428,429,15,0,455,445,19,450,1,448,260,453,446,464,484,485,442,439,432,456,479,438,451,431,447,449,467,470,28,436,452,458,462,465,473,461,422,20,476,433,488,257,474,468,437,256,477,471,459,454,517,457,509,423,259,444,258,486,482,480,483,506,187,508,359,21,185,186,22,184,23,24,25,360,26,498,528,27,30,425,29,322,489,324,325,323,388,510,526,527,525,503,499,490,390,391,515,321,389,505,504,507,426,500,434,435,497,523,524,424,516,533,529,101,501,513,102,511,514,512,103,519,502,330,329,518,327,520,522,494,521,326,2,328,331,492,534,496,530,535,493,491,495,532,536,531,
402,369,403,404,309,69,241,311,250,254,305,310,308,306,253,304,255,247,252,246,251,410,243,242,249,248,240,245,466,478,244,463,90,475,368,295,419,469,472,307,312,460,417,293,297,298,376,286,421,409,375,281,287,239,300,292,290,299,443,420,338,198,373,214,211,418,415,339,209,203,416,269,157,202,210,398,204,205,201,200,208,207,291,289,288,98,206,212,213,50,387,334,88,385,372,384,280,383,414,178,263,262,393,395,52,49,337,93,441,272,146,48,171,164,332,47,392,381,165,294,386,285,382,41,45,44,397,51,284,378,380,396,379,147,46,278,283,282,270,394,296,36,145,38,224,37,35,39,66,279,40,43,162,42,399,400,156,94,230,9,3,333,77,78,100,440,172,265,199,197,161,107,317,261,264,266,336,129,58,160,126,229,7,236,112,155,340,95,237,238,154,128,119,223,159,158,273,8,122,127,116,193,140,91,118,168,4,169,6,142,104,138,120,135,123,132,97,133,358,137,136,106,124,111,108,139,141,113,131,313,117,92,318,61,411,341,105,319,99,54,274,342,408,315,344,314,148,60,62,320,356,268,316,96,267,18,351,153,134,413,412,121,114,57,130,125,231,115,56,110,5,191,67,65,271,72,277,87,355,89,68,76,374,377,71,17,370,275,346,74,276,371,55,367,73,152,357,109,75,335,59,196,343,194,195,63,220,33,215,70,166,347,64,173,170,34,401,143,354,144,149,151,353,222,407,406,150,163,227,405,190,221,226,233,192,228,225,82,235,234,352,85,83,84,366,303,232,176,53,86,350,177,189,365,345,364,167,302,362,363,219,81,175,14,11,32,13,10,31,80,174,180,349,181,348,12,217,188,216,218,361,183,481,179,301,79,182,427,16,430,487,429,428,15,0,455,445,450,19,1,448,453,260,464,484,446,485,442,432,439,479,456,451,438,431,449,447,467,470,28,436,452,462,458,465,473,461,422,20,476,488,433,257,437,256,474,471,459,477,468,454,517,457,509,444,259,423,258,482,486,480,483,506,187,508,359,21,185,23,22,186,24,184,25,360,26,498,528,29,30,27,425,324,322,489,388,325,323,526,510,527,490,499,391,525,503,390,515,321,504,389,505,507,426,500,434,435,497,523,524,529,424,533,516,501,101,103,512,511,514,513,102,519,502,330,327,518,329,522,326,494,520,521,328,2,331,493,495,535,532,496,530,531,491,536,534,492,
402,369,403,404,309,69,241,311,250,254,305,308,310,306,253,304,255,247,252,246,251,410,243,242,248,249,240,245,466,478,244,463,90,475,368,295,419,469,472,307,312,460,417,293,297,298,376,286,421,375,409,281,287,239,300,292,290,299,443,420,338,198,373,214,211,415,418,339,203,209,416,269,157,202,210,204,398,205,201,200,208,207,291,289,288,98,206,212,213,387,50,334,88,385,372,384,280,383,414,178,262,263,393,395,52,49,337,93,272,441,146,48,171,164,332,47,381,165,392,294,41,45,44,285,386,382,51,284,397,380,378,396,379,147,46,278,283,282,270,394,296,36,145,38,224,35,37,39,40,279,66,43,162,42,399,400,156,94,230,9,3,333,77,78,100,440,172,265,199,197,161,107,317,261,264,266,336,58,129,160,126,229,7,155,236,112,340,95,237,238,128,154,119,223,159,8,158,273,122,127,193,116,140,91,118,4,168,169,6,142,135,138,123,132,120,104,133,97,137,136,358,106,124,139,108,111,131,141,113,117,92,313,411,105,61,318,341,319,342,274,54,99,315,408,344,314,60,62,148,320,316,96,267,268,356,351,18,153,57,412,134,114,121,413,231,125,115,130,110,5,56,271,191,72,67,65,277,355,87,89,76,68,374,17,377,370,71,275,74,346,371,276,55,367,73,152,357,109,75,335,59,196,343,194,195,63,220,215,70,33,166,347,173,64,170,401,143,34,354,144,151,149,222,353,407,150,406,163,405,227,192,233,228,226,221,190,225,82,234,235,352,85,83,84,366,53,232,303,176,86,350,177,365,189,345,364,363,302,219,167,362,14,81,175,11,10,13,32,174,31,80,180,349,181,12,348,217,218,188,216,361,183,481,179,301,79,182,427,16,430,487,429,428,0,15,455,445,450,19,448,1,260,453,484,464,446,485,442,439,432,456,479,451,431,438,447,449,467,470,28,436,452,458,465,462,473,422,461,20,433,488,476,257,477,437,459,474,256,471,468,454,517,457,509,444,423,259,258,486,480,482,483,506,187,508,359,21,185,186,24,22,184,23,25,360,26,498,528,30,425,27,29,489,322,324,325,388,323,526,510,527,391,390,490,525,503,499,515,321,504,389,505,426,507,434,500,435,523,497,424,529,533,516,524,101,501,514,512,511,103,513,102,519,502,518,327,330,329,326,521,522,520,494,2,331,328,492,530,493,496,534,532,535,536,531,495,491,
402,369,403,404,309,69,241,311,250,254,305,310,308,306,253,304,255,247,252,246,251,410,243,242,249,248,240,245,466,478,244,463,475,90,368,295,419,469,472,307,312,460,417,293,298,297,376,286,421,409,375,281,287,239,300,292,290,299,443,420,338,198,373,214,211,415,418,339,209,203,269,416,157,202,210,398,204,205,201,200,207,208,291,289,288,206,98,212,213,50,387,334,88,385,372,384,383,280,414,178,263,262,393,395,52,49,337,93,441,272,146,48,171,164,332,47,165,381,392,294,44,386,41,45,285,382,51,397,284,396,379,378,380,147,46,278,283,282,394,270,296,145,36,38,224,37,35,39,279,66,40,43,162,42,399,156,400,94,230,9,3,333,77,78,100,440,172,265,199,197,107,161,317,264,261,266,336,160,129,58,126,229,7,236,155,112,340,238,237,95,154,128,119,223,159,122,158,8,273,127,116,140,193,91,118,4,168,169,6,142,135,138,120,132,104,123,97,136,358,133,137,124,106,111,108,139,141,131,113,117,313,92,105,61,318,411,341,319,274,99,54,342,315,408,314,344,148,62,60,320,356,268,316,96,267,153,18,351,134,413,114,412,57,121,130,125,115,231,110,56,5,191,67,65,271,72,87,355,277,89,68,76,377,71,374,17,370,74,346,275,371,276,367,55,152,73,357,109,75,335,59,196,343,194,63,195,220,70,215,33,347,166,173,64,170,34,143,401,354,144,151,149,353,222,150,407,406,227,405,163,233,226,192,221,228,190,82,225,235,234,352,85,366,84,83,176,303,232,53,86,350,189,177,365,345,364,362,167,219,302,363,14,175,81,11,32,13,10,174,180,31,80,349,181,12,348,188,216,218,217,361,183,179,481,79,301,182,427,16,430,487,428,429,0,15,455,445,450,19,1,448,453,260,484,446,464,485,442,432,439,456,479,431,451,438,449,447,470,467,28,436,452,462,465,458,473,422,461,20,476,433,488,257,477,256,459,437,468,471,474,454,517,457,509,259,444,423,258,480,482,486,483,506,187,508,359,21,185,184,22,24,186,23,25,360,26,498,528,29,425,27,30,489,324,322,325,323,388,526,510,527,525,391,503,490,390,499,515,321,504,505,389,507,426,500,434,435,497,523,424,516,524,533,529,501,101,102,511,103,514,512,513,519,502,518,329,327,330,521,494,520,326,522,331,328,2,495,536,530,531,534,493,492,535,496,491,532,
402,369,403,404,309,69,241,311,250,254,305,310,308,306,253,304,255,247,252,246,251,410,243,242,249,248,240,245,466,478,244,463,90,475,368,295,419,469,472,307,312,460,417,293,297,298,376,286,421,409,375,281,287,239,300,292,290,299,443,420,338,198,373,214,211,415,418,339,203,209,416,269,157,202,210,398,204,205,201,200,208,207,291,289,288,206,98,212,213,387,50,334,88,385,372,384,280,383,414,178,262,263,393,395,52,49,337,93,272,441,146,48,171,164,332,47,392,381,165,294,44,386,382,45,41,285,51,284,397,380,396,379,378,147,46,278,283,282,270,394,296,36,145,38,224,35,37,39,66,40,279,43,162,42,399,400,156,94,230,9,3,333,77,78,100,440,172,265,199,197,107,161,317,264,261,266,336,129,58,160,126,229,7,236,112,155,340,237,95,238,119,154,128,223,159,122,8,273,158,127,193,116,140,91,118,168,4,169,6,142,120,135,123,132,104,138,358,137,133,97,136,106,124,108,139,111,131,141,113,92,313,117,318,411,61,105,341,319,274,54,342,99,408,315,314,344,60,148,62,320,268,267,316,356,96,153,18,351,413,114,57,134,121,412,130,231,115,125,5,110,56,191,65,72,271,67,277,87,355,89,76,68,370,377,374,17,71,275,74,346,276,371,55,367,73,152,357,109,335,75,59,196,194,343,195,63,220,215,70,33,347,166,64,173,170,401,34,143,354,144,151,149,353,222,407,406,150,163,405,227,221,192,190,226,233,228,82,225,235,234,352,83,84,85,366,303,232,176,53,86,350,365,177,189,364,345,302,219,362,363,167,14,81,175,11,13,10,32,180,31,80,174,349,181,12,348,216,217,218,188,361,183,481,179,301,79,182,427,16,430,487,428,429,0,15,455,445,450,19,1,448,453,260,446,484,464,485,442,439,432,456,479,431,438,451,449,447,467,470,28,452,436,458,465,462,473,422,461,20,488,433,476,257,459,256,468,474,471,477,437,454,517,457,509,423,259,444,258,486,480,482,483,506,187,508,359,21,185,22,23,24,184,186,25,360,26,528,498,27,29,425,30,322,489,324,325,323,388,526,510,527,391,390,525,503,499,490,515,321,505,504,389,426,507,500,434,435,497,523,524,516,424,533,529,501,101,102,513,103,514,512,511,519,502,329,518,330,327,494,326,522,521,520,2,331,328,492,493,495,534,491,531,535,530,532,536,496,
402,369,403,404,309,69,241,311,250,254,305,308,310,306,253,304,255,247,252,246,251,410,243,242,248,249,240,245,466,478,244,463,475,90,368,295,419,469,472,307,312,460,417,293,298,297,376,286,421,409,375,281,287,239,300,292,290,299,443,420,338,198,373,214,211,415,418,339,209,203,416,269,157,202,210,204,398,205,201,200,208,207,291,289,288,206,98,212,213,387,50,334,88,385,372,384,383,280,414,178,263,262,393,395,52,49,337,93,272,441,48,146,171,164,332,47,392,381,165,294,386,382,44,41,285,45,284,397,51,396,378,380,379,147,46,278,283,282,394,270,296,145,36,38,224,37,35,39,279,40,66,43,162,42,399,400,156,94,230,9,3,333,77,100,78,440,172,265,199,197,161,107,317,261,264,266,336,58,129,160,126,229,7,236,112,155,340,238,237,95,128,154,119,223,159,273,158,122,8,127,116,140,193,91,118,168,4,6,169,142,132,104,123,135,138,120,137,97,358,133,136,124,106,139,111,108,113,141,131,117,313,92,411,318,341,105,61,319,342,54,99,274,408,315,314,344,60,62,148,320,96,356,268,316,267,18,153,351,114,412,121,57,413,134,231,125,130,115,5,110,56,65,67,191,72,271,355,277,87,89,76,68,17,374,71,377,370,275,74,346,276,371,55,367,73,152,357,109,335,75,59,196,194,343,195,63,220,70,215,33,166,347,173,64,170,143,401,34,354,144,149,151,222,353,407,406,150,163,227,405,221,226,192,228,190,233,225,82,235,234,352,366,84,83,85,53,232,303,176,86,350,365,177,189,364,345,362,302,167,363,219,81,175,14,11,32,13,10,31,80,180,174,181,349,348,12,218,188,216,217,361,183,179,481,301,79,182,427,16,430,487,428,429,0,15,455,445,450,19,448,1,453,260,446,464,484,442,485,439,432,479,456,431,438,451,449,447,470,467,28,436,452,462,458,465,473,422,461,20,476,488,433,257,471,437,256,468,477,474,459,454,517,457,509,259,423,444,258,486,482,480,483,506,187,508,359,21,185,22,186,184,24,23,25,360,26,528,498,425,30,27,29,324,489,322,325,388,323,526,510,527,525,391,499,490,390,503,515,321,389,505,504,426,507,500,434,435,523,497,533,424,524,516,529,501,101,513,512,514,102,103,511,519,502,329,327,330,518,494,326,521,522,520,331,328,2,532,536,534,491,495,496,531,530,493,492,535,
402,369,403,404,309,69,241,311,250,254,305,308,310,306,253,304,255,247,252,246,251,410,243,242,248,249,240,245,466,478,244,463,90,368,475,295,419,469,472,307,312,460,417,293,297,298,376,286,421,375,409,281,287,239,300,292,290,299,443,420,338,198,373,214,211,415,418,339,209,203,416,269,157,210,202,204,398,205,201,200,208,207,291,289,288,206,98,212,213,387,50,334,88,385,372,384,383,280,414,178,263,262,393,395,52,49,337,93,272,441,48,146,171,164,332,47,381,392,165,294,44,41,45,386,382,285,51,397,284,379,396,380,378,147,278,46,283,282,270,394,296,36,145,38,224,35,37,39,279,66,40,43,162,42,399,400,156,94,9,230,3,333,77,78,100,440,172,265,199,197,107,161,317,261,264,266,336,160,58,129,126,229,7,236,155,112,340,95,237,238,119,128,154,223,159,158,8,122,273,127,193,116,140,91,118,168,4,6,169,142,138,135,120,104,123,132,133,97,358,136,137,106,124,111,139,108,141,113,131,117,92,313,318,61,105,341,411,319,99,342,54,274,315,408,314,344,148,60,62,320,316,96,356,267,268,153,18,351,57,121,114,134,412,413,115,130,125,231,56,110,5,271,191,65,67,72,355,277,87,89,76,68,71,377,17,370,374,74,346,275,371,276,55,367,152,73,357,109,75,335,59,196,343,194,195,63,220,70,33,215,166,347,64,173,170,34,143,401,354,144,149,151,222,353,406,407,150,227,405,163,190,192,226,221,233,228,82,225,234,235,352,84,85,83,366,53,232,303,176,86,350,189,177,365,345,364,167,302,363,219,362,14,175,81,11,10,13,32,80,180,31,174,349,181,12,348,217,218,188,216,361,183,481,179,79,301,182,427,16,430,487,428,429,0,15,455,445,19,450,1,448,260,453,484,464,446,485,442,432,439,479,456,431,451,438,447,449,467,470,28,436,452,458,465,462,473,461,422,20,476,488,433,257,474,437,468,459,471,477,256,454,517,457,509,423,259,444,258,480,486,482,483,506,187,508,359,21,185,23,186,24,184,22,25,360,26,498,528,30,425,29,27,489,324,322,325,388,323,510,526,527,499,525,390,503,490,391,515,321,505,389,504,507,426,500,434,435,523,497,529,533,524,424,516,101,501,514,103,512,102,511,513,519,502,327,330,518,329,521,326,520,494,522,331,328,2,492,532,495,530,496,491,535,531,534,493,536,
402,369,403,404,309,69,241,311,250,254,305,310,308,306,253,304,255,247,252,246,251,410,243,242,249,248,240,245,466,478,244,463,475,368,90,295,419,469,472,307,312,460,417,293,298,297,376,286,421,409,375,281,287,239,300,292,290,299,443,420,338,198,373,214,211,415,418,339,203,209,416,269,157,210,202,398,204,205,201,200,207,208,291,289,288,206,98,212,213,50,387,334,88,385,372,384,280,383,414,178,263,262,393,395,52,49,337,93,272,441,146,48,171,164,332,47,392,381,165,294,382,285,386,45,41,44,51,397,284,379,378,396,380,147,278,46,283,282,394,270,296,145,36,38,224,35,37,39,40,66,279,43,162,42,399,156,400,94,230,9,3,333,77,100,78,440,172,265,199,197,161,107,317,264,261,266,336,58,129,160,126,229,7,112,236,155,340,237,238,95,128,154,119,223,159,122,8,273,158,127,193,116,140,91,118,4,168,6,169,142,138,135,132,104,123,120,133,137,97,136,358,124,106,111,108,139,141,113,131,117,313,92,341,61,411,318,105,319,99,342,274,54,315,408,344,314,62,60,148,320,356,316,268,267,96,18,153,351,121,114,412,134,57,413,130,115,125,231,5,56,110,191,67,65,72,271,355,87,277,89,68,76,71,374,370,377,17,275,74,346,276,371,367,55,152,73,357,109,75,335,59,196,343,194,63,195,220,33,215,70,347,166,173,64,170,143,401,34,354,144,151,149,353,222,150,407,406,163,227,405,228,190,226,192,233,221,225,82,235,234,352,366,85,83,84,176,53,303,232,350,86,177,189,365,345,364,302,219,363,362,167,175,81,14,11,10,32,13,174,80,31,180,181,349,12,348,217,216,218,188,361,183,179,481,301,79,182,427,16,430,487,429,428,0,15,455,445,19,450,1,448,260,453,446,484,464,442,485,432,439,456,479,431,451,438,447,449,470,467,28,452,436,465,462,458,473,422,461,20,433,488,476,257,468,477,459,437,471,474,256,454,517,457,509,259,423,444,258,482,486,480,483,506,187,508,359,21,185,22,184,23,186,24,25,360,26,498,528,27,30,29,425,489,324,322,388,323,325,510,526,527,499,503,390,525,490,391,515,321,505,389,504,426,507,500,434,435,523,497,524,533,529,424,516,501,101,103,512,511,513,102,514,519,502,330,327,329,518,494,521,326,522,520,328,331,2,495,492,534,530,536,531,493,532,491,496,535,
402,369,403,404,309,69,241,311,250,254,305,308,310,306,253,304,255,247,252,246,251,410,243,242,248,249,240,245,466,478,244,463,475,368,90,295,419,469,472,307,312,460,417,293,298,297,376,286,421,375,409,281,287,239,300,292,290,299,443,420,338,198,373,214,211,415,418,339,209,203,416,269,157,202,210,204,398,205,201,200,208,207,291,289,288,98,206,212,213,50,387,334,88,385,372,384,280,383,414,178,263,262,393,395,52,49,337,93,272,441,48,146,171,164,332,47,165,381,392,294,285,382,386,45,41,44,284,397,51,396,380,379,378,147,278,46,283,282,270,394,296,36,145,38,224,35,37,39,279,40,66,43,162,42,399,400,156,94,9,230,3,333,77,78,100,440,172,265,199,197,107,161,317,261,264,266,336,160,129,58,126,229,7,112,236,155,340,95,238,237,119,154,128,223,159,273,8,158,122,127,193,116,140,91,118,168,4,6,169,142,132,135,123,120,138,104,136,358,97,137,133,124,106,108,139,111,141,113,131,117,92,313,105,61,318,411,341,319,99,274,342,54,408,315,314,344,60,62,148,320,267,96,268,316,356,153,351,18,121,412,57,114,134,413,231,125,130,115,5,56,110,271,67,65,72,191,87,355,277,89,76,68,370,17,377,71,374,275,346,74,276,371,367,55,152,73,357,109,335,75,59,196,194,343,63,195,220,70,215,33,347,166,173,64,170,401,143,34,354,144,151,149,222,353,406,407,150,405,227,163,226,228,192,190,221,233,225,82,235,234,352,83,366,85,84,53,303,176,232,86,350,365,177,189,364,345,302,362,363,219,167,14,175,81,11,32,13,10,31,174,180,80,181,349,12,348,217,216,218,188,361,183,179,481,79,301,182,427,16,430,487,428,429,0,15,455,445,19,450,1,448,260,453,446,464,484,442,485,432,439,479,456,438,451,431,449,447,467,470,28,452,436,462,458,465,473,461,422,20,433,476,488,257,477,256,459,474,437,471,468,454,517,457,509,444,423,259,258,480,486,482,483,506,187,508,359,21,185,22,186,23,184,24,25,360,26,528,498,30,27,425,29,322,489,324,388,325,323,510,526,527,391,499,490,525,390,503,515,321,504,505,389,507,426,434,500,435,497,523,524,424,533,529,516,501,101,512,511,514,102,103,513,519,502,329,330,518,327,520,521,326,522,494,331,328,2,492,491,493,534,495,531,536,496,532,535,530,
402,369,403,404,309,69,241,311,250,254,305,310,308,306,253,304,255,247,252,246,251,410,243,242,249,248,240,245,466,478,244,463,368,475,90,295,419,469,472,307,312,460,417,293,297,298,376,286,421,375,409,281,287,239,300,292,290,299,443,420,338,198,373,214,211,418,415,339,209,203,416,269,157,202,210,204,398,205,201,200,207,208,291,289,288,98,206,212,213,387,50,334,88,385,372,384,280,383,414,178,263,262,393,395,52,49,337,93,272,441,48,146,171,164,332,47,381,392,165,294,382,44,45,285,386,41,397,284,51,378,379,380,396,147,278,46,283,282,394,270,296,145,36,38,224,37,35,39,66,40,279,43,162,42,399,156,400,94,9,230,3,333,77,100,78,440,172,265,199,197,161,107,317,261,264,266,336,160,58,129,126,229,7,112,155,236,340,238,95,237,154,128,119,223,159,273,122,158,8,127,116,193,140,91,118,4,168,169,6,142,104,123,120,132,138,135,97,136,358,133,137,106,124,139,108,111,141,131,113,117,92,313,318,105,411,61,341,319,274,99,342,54,315,408,314,344,148,60,62,320,356,268,96,267,316,153,351,18,121,412,413,114,134,57,231,115,130,125,5,56,110,65,67,271,191,72,355,87,277,89,68,76,377,71,17,374,370,346,275,74,371,276,367,55,152,73,357,109,75,335,59,196,343,194,195,63,220,33,70,215,166,347,173,64,170,34,143,401,354,144,151,149,353,222,406,407,150,227,163,405,221,190,233,228,226,192,225,82,235,234,352,85,83,366,84,232,303,53,176,86,350,189,365,177,364,345,219,363,167,362,302,81,14,175,11,13,10,32,174,31,180,80,181,349,12,348,216,217,218,188,361,183,179,481,301,79,182,427,16,430,487,429,428,0,15,455,445,450,19,448,1,260,453,446,464,484,485,442,432,439,456,479,451,431,438,449,447,467,470,28,436,452,462,465,458,473,461,422,20,433,476,488,257,437,468,256,474,477,471,459,454,517,457,509,423,444,259,258,480,482,486,483,506,187,508,359,21,185,24,22,23,186,184,25,360,26,528,498,29,27,425,30,322,489,324,323,325,388,526,510,527,390,490,503,391,499,525,515,321,505,389,504,426,507,434,500,435,523,497,529,424,524,516,533,501,101,514,103,511,513,512,102,519,502,330,518,329,327,326,494,521,520,522,2,328,331,531,491,495,493,530,536,532,534,535,496,492,
402,369,403,404,309,69,241,311,250,254,305,308,310,306,253,304,255,247,252,246,251,410,243,242,248,249,240,245,466,478,244,463,368,475,90,295,419,469,472,307,312,460,417,293,297,298,376,286,421,375,409,281,287,239,300,292,290,299,443,420,338,198,373,214,211,418,415,339,203,209,269,416,157,202,210,204,398,205,201,200,208,207,291,289,288,98,206,212,213,50,387,334,88,385,372,384,280,383,414,178,263,262,393,395,52,49,337,93,272,441,48,146,171,164,332,47,381,165,392,294,44,382,45,285,41,386,397,51,284,396,380,378,379,147,46,278,283,282,394,270,296,36,145,38,224,37,35,39,66,40,279,43,162,42,399,400,156,94,230,9,3,333,77,78,100,440,172,265,199,197,107,161,317,261,264,266,336,129,160,58,126,229,7,155,112,236,340,237,95,238,154,128,119,223,159,158,8,273,122,127,140,116,193,91,118,168,4,6,169,142,123,132,104,138,120,135,97,137,358,133,136,124,106,108,111,139,141,113,131,313,92,117,318,411,61,341,105,319,99,54,342,274,408,315,314,344,60,62,148,320,356,268,316,267,96,351,153,18,121,412,413,114,134,57,231,125,130,115,56,110,5,67,72,271,191,65,277,355,87,89,76,68,374,71,377,17,370,74,346,275,371,276,55,367,73,152,357,109,75,335,59,196,194,343,63,195,220,70,33,215,347,166,64,173,170,401,143,34,354,144,151,149,353,222,150,406,407,163,227,405,192,233,190,228,226,221,225,82,234,235,352,83,85,366,84,303,232,176,53,86,350,189,365,177,364,345,363,167,302,362,219,14,175,81,11,10,32,13,31,80,174,180,181,349,348,12,188,217,218,216,361,183,179,481,79,301,182,427,16,430,487,429,428,0,15,455,445,19,450,1,448,260,453,464,484,446,442,485,432,439,456,479,431,451,438,447,449,467,470,28,436,452,462,465,458,473,422,461,20,476,488,433,257,477,468,471,474,459,256,437,454,517,457,509,259,423,444,258,480,482,486,483,506,187,508,359,21,185,184,24,186,22,23,25,360,26,528,498,29,30,27,425,322,324,489,323,388,325,510,526,527,390,391,499,503,525,490,515,321,389,505,504,507,426,434,500,435,523,497,524,533,516,424,529,501,101,103,512,513,514,102,511,519,502,518,329,330,327,326,494,522,521,520,331,328,2,493,534,491,532,492,496,531,536,495,535,530,
402,369,403,404,309,69,241,311,250,254,305,308,310,306,253,304,255,247,252,246,251,410,243,242,249,248,240,245,466,478,244,463,368,475,90,295,419,469,472,307,312,460,417,293,298,297,376,286,421,375,409,281,287,239,300,292,290,299,443,420,338,198,373,214,211,415,418,339,203,209,416,269,157,202,210,204,398,205,201,200,208,207,291,289,288,206,98,212,213,50,387,334,88,385,372,384,280,383,414,178,263,262,393,395,52,49,337,93,441,272,146,48,171,164,332,47,381,165,392,294,382,44,41,386,45,285,284,397,51,396,380,378,379,147,278,46,283,282,270,394,296,36,145,38,224,35,37,39,40,279,66,43,162,42,399,156,400,94,230,9,3,333,77,100,78,440,172,265,199,197,161,107,317,261,264,266,336,58,160,129,126,229,7,112,236,155,340,237,95,238,119,154,128,223,159,158,8,122,273,127,193,116,140,91,118,4,168,169,6,142,132,138,135,123,120,104,97,358,137,133,136,106,124,108,139,111,113,131,141,117,92,313,61,318,341,105,411,319,54,342,274,99,408,315,344,314,62,148,60,320,356,268,267,316,96,18,153,351,114,134,57,412,121,413,125,231,115,130,56,110,5,271,67,65,72,191,355,277,87,89,76,68,374,370,71,377,17,346,74,275,371,276,367,55,152,73,357,109,75,335,59,196,343,194,63,195,220,70,215,33,166,347,64,173,170,34,401,143,354,144,149,151,353,222,407,150,406,405,163,227,192,228,233,221,190,226,225,82,234,235,352,85,84,83,366,232,53,176,303,86,350,365,189,177,345,364,219,362,167,302,363,14,81,175,11,13,10,32,174,180,31,80,349,181,12,348,218,188,216,217,361,183,179,481,301,79,182,427,16,430,487,428,429,15,0,455,445,450,19,448,1,260,453,446,464,484,485,442,439,432,456,479,431,451,438,449,447,467,470,28,436,452,458,462,465,473,461,422,20,433,488,476,257,474,471,459,437,256,468,477,454,517,457,509,444,259,423,258,480,486,482,483,506,187,508,359,21,185,22,184,24,23,186,25,360,26,528,498,27,29,425,30,324,489,322,323,325,388,510,526,527,390,503,525,499,490,391,515,321,505,389,504,507,426,434,500,435,497,523,533,524,424,529,516,101,501,514,103,512,513,102,511,519,502,329,327,330,518,522,520,521,494,326,331,328,2,531,493,492,532,495,536,534,496,491,530,535,
402,369,403,404,309,69,241,311,250,254,305,310,308,306,253,304,255,247,252,246,251,410,243,242,248,249,240,245,466,478,244,463,368,90,475,295,419,469,472,307,312,460,417,293,298,297,376,286,421,409,375,281,287,239,300,292,290,299,443,420,338,198,373,214,211,418,415,339,203,209,416,269,157,202,210,398,204,205,201,200,208,207,291,289,288,206,98,212,213,50,387,334,88,385,372,384,383,280,414,178,263,262,393,395,52,49,337,93,272,441,48,146,171,164,332,47,392,381,165,294,44,386,41,382,285,45,284,397,51,378,396,380,379,147,278,46,283,282,270,394,296,145,36,38,224,37,35,39,279,40,66,43,162,42,399,400,156,94,9,230,3,333,77,78,100,440,172,265,199,197,161,107,317,264,261,266,336,129,58,160,126,229,7,236,112,155,340,238,95,237,154,128,119,223,159,8,273,158,122,127,116,193,140,91,118,168,4,169,6,142,138,132,120,123,135,104,136,97,133,137,358,124,106,139,111,108,131,113,141,313,92,117,105,318,61,341,411,319,274,54,99,342,315,408,314,344,148,60,62,320,96,268,267,316,356,351,153,18,114,413,57,121,412,134,130,231,115,125,56,5,110,65,72,271,191,67,355,87,277,89,76,68,71,377,370,374,17,275,74,346,371,276,367,55,73,152,357,109,335,75,59,196,343,194,195,63,220,33,70,215,166,347,173,64,170,34,401,143,354,144,151,149,353,222,406,407,150,405,163,227,192,233,221,226,228,190,82,225,234,235,352,366,83,84,85,53,232,176,303,86,350,177,365,189,364,345,219,167,363,362,302,14,175,81,11,10,13,32,180,174,31,80,181,349,12,348,216,218,217,188,361,183,481,179,79,301,182,427,16,430,487,428,429,15,0,455,445,450,19,448,1,260,453,464,446,484,442,485,439,432,479,456,451,438,431,447,449,467,470,28,452,436,458,465,462,473,461,422,20,476,433,488,257,474,256,437,459,477,468,471,454,517,457,509,423,444,259,258,480,486,482,483,506,187,508,359,21,185,24,22,184,186,23,25,360,26,528,498,30,425,27,29,322,489,324,325,388,323,526,510,527,525,499,490,391,390,503,515,321,505,504,389,507,426,434,500,435,523,497,529,516,524,424,533,501,101,512,102,103,511,513,514,519,502,327,518,329,330,520,521,494,522,326,331,2,328,530,534,532,495,535,493,496,492,536,531,491,
402,369,403,404,309,69,241,311,250,254,305,308,310,306,253,304,255,247,252,246,251,410,243,242,248,249,240,245,466,478,244,463,90,368,475,295,419,469,472,307,312,460,417,293,297,298,376,286,421,409,375,281,287,239,300,292,290,299,443,420,338,198,373,214,211,415,418,339,209,203,269,416,157,202,210,398,204,205,201,200,207,208,291,289,288,206,98,212,213,50,387,334,88,385,372,384,280,383,414,178,262,263,393,395,52,49,337,93,272,441,48,146,171,164,332,47,381,392,165,294,44,41,386,382,45,285,284,51,397,379,396,380,378,147,278,46,283,282,270,394,296,145,36,38,224,35,37,39,40,279,66,43,162,42,399,400,156,94,9,230,3,333,77,78,100,440,172,265,199,197,161,107,317,261,264,266,336,58,129,160,126,229,7,155,112,236,340,237,238,95,128,154,119,223,159,158,122,8,273,127,193,116,140,91,118,4,168,6,169,142,120,132,135,123,138,104,136,133,137,97,358,106,124,139,111,108,131,141,113,117,313,92,341,105,61,318,411,319,99,342,274,54,408,315,344,314,148,62,60,320,356,267,268,316,96,153,351,18,412,121,413,57,114,134,231,130,125,115,5,110,56,271,191,72,65,67,87,355,277,89,76,68,17,374,370,377,71,346,275,74,371,276,367,55,152,73,357,109,75,335,59,196,194,343,195,63,220,33,70,215,347,166,173,64,170,143,34,401,354,144,149,151,222,353,407,406,150,163,405,227,190,221,228,192,226,233,82,225,235,234,352,84,366,83,85,53,176,232,303,86,350,365,177,189,364,345,167,302,219,363,362,175,14,81,11,13,32,10,174,31,180,80,349,181,348,12,218,188,217,216,361,183,179,481,79,301,182,427,16,430,487,428,429,15,0,455,445,450,19,448,1,260,453,484,446,464,442,485,439,432,456,479,438,451,431,447,449,470,467,28,436,452,462,465,458,473,461,422,20,488,476,433,257,256,437,468,471,474,459,477,454,517,457,509,423,259,444,258,480,486,482,483,506,187,508,359,21,185,22,24,184,186,23,25,360,26,528,498,29,425,27,30,322,324,489,323,388,325,526,510,527,390,499,391,525,503,490,515,321,504,389,505,426,507,434,500,435,523,497,516,533,424,524,529,101,501,514,102,513,512,511,103,519,502,329,518,327,330,326,522,494,521,520,2,331,328,492,491,495,535,532,536,531,493,496,534,530,
402,369,403,404,309,69,241,311,250,254,305,308,310,306,253,304,255,247,252,246,251,410,243,242,249,248,240,245,466,478,244,463,368,90,475,295,419,469,472,307,312,460,417,293,297,298,376,286,421,409,375,281,287,239,300,292,290,299,443,420,338,198,373,214,211,415,418,339,203,209,269,416,157,210,202,398,204,205,201,200,208,207,291,289,288,98,206,212,213,387,50,334,88,385,372,384,280,383,414,178,263,262,393,395,52,49,337,93,272,441,48,146,171,164,332,47,165,392,381,294,45,285,386,44,41,382,284,51,397,380,378,396,379,147,46,278,283,282,394,270,296,145,36,38,224,37,35,39,66,279,40,43,162,42,399,400,156,94,9,230,3,333,77,100,78,440,172,265,199,197,161,107,317,264,261,266,336,160,58,129,126,229,7,112,155,236,340,95,237,238,154,128,119,223,159,273,8,122,158,127,116,140,193,91,118,168,4,6,169,142,135,132,120,104,138,123,136,358,133,97,137,124,106,108,139,111,141,131,113,117,92,313,318,61,411,105,341,319,274,342,99,54,315,408,344,314,148,62,60,320,267,96,268,316,356,153,18,351,57,412,121,413,114,134,130,231,125,115,5,110,56,65,191,67,72,271,87,277,355,89,68,76,17,71,370,377,374,346,74,275,371,276,55,367,152,73,357,109,75,335,59,196,194,343,63,195,220,215,33,70,347,166,173,64,170,401,143,34,354,144,151,149,222,353,406,407,150,163,405,227,190,226,233,192,221,228,82,225,234,235,352,85,84,366,83,232,53,303,176,86,350,365,189,177,345,364,219,363,362,167,302,175,81,14,11,13,32,10,174,31,180,80,349,181,12,348,218,216,188,217,361,183,179,481,79,301,182,427,16,430,487,429,428,0,15,455,445,450,19,1,448,453,260,464,484,446,485,442,432,439,479,456,451,438,431,449,447,467,470,28,436,452,462,465,458,473,422,461,20,433,488,476,257,437,468,474,477,471,459,256,454,517,457,509,444,259,423,258,486,482,480,483,506,187,508,359,21,185,184,24,22,23,186,25,360,26,498,528,425,30,29,27,489,322,324,388,323,325,526,510,527,390,499,490,525,503,391,515,321,504,505,389,426,507,434,500,435,497,523,533,529,524,424,516,101,501,512,103,513,511,102,514,519,502,330,327,518,329,494,520,521,522,326,331,328,2,495,531,530,496,535,493,532,492,491,536,534,
402,369,403,404,309,69,241,311,250,254,305,308,310,306,253,304,255,247,252,246,251,410,243,242,249,248,240,245,466,478,244,463,90,368,475,295,419,469,472,307,312,460,417,293,298,297,376,286,421,409,375,281,287,239,300,292,290,299,443,420,338,198,373,214,211,418,415,339,209,203,269,416,157,210,202,204,398,205,201,200,207,208,291,289,288,98,206,212,213,387,50,334,88,385,372,384,280,383,414,178,262,263,393,395,52,49,337,93,441,272,146,48,171,164,332,47,381,392,165,294,386,44,382,285,41,45,397,284,51,379,380,396,378,147,278,46,283,282,394,270,296,36,145,38,224,37,35,39,66,40,279,43,162,42,399,400,156,94,230,9,3,333,77,100,78,440,172,265,199,197,161,107,317,261,264,266,336,58,160,129,126,229,7,155,236,112,340,95,237,238,154,128,119,223,159,8,273,122,158,127,116,193,140,91,118,168,4,6,169,142,104,138,120,132,123,135,358,97,136,137,133,124,106,111,139,108,141,131,113,92,313,117,341,61,105,318,411,319,342,99,54,274,315,408,314,344,62,60,148,320,268,316,96,267,356,18,153,351,121,413,114,134,57,412,130,115,231,125,56,5,110,65,67,72,191,271,355,87,277,89,68,76,374,377,17,71,370,74,275,346,371,276,367,55,73,152,357,109,75,335,59,196,343,194,63,195,220,215,33,70,347,166,64,173,170,143,34,401,354,144,151,149,222,353,150,406,407,227,405,163,221,192,233,226,190,228,225,82,234,235,352,85,84,83,366,176,53,303,232,86,350,365,177,189,345,364,167,219,302,362,363,81,14,175,11,10,13,32,180,174,31,80,349,181,12,348,216,218,188,217,361,183,179,481,301,79,182,427,16,430,487,429,428,15,0,455,445,19,450,448,1,453,260,484,446,464,485,442,432,439,479,456,451,438,431,447,449,467,470,28,436,452,458,465,462,473,422,461,20,433,488,476,257,256,468,474,459,471,437,477,454,517,457,509,259,423,444,258,480,486,482,483,506,187,508,359,21,185,186,23,22,24,184,25,360,26,528,498,27,29,30,425,324,489,322,323,325,388,510,526,527,391,525,499,490,503,390,515,321,389,505,504,507,426,434,500,435,523,497,424,533,529,524,516,101,501,103,512,514,102,513,511,519,502,330,518,329,327,520,494,326,522,521,331,2,328,493,496,532,495,491,492,531,535,530,536,534,
402,369,403,404,309,69,241,311,250,254,305,310,308,306,253,304,255,247,252,246,251,410,243,242,248,249,240,245,466,478,244,463,90,475,368,295,419,469,472,307,312,460,417,293,297,298,376,286,421,409,375,281,287,239,300,292,290,299,443,420,338,198,373,214,211,418,415,339,209,203,269,416,157,202,210,204,398,205,201,200,208,207,291,289,288,98,206,212,213,50,387,334,88,385,372,384,280,383,414,178,262,263,393,395,52,49,337,93,441,272,146,48,171,164,332,47,165,381,392,294,285,386,45,41,44,382,397,284,51,396,380,379,378,147,46,278,283,282,270,394,296,145,36,38,224,35,37,39,279,40,66,43,162,42,399,156,400,94,230,9,3,333,77,78,100,440,172,265,199,197,161,107,317,261,264,266,336,58,129,160,126,229,7,155,236,112,340,95,237,238,119,154,128,223,159,158,8,122,273,127,116,140,193,91,118,168,4,169,6,142,135,120,138,104,123,132,136,133,137,358,97,106,124,108,139,111,141,131,113,313,117,92,61,318,411,105,341,319,99,54,342,274,315,408,344,314,60,62,148,320,356,267,268,316,96,351,18,153,57,114,121,413,412,134,130,231,115,125,5,110,56,72,191,65,271,67,355,277,87,89,68,76,377,17,71,374,370,74,275,346,276,371,55,367,152,73,357,109,335,75,59,196,343,194,63,195,220,215,33,70,347,166,173,64,170,401,34,143,354,144,151,149,222,353,406,407,150,405,163,227,226,192,221,233,228,190,82,225,234,235,352,83,85,84,366,232,53,176,303,86,350,365,177,189,345,364,167,362,302,219,363,14,175,81,11,10,32,13,174,80,31,180,349,181,348,12,188,216,217,218,361,183,481,179,79,301,182,427,16,430,487,429,428,0,15,455,445,19,450,448,1,453,260,484,464,446,485,442,432,439,456,479,438,451,431,449,447,470,467,28,436,452,458,465,462,473,461,422,20,476,488,433,257,471,437,477,459,474,256,468,454,517,457,509,444,423,259,258,480,482,486,483,506,187,508,359,21,185,184,24,186,23,22,25,360,26,528,498,27,425,30,29,322,324,489,323,325,388,526,510,527,390,490,391,503,525,499,515,321,504,389,505,507,426,500,434,435,497,523,516,533,529,524,424,501,101,103,511,512,514,513,102,519,502,327,330,518,329,326,521,494,522,520,328,331,2,535,491,496,495,531,536,534,493,492,532,530,
402,369,403,404,309,69,241,311,250,254,305,310,308,306,253,304,255,247,252,246,251,410,243,242,248,249,240,245,466,478,244,463,90,475,368,295,419,469,472,307,312,460,417,293,297,298,376,286,421,409,375,281,287,239,300,292,290,299,443,420,338,198,373,214,211,418,415,339,203,209,416,269,157,202,210,204,398,205,201,200,208,207,291,289,288,206,98,212,213,387,50,334,88,385,372,384,280,383,414,178,262,263,393,395,52,49,337,93,441,272,48,146,171,164,332,47,392,381,165,294,386,41,45,44,285,382,284,51,397,396,379,378,380,147,278,46,283,282,270,394,296,145,36,38,224,35,37,39,279,66,40,43,162,42,399,400,156,94,9,230,3,333,77,78,100,440,172,265,199,197,107,161,317,261,264,266,336,129,160,58,126,229,7,155,236,112,340,238,95,237,119,154,128,223,159,273,8,158,122,127,116,193,140,91,118,168,4,6,169,142,104,120,138,123,135,132,137,97,136,358,133,124,106,111,108,139,141,131,113,313,117,92,61,105,341,411,318,319,274,54,99,342,408,315,344,314,60,148,62,320,316,96,267,268,356,351,153,18,121,412,134,57,114,413,115,125,231,130,56,5,110,271,65,191,72,67,277,355,87,89,76,68,377,71,374,17,370,275,346,74,371,276,367,55,73,152,357,109,75,335,59,196,343,194,195,63,220,70,215,33,347,166,64,173,170,143,34,401,354,144,149,151,222,353,406,407,150,163,405,227,221,233,192,226,190,228,225,82,235,234,352,84,85,366,83,176,53,303,232,350,86,189,177,365,364,345,302,362,219,167,363,14,175,81,11,10,32,13,80,180,174,31,349,181,348,12,218,216,217,188,361,183,179,481,301,79,182,427,16,430,487,428,429,15,0,455,445,19,450,448,1,453,260,484,446,464,442,485,432,439,479,456,451,438,431,447,449,470,467,28,436,452,465,462,458,473,461,422,20,433,476,488,257,471,437,256,459,468,477,474,454,517,457,509,423,444,259,258,480,486,482,483,506,187,508,359,21,185,23,184,24,186,22,25,360,26,528,498,30,27,425,29,324,489,322,325,388,323,510,526,527,391,499,503,390,490,525,515,321,504,389,505,507,426,434,500,435,523,497,524,533,529,516,424,101,501,512,511,514,102,513,103,519,502,329,327,518,330,521,494,522,520,326,2,331,328,495,530,496,534,532,536,531,535,492,491,493,
402,369,403,404,309,69,241,311,250,254,305,308,310,306,253,304,255,247,252,246,251,410,243,242,248,249,240,245,466,478,244,463,475,90,368,295,419,469,472,307,312,460,417,293,297,298,376,286,421,409,375,281,287,239,300,292,290,299,443,420,338,198,373,214,211,418,415,339,209,203,269,416,157,202,210,204,398,205,201,200,208,207,291,289,288,206,98,212,213,50,387,334,88,385,372,384,280,383,414,178,263,262,393,395,52,49,337,93,441,272,48,146,171,164,332,47,165,392,381,294,44,285,41,386,45,382,284,397,51,380,379,396,378,147,278,46,283,282,270,394,296,145,36,38,224,37,35,39,279,66,40,43,162,42,399,400,156,94,230,9,3,333,77,100,78,440,172,265,199,197,161,107,317,264,261,266,336,160,129,58,126,229,7,236,112,155,340,95,238,237,128,154,119,223,159,8,122,273,158,127,116,140,193,91,118,4,168,6,169,142,123,132,104,138,120,135,133,97,136,137,358,124,106,111,108,139,113,141,131,92,313,117,411,61,105,318,341,319,54,274,342,99,315,408,314,344,60,62,148,320,268,356,267,316,96,153,18,351,134,412,413,57,121,114,231,125,115,130,5,56,110,65,67,191,271,72,87,355,277,89,68,76,374,71,377,370,17,74,346,275,371,276,367,55,73,152,357,109,75,335,59,196,343,194,63,195,220,70,215,33,347,166,173,64,170,143,34,401,354,144,151,149,353,222,406,150,407,227,163,405,226,221,228,190,233,192,225,82,235,234,352,83,366,85,84,53,176,303,232,350,86,365,189,177,345,364,302,219,362,167,363,14,175,81,11,13,32,10,180,31,80,174,349,181,348,12,217,218,188,216,361,183,179,481,79,301,182,427,16,430,487,428,429,15,0,455,445,450,19,448,1,453,260,484,464,446,442,485,439,432,456,479,431,438,451,449,447,467,470,28,436,452,465,462,458,473,461,422,20,433,476,488,257,256,468,477,437,459,471,474,454,517,457,509,423,259,444,258,480,482,486,483,506,187,508,359,21,185,22,186,184,23,24,25,360,26,528,498,29,425,30,27,324,322,489,323,325,388,526,510,527,499,390,525,490,503,391,515,321,389,505,504,507,426,500,434,435,523,497,533,524,424,516,529,101,501,512,511,102,513,514,103,519,502,518,330,327,329,326,494,522,520,521,331,328,2,496,534,531,492,532,493,491,530,536,535,495,
402,369,403,404,309,69,241,311,250,254,305,310,308,306,253,304,255,247,252,246,251,410,243,242,248,249,240,245,466,478,244,463,475,90,368,295,419,469,472,307,312,460,417,293,298,297,376,286,421,409,375,281,287,239,300,292,290,299,443,420,338,198,373,214,211,415,418,339,209,203,416,269,157,202,210,204,398,205,201,200,208,207,291,289,288,206,98,212,213,50,387,334,88,385,372,384,280,383,414,178,263,262,393,395,52,49,337,93,441,272,48,146,171,164,332,47,392,381,165,294,44,382,386,285,41,45,397,51,284,379,380,396,378,147,46,278,283,282,270,394,296,145,36,38,224,37,35,39,66,279,40,43,162,42,399,400,156,94,9,230,3,333,77,100,78,440,172,265,199,197,107,161,317,261,264,266,336,160,129,58,126,229,7,112,155,236,340,237,238,95,154,128,119,223,159,158,122,273,8,127,193,140,116,91,118,168,4,169,6,142,123,132,104,120,135,138,358,136,137,133,97,124,106,139,111,108,141,113,131,117,313,92,341,411,61,105,318,319,342,54,274,99,408,315,344,314,148,62,60,320,96,267,356,268,316,18,153,351,134,413,121,412,114,57,231,130,125,115,56,5,110,72,191,271,67,65,277,355,87,89,68,76,377,374,71,370,17,275,346,74,371,276,55,367,73,152,357,109,75,335,59,196,194,343,195,63,220,215,70,33,347,166,173,64,170,143,34,401,354,144,149,151,222,353,406,407,150,227,163,405,226,221,233,190,228,192,225,82,235,234,352,85,366,84,83,53,176,232,303,86,350,177,365,189,364,345,219,167,362,302,363,175,14,81,11,13,10,32,180,174,31,80,349,181,12,348,217,188,216,218,361,183,481,179,301,79,182,427,16,430,487,428,429,0,15,455,445,450,19,1,448,453,260,464,446,484,485,442,432,439,456,479,451,438,431,449,447,467,470,28,436,452,458,462,465,473,422,461,20,488,433,476,257,471,477,437,256,474,468,459,454,517,457,509,423,259,444,258,486,482,480,483,506,187,508,359,21,185,186,24,22,184,23,25,360,26,528,498,425,29,30,27,322,489,324,325,323,388,510,526,527,503,391,390,490,525,499,515,321,504,389,505,426,507,500,434,435,497,523,529,424,533,516,524,501,101,512,103,511,513,514,102,519,502,330,518,327,329,326,522,494,520,521,331,328,2,530,493,496,534,532,536,531,492,495,535,491,
402,369,403,404,309,69,241,311,250,254,305,308,310,306,253,304,255,247,252,246,251,410,243,242,248,249,240,245,466,478,244,463,475,368,90,295,419,469,472,307,312,460,417,293,298,297,376,286,421,375,409,281,287,239,300,292,290,299,443,420,338,198,373,214,211,418,415,339,203,209,416,269,157,210,202,398,204,205,201,200,208,207,291,289,288,206,98,212,213,50,387,334,88,385,372,384,383,280,414,178,263,262,393,395,52,49,337,93,272,441,146,48,171,164,332,47,392,381,165,294,382,386,285,41,45,44,284,397,51,378,396,379,380,147,278,46,283,282,270,394,296,36,145,38,224,37,35,39,66,40,279,43,162,42,399,156,400,94,9,230,3,333,77,100,78,440,172,265,199,197,161,107,317,264,261,266,336,160,58,129,126,229,7,155,112,236,340,95,237,238,119,154,128,223,159,8,158,122,273,127,116,193,140,91,118,168,4,169,6,142,132,135,104,123,120,138,137,133,358,136,97,124,106,108,111,139,113,131,141,92,117,313,341,61,411,105,318,319,54,274,99,342,408,315,314,344,60,62,148,320,316,356,268,267,96,351,18,153,413,412,57,121,114,134,125,231,130,115,56,5,110,67,72,271,65,191,277,355,87,89,76,68,71,370,374,17,377,275,346,74,276,371,55,367,152,73,357,109,335,75,59,196,194,343,195,63,220,33,70,215,347,166,64,173,170,401,34,143,354,144,149,151,222,353,407,406,150,163,227,405,233,228,221,226,190,192,82,225,235,234,352,84,85,366,83,176,53,303,232,86,350,365,189,177,364,345,363,219,362,302,167,14,81,175,11,10,13,32,80,31,174,180,181,349,12,348,216,217,218,188,361,183,481,179,301,79,182,427,16,430,487,428,429,15,0,455,445,450,19,448,1,453,260,446,484,464,485,442,432,439,479,456,431,438,451,447,449,470,467,28,436,452,465,462,458,473,422,461,20,433,476,488,257,471,256,477,459,437,474,468,454,517,457,509,423,444,259,258,486,480,482,483,506,187,508,359,21,185,24,186,23,22,184,25,360,26,498,528,29,30,27,425,489,322,324,388,325,323,510,526,527,390,499,525,503,391,490,515,321,505,504,389,426,507,434,500,435,497,523,529,533,424,516,524,101,501,514,513,512,511,102,103,519,502,327,518,330,329,326,494,521,520,522,331,328,2,532,535,492,531,536,496,534,530,493,491,495,
402,369,403,404,309,69,241,311,250,254,305,310,308,306,253,304,255,247,252,246,251,410,243,242,249,248,240,245,466,478,244,463,475,90,368,295,419,469,472,307,312,460,417,293,297,298,376,286,421,375,409,281,287,239,300,292,290,299,443,420,338,198,373,214,211,418,415,339,203,209,416,269,157,210,202,398,204,205,201,200,207,208,291,289,288,98,206,212,213,387,50,334,88,385,372,384,280,383,414,178,263,262,393,395,52,49,337,93,441,272,48,146,171,164,332,47,381,165,392,294,386,44,45,285,41,382,284,397,51,396,378,379,380,147,46,278,283,282,394,270,296,145,36,38,224,35,37,39,40,279,66,43,162,42,399,156,400,94,9,230,3,333,77,100,78,440,172,265,199,197,161,107,317,261,264,266,336,129,58,160,126,229,7,112,236,155,340,95,238,237,119,154,128,223,159,122,273,158,8,127,193,140,116,91,118,4,168,6,169,142,120,135,138,132,123,104,97,137,358,133,136,124,106,108,139,111,113,141,131,92,313,117,61,105,341,411,318,319,274,54,342,99,315,408,344,314,60,62,148,320,356,96,267,268,316,18,351,153,413,412,57,121,134,114,125,130,115,231,56,110,5,67,65,191,72,271,355,277,87,89,68,76,374,370,377,17,71,346,74,275,276,371,55,367,73,152,357,109,335,75,59,196,343,194,63,195,220,70,215,33,166,347,173,64,170,143,34,401,354,144,151,149,353,222,406,407,150,405,227,163,226,233,228,190,192,221,82,225,234,235,352,83,366,84,85,53,303,176,232,350,86,177,189,365,364,345,302,219,362,363,167,175,81,14,11,10,32,13,31,80,174,180,181,349,348,12,188,218,217,216,361,183,481,179,79,301,182,427,16,430,487,429,428,15,0,455,445,450,19,448,1,453,260,464,446,484,485,442,432,439,479,456,431,438,451,449,447,470,467,28,436,452,465,462,458,473,461,422,20,476,433,488,257,477,468,256,459,471,437,474,454,517,457,509,444,259,423,258,482,486,480,483,506,187,508,359,21,185,184,23,24,186,22,25,360,26,528,498,425,29,30,27,322,324,489,325,388,323,510,526,527,499,391,490,525,390,503,515,321,505,389,504,507,426,500,434,435,523,497,529,533,524,424,516,101,501,512,103,102,511,513,514,519,502,518,329,330,327,520,326,494,522,521,331,328,2,493,491,536,492,496,531,534,495,532,530,535,
402,369,403,404,309,69,241,311,250,254,305,310,308,306,253,304,255,247,252,246,251,410,243,242,249,248,240,245,466,478,244,463,90,368,475,295,419,469,472,307,312,460,417,293,297,298,376,286,421,375,409,281,287,239,300,292,290,299,443,420,338,198,373,214,211,418,415,339,209,203,269,416,157,210,202,398,204,205,201,200,207,208,291,289,288,206,98,212,213,50,387,334,88,385,372,384,383,280,414,178,262,263,393,395,52,49,337,93,441,272,146,48,171,164,332,47,165,392,381,294,44,45,285,386,382,41,284,397,51,396,379,380,378,147,46,278,283,282,394,270,296,145,36,38,224,35,37,39,66,40,279,43,162,42,399,156,400,94,230,9,3,333,77,100,78,440,172,265,199,197,161,107,317,261,264,266,336,160,58,129,126,229,7,112,236,155,340,237,95,238,154,119,128,223,159,8,273,122,158,127,140,116,193,91,118,168,4,6,169,142,135,123,104,138,132,120,136,97,137,133,358,106,124,108,111,139,131,141,113,313,117,92,318,341,61,411,105,319,342,54,99,274,408,315,314,344,148,62,60,320,96,268,267,356,316,18,153,351,121,57,413,114,412,134,115,125,130,231,110,56,5,271,72,65,191,67,87,277,355,89,68,76,370,71,377,17,374,346,74,275,276,371,55,367,152,73,357,109,335,75,59,196,343,194,195,63,220,33,215,70,347,166,173,64,170,34,143,401,354,144,151,149,222,353,407,150,406,163,405,227,190,192,233,226,221,228,225,82,235,234,352,84,85,83,366,232,303,176,53,86,350,365,189,177,364,345,302,219,363,362,167,175,14,81,11,10,32,13,174,31,80,180,349,181,12,348,218,216,217,188,361,183,481,179,301,79,182,427,16,430,487,429,428,0,15,455,445,19,450,448,1,260,453,446,464,484,485,442,432,439,456,479,451,438,431,447,449,470,467,28,436,452,462,465,458,473,422,461,20,476,488,433,257,471,437,474,468,256,477,459,454,517,457,509,423,444,259,258,482,486,480,483,506,187,508,359,21,185,184,22,24,186,23,25,360,26,528,498,29,30,425,27,324,489,322,323,325,388,510,526,527,503,390,490,525,391,499,515,321,505,389,504,507,426,500,434,435,497,523,529,424,516,533,524,501,101,513,512,514,511,103,102,519,502,327,518,330,329,520,494,522,326,521,2,331,328,496,535,491,493,532,531,536,534,492,495,530,
402,369,403,404,309,69,241,311,250,254,305,308,310,306,253,304,255,247,252,246,251,410,243,242,248,249,240,245,466,478,244,463,90,368,475,295,419,469,472,307,312,460,417,293,297,298,376,286,421,375,409,281,287,239,300,292,290,299,443,420,338,198,373,214,211,418,415,339,203,209,416,269,157,202,210,204,398,205,201,200,208,207,291,289,288,98,206,212,213,50,387,334,88,385,372,384,383,280,414,178,263,262,393,395,52,49,337,93,441,272,146,48,171,164,332,47,381,392,165,294,386,285,45,41,44,382,51,284,397,396,380,379,378,147,46,278,283,282,394,270,296,145,36,38,224,37,35,39,40,279,66,43,162,42,399,156,400,94,230,9,3,333,77,100,78,440,172,265,199,197,107,161,317,261,264,266,336,58,129,160,126,229,7,155,236,112,340,237,238,95,154,119,128,223,159,158,273,8,122,127,193,116,140,91,118,4,168,169,6,142,135,132,138,104,123,120,133,137,97,136,358,124,106,108,111,139,113,131,141,313,92,117,105,411,318,341,61,319,274,54,342,99,408,315,314,344,62,60,148,320,316,267,96,268,356,18,351,153,412,134,413,121,114,57,115,231,130,125,110,5,56,65,67,191,72,271,87,277,355,89,76,68,377,71,17,374,370,275,74,346,371,276,367,55,152,73,357,109,75,335,59,196,343,194,195,63,220,215,33,70,166,347,64,173,170,34,401,143,354,144,149,151,222,353,407,406,150,405,227,163,226,233,221,192,228,190,225,82,234,235,352,85,83,84,366,53,303,176,232,86,350,189,177,365,364,345,363,362,302,219,167,81,175,14,11,32,10,13,174,31,180,80,349,181,12,348,188,216,217,218,361,183,481,179,79,301,182,427,16,430,487,428,429,0,15,455,445,19,450,448,1,453,260,446,464,484,442,485,432,439,479,456,431,451,438,447,449,467,470,28,452,436,465,462,458,473,422,461,20,433,476,488,257,459,471,437,468,474,477,256,454,517,457,509,423,444,259,258,486,482,480,483,506,187,508,359,21,185,23,24,184,22,186,25,360,26,528,498,30,425,29,27,489,322,324,323,388,325,510,526,527,390,525,490,503,499,391,515,321,389,504,505,426,507,500,434,435,497,523,424,516,529,524,533,101,501,511,513,103,514,512,102,519,502,327,329,518,330,326,520,494,522,521,331,328,2,491,531,535,532,496,495,536,530,493,492,534,
402,369,403,404,309,69,241,311,250,254,305,310,308,306,253,304,255,247,252,246,251,410,243,242,249,248,240,245,466,478,244,463,475,90,368,295,419,469,472,307,312,460,417,293,297,298,376,286,421,375,409,281,287,239,300,292,290,299,443,420,338,198,373,214,211,418,415,339,203,209,269,416,157,202,210,204,398,205,201,200,208,207,291,289,288,98,206,212,213,387,50,334,88,385,372,384,383,280,414,178,263,262,393,395,52,49,337,93,272,441,48,146,171,164,332,47,165,381,392,294,44,45,285,41,382,386,51,397,284,396,379,380,378,147,46,278,283,282,394,270,296,36,145,38,224,37,35,39,40,279,66,43,162,42,399,156,400,94,9,230,3,333,77,78,100,440,172,265,199,197,107,161,317,261,264,266,336,58,160,129,126,229,7,155,112,236,340,238,95,237,128,154,119,223,159,158,122,8,273,127,116,140,193,91,118,168,4,169,6,142,123,104,135,132,138,120,136,97,133,358,137,106,124,111,108,139,113,131,141,92,117,313,341,105,61,411,318,319,54,99,274,342,315,408,344,314,60,62,148,320,268,96,267,316,356,153,351,18,57,114,134,121,413,412,130,231,115,125,110,5,56,191,67,271,65,72,87,355,277,89,76,68,17,377,71,370,374,74,346,275,276,371,55,367,152,73,357,109,75,335,59,196,194,343,195,63,220,70,33,215,166,347,64,173,170,34,401,143,354,144,151,149,222,353,407,406,150,163,405,227,221,228,226,190,192,233,225,82,235,234,352,84,85,366,83,176,53,232,303,86,350,189,177,365,345,364,302,219,363,167,362,175,14,81,11,32,10,13,31,80,180,174,181,349,12,348,218,216,188,217,361,183,481,179,301,79,182,427,16,430,487,428,429,0,15,455,445,19,450,448,1,260,453,464,446,484,442,485,432,439,456,479,431,451,438,449,447,470,467,28,452,436,462,465,458,473,461,422,20,488,476,433,257,437,468,459,471,477,474,256,454,517,457,509,444,259,423,258,482,486,480,483,506,187,508,359,21,185,184,24,22,23,186,25,360,26,528,498,30,27,29,425,322,324,489,388,323,325,510,526,527,503,391,390,490,499,525,515,321,389,504,505,426,507,434,500,435,497,523,424,524,516,529,533,101,501,512,513,103,514,511,102,519,502,329,518,330,327,494,521,522,326,520,328,2,331,496,491,530,493,495,492,536,531,532,535,534,
402,369,403,404,309,69,241,311,250,254,305,310,308,306,253,304,255,247,252,246,251,410,243,242,248,249,240,245,466,478,244,463,368,90,475,295,419,469,472,307,312,460,417,293,297,298,376,286,421,409,375,281,287,239,300,292,290,299,443,420,338,198,373,214,211,418,415,339,203,209,416,269,157,210,202,204,398,205,201,200,207,208,291,289,288,98,206,212,213,387,50,334,88,385,372,384,280,383,414,178,262,263,393,395,52,49,337,93,441,272,146,48,171,164,332,47,165,392,381,294,41,45,382,285,386,44,51,284,397,378,379,396,380,147,278,46,283,282,270,394,296,145,36,38,224,35,37,39,40,66,279,43,162,42,399,400,156,94,230,9,3,333,77,100,78,440,172,265,199,197,161,107,317,261,264,266,336,160,129,58,126,229,7,236,155,112,340,238,95,237,128,119,154,223,159,273,8,122,158,127,116,193,140,91,118,168,4,169,6,142,120,135,132,123,104,138,136,358,97,137,133,124,106,111,108,139,113,131,141,117,313,92,61,318,105,341,411,319,99,342,274,54,408,315,314,344,148,60,62,320,356,96,268,267,316,153,18,351,412,134,57,121,114,413,231,125,130,115,5,110,56,72,191,65,67,271,277,87,355,89,76,68,370,374,17,377,71,74,346,275,276,371,55,367,152,73,357,109,335,75,59,196,343,194,195,63,220,70,33,215,347,166,173,64,170,401,34,143,354,144,149,151,353,222,150,407,406,227,405,163,192,226,233,228,221,190,82,225,234,235,352,84,366,85,83,232,176,53,303,86,350,177,189,365,345,364,167,219,362,302,363,81,14,175,11,10,13,32,31,80,180,174,349,181,12,348,218,188,216,217,361,183,481,179,301,79,182,427,16,430,487,428,429,0,15,455,445,450,19,1,448,453,260,464,446,484,442,485,439,432,479,456,431,451,438,449,447,470,467,28,436,452,465,462,458,473,461,422,20,488,433,476,257,471,459,437,468,256,474,477,454,517,457,509,423,259,444,258,486,482,480,483,506,187,508,359,21,185,22,24,186,184,23,25,360,26,528,498,425,30,27,29,324,322,489,323,388,325,510,526,527,390,503,525,391,490,499,515,321,389,504,505,507,426,500,434,435,497,523,533,524,516,529,424,101,501,102,511,512,514,103,513,519,502,329,518,330,327,520,521,494,326,522,331,328,2,495,530,493,491,496,536,534,535,492,532,531,
402,369,403,404,309,69,241,311,250,254,305,310,308,306,253,304,255,247,252,246,251,410,243,242,249,248,240,245,466,478,244,463,368,475,90,295,419,469,472,307,312,460,417,293,298,297,376,286,421,375,409,281,287,239,300,292,290,299,443,420,338,198,373,214,211,415,418,339,203,209,416,269,157,202,210,204,398,205,201,200,208,207,291,289,288,98,206,212,213,50,387,334,88,385,372,384,280,383,414,178,262,263,393,395,52,49,337,93,272,441,146,48,171,164,332,47,381,165,392,294,386,44,45,285,41,382,284,51,397,380,379,378,396,147,278,46,283,282,270,394,296,145,36,38,224,35,37,39,279,66,40,43,162,42,399,156,400,94,230,9,3,333,77,100,78,440,172,265,199,197,107,161,317,264,261,266,336,58,129,160,126,229,7,155,112,236,340,95,237,238,154,128,119,223,159,273,8,122,158,127,140,193,116,91,118,4,168,169,6,142,123,120,135,138,132,104,97,358,137,136,133,124,106,111,108,139,131,113,141,117,313,92,105,411,341,318,61,319,99,54,342,274,408,315,344,314,60,148,62,320,96,268,356,267,316,351,18,153,114,412,121,134,413,57,125,130,115,231,110,56,5,191,65,271,72,67,87,355,277,89,76,68,374,370,17,377,71,74,275,346,276,371,55,367,152,73,357,109,335,75,59,196,343,194,63,195,220,215,70,33,166,347,64,173,170,143,401,34,354,144,151,149,222,353,406,407,150,163,227,405,226,228,221,192,233,190,225,82,234,235,352,84,83,85,366,303,176,53,232,86,350,365,189,177,345,364,362,219,302,363,167,14,175,81,11,13,10,32,180,80,174,31,349,181,348,12,218,188,216,217,361,183,179,481,79,301,182,427,16,430,487,429,428,15,0,455,445,450,19,1,448,260,453,464,484,446,485,442,439,432,479,456,438,431,451,447,449,467,470,28,452,436,458,462,465,473,461,422,20,488,433,476,257,474,459,256,477,468,471,437,454,517,457,509,259,444,423,258,480,486,482,483,506,187,508,359,21,185,184,24,186,22,23,25,360,26,528,498,27,30,425,29,489,324,322,323,325,388,526,510,527,499,525,391,490,503,390,515,321,504,389,505,426,507,500,434,435,497,523,424,529,524,533,516,501,101,102,513,512,514,511,103,519,502,330,329,327,518,520,522,494,521,326,331,328,2,535,536,531,495,493,532,496,530,491,534,492,
402,369,403,404,309,69,241,311,250,254,305,308,310,306,253,304,255,247,252,246,251,410,243,242,248,249,240,245,466,478,244,463,368,90,475,295,419,469,472,307,312,460,417,293,297,298,376,286,421,375,409,281,287,239,300,292,290,299,443,420,338,198,373,214,211,415,418,339,209,203,269,416,157,202,210,204,398,205,201,200,207,208,291,289,288,98,206,212,213,387,50,334,88,385,372,384,280,383,414,178,262,263,393,395,52,49,337,93,441,272,48,146,171,164,332,47,381,392,165,294,41,45,44,386,285,382,397,51,284,396,379,380,378,147,46,278,283,282,270,394,296,36,145,38,224,35,37,39,40,66,279,43,162,42,399,400,156,94,9,230,3,333,77,78,100,440,172,265,199,197,161,107,317,261,264,266,336,129,58,160,126,229,7,155,112,236,340,238,237,95,154,119,128,223,159,158,8,273,122,127,193,116,140,91,118,4,168,169,6,142,104,138,135,123,120,132,97,358,136,137,133,106,124,111,139,108,113,141,131,92,313,117,341,318,411,105,61,319,342,54,99,274,408,315,314,344,148,60,62,320,96,268,267,356,316,351,153,18,134,57,121,114,413,412,231,125,115,130,110,5,56,72,191,65,67,271,87,355,277,89,76,68,374,71,377,370,17,74,275,346,371,276,55,367,152,73,357,109,75,335,59,196,343,194,63,195,220,215,70,33,166,347,64,173,170,143,401,34,354,144,149,151,353,222,406,407,150,163,227,405,226,233,228,190,221,192,225,82,234,235,352,84,85,366,83,232,303,53,176,86,350,189,365,177,345,364,167,302,219,362,363,14,175,81,11,32,13,10,31,174,180,80,181,349,348,12,217,216,218,188,361,183,179,481,301,79,182,427,16,430,487,429,428,0,15,455,445,450,19,1,448,453,260,464,484,446,485,442,439,432,479,456,438,451,431,447,449,470,467,28,452,436,462,458,465,473,461,422,20,433,488,476,257,468,437,256,474,471,459,477,454,517,457,509,444,259,423,258,482,480,486,483,506,187,508,359,21,185,186,24,184,23,22,25,360,26,498,528,425,27,30,29,322,324,489,388,323,325,510,526,527,490,499,503,391,525,390,515,321,504,505,389,507,426,500,434,435,497,523,529,424,533,524,516,501,101,514,103,102,511,513,512,519,502,518,329,330,327,494,326,521,522,520,2,331,328,535,496,491,492,531,534,530,493,536,532,495,
402,369,403,404,309,69,241,311,250,254,305,308,310,306,253,304,255,247,252,246,251,410,243,242,249,248,240,245,466,478,244,463,90,368,475,295,419,469,472,307,312,460,417,293,297,298,376,286,421,409,375,281,287,239,300,292,290,299,443,420,338,198,373,214,211,418,415,339,203,209,416,269,157,210,202,398,204,205,201,200,207,208,291,289,288,206,98,212,213,50,387,334,88,385,372,384,280,383,414,178,262,263,393,395,52,49,337,93,272,441,146,48,171,164,332,47,165,392,381,294,45,386,382,41,44,285,397,284,51,378,379,396,380,147,278,46,283,282,270,394,296,36,145,38,224,37,35,39,66,40,279,43,162,42,399,156,400,94,230,9,3,333,77,100,78,440,172,265,199,197,107,161,317,261,264,266,336,129,160,58,126,229,7,236,155,112,340,238,237,95,119,128,154,223,159,122,158,8,273,127,193,140,116,91,118,4,168,169,6,142,135,132,138,123,104,120,133,136,137,97,358,106,124,139,108,111,141,131,113,92,117,313,61,411,105,341,318,319,342,54,274,99,408,315,314,344,60,148,62,320,267,268,96,316,356,153,351,18,57,412,121,114,134,413,115,130,231,125,5,56,110,72,271,191,65,67,87,355,277,89,68,76,17,374,71,377,370,275,74,346,371,276,367,55,152,73,357,109,75,335,59,196,343,194,195,63,220,215,33,70,166,347,173,64,170,401,34,143,354,144,151,149,353,222,407,150,406,163,405,227,192,190,221,226,228,233,225,82,234,235,352,84,366,85,83,53,232,303,176,86,350,189,177,365,364,345,219,302,363,167,362,81,175,14,11,10,13,32,80,180,31,174,349,181,348,12,188,217,218,216,361,183,179,481,301,79,182,427,16,430,487,429,428,15,0,455,445,19,450,1,448,260,453,446,464,484,485,442,439,432,479,456,451,438,431,447,449,470,467,28,436,452,465,462,458,473,461,422,20,433,476,488,257,437,459,477,468,256,474,471,454,517,457,509,423,444,259,258,482,480,486,483,506,187,508,359,21,185,186,184,24,23,22,25,360,26,498,528,425,30,27,29,324,322,489,388,325,323,526,510,527,390,490,503,525,391,499,515,321,504,505,389,507,426,434,500,435,497,523,424,529,524,516,533,101,501,103,514,102,513,512,511,519,502,518,329,330,327,520,522,326,521,494,328,331,2,493,535,491,492,496,495,532,530,534,531,536,
402,369,403,404,309,69,241,311,250,254,305,310,308,306,253,304,255,247,252,246,251,410,243,242,249,248,240,245,466,478,244,463,368,90,475,295,419,469,472,307,312,460,417,293,297,298,376,286,421,409,375,281,287,239,300,292,290,299,443,420,338,198,373,214,211,418,415,339,203,209,269,416,157,210,202,204,398,205,201,200,207,208,291,289,288,206,98,212,213,387,50,334,88,385,372,384,383,280,414,178,262,263,393,395,52,49,337,93,272,441,48,146,171,164,332,47,381,165,392,294,41,386,44,45,382,285,51,397,284,396,379,380,378,147,278,46,283,282,394,270,296,145,36,38,224,35,37,39,40,279,66,43,162,42,399,156,400,94,230,9,3,333,77,100,78,440,172,265,199,197,107,161,317,264,261,266,336,58,160,129,126,229,7,236,112,155,340,237,238,95,119,154,128,223,159,273,8,158,122,127,116,193,140,91,118,4,168,169,6,142,135,138,120,104,123,132,358,137,133,97,136,106,124,108,111,139,131,141,113,92,117,313,105,61,411,341,318,319,54,274,342,99,315,408,344,314,148,60,62,320,96,356,268,316,267,351,18,153,57,412,114,134,413,121,231,115,130,125,5,110,56,191,65,271,67,72,87,277,355,89,76,68,17,374,71,377,370,346,275,74,371,276,55,367,73,152,357,109,75,335,59,196,194,343,195,63,220,70,33,215,166,347,64,173,170,34,143,401,354,144,151,149,222,353,150,407,406,227,405,163,228,221,192,190,226,233,82,225,234,235,352,366,85,84,83,176,53,232,303,86,350,189,365,177,345,364,363,219,302,362,167,81,14,175,11,13,10,32,174,31,80,180,181,349,12,348,218,216,188,217,361,183,179,481,301,79,182,427,16,430,487,428,429,15,0,455,445,19,450,1,448,260,453,464,484,446,442,485,439,432,456,479,451,438,431,449,447,470,467,28,436,452,458,462,465,473,422,461,20,476,433,488,257,477,468,256,437,471,459,474,454,517,457,509,423,444,259,258,486,482,480,483,506,187,508,359,21,185,24,184,186,22,23,25,360,26,498,528,425,27,29,30,322,489,324,323,325,388,510,526,527,390,525,499,503,391,490,515,321,504,505,389,426,507,500,434,435,523,497,516,529,524,533,424,501,101,102,513,511,103,512,514,519,502,329,327,518,330,522,494,521,520,326,2,331,328,535,491,531,493,536,532,534,495,492,496,530,
402,369,403,404,309,69,241,311,250,254,305,308,310,306,253,304,255,247,252,246,251,410,243,242,249,248,240,245,466,478,244,463,90,368,475,295,419,469,472,307,312,460,417,293,298,297,376,286,421,409,375,281,287,239,300,292,290,299,443,420,338,198,373,214,211,415,418,339,203,209,416,269,157,210,202,398,204,205,201,200,208,207,291,289,288,98,206,212,213,387,50,334,88,385,372,384,383,280,414,178,263,262,393,395,52,49,337,93,441,272,48,146,171,164,332,47,381,165,392,294,386,44,45,382,41,285,51,397,284,378,379,380,396,147,46,278,283,282,394,270,296,145,36,38,224,37,35,39,279,40,66,43,162,42,399,156,400,94,9,230,3,333,77,100,78,440,172,265,199,197,107,161,317,264,261,266,336,160,129,58,126,229,7,155,236,112,340,95,237,238,119,128,154,223,159,273,158,122,8,127,116,193,140,91,118,168,4,6,169,142,138,135,123,132,120,104,137,358,133,136,97,106,124,139,111,108,141,113,131,92,117,313,61,341,105,411,318,319,342,54,99,274,408,315,314,344,60,62,148,320,267,96,268,356,316,153,351,18,413,121,57,114,412,134,231,115,130,125,56,110,5,271,191,72,67,65,87,355,277,89,68,76,370,377,71,17,374,74,275,346,276,371,55,367,73,152,357,109,335,75,59,196,343,194,63,195,220,33,70,215,166,347,64,173,170,34,401,143,354,144,149,151,353,222,407,150,406,163,227,405,228,190,233,192,221,226,225,82,235,234,352,84,366,83,85,303,232,176,53,86,350,177,189,365,345,364,302,167,362,219,363,14,81,175,11,10,13,32,174,180,31,80,349,181,12,348,216,217,218,188,361,183,481,179,301,79,182,427,16,430,487,428,429,15,0,455,445,19,450,1,448,260,453,446,464,484,442,485,439,432,456,479,438,451,431,447,449,467,470,28,452,436,458,465,462,473,422,461,20,476,433,488,257,256,477,471,474,459,468,437,454,517,457,509,423,259,444,258,480,482,486,483,506,187,508,359,21,185,22,184,186,23,24,25,360,26,528,498,425,27,30,29,322,324,489,388,323,325,526,510,527,499,391,390,525,503,490,515,321,504,389,505,426,507,434,500,435,523,497,529,524,516,533,424,501,101,103,514,513,511,102,512,519,502,518,330,329,327,494,326,520,521,522,2,328,331,495,534,532,530,496,535,492,491,493,536,531,
402,369,403,404,309,69,241,311,250,254,305,308,310,306,253,304,255,247,252,246,251,410,243,242,249,248,240,245,466,478,244,463,475,90,368,295,419,469,472,307,312,460,417,293,297,298,376,286,421,409,375,281,287,239,300,292,290,299,443,420,338,198,373,214,211,415,418,339,203,209,416,269,157,210,202,204,398,205,201,200,207,208,291,289,288,98,206,212,213,387,50,334,88,385,372,384,280,383,414,178,262,263,393,395,52,49,337,93,441,272,48,146,171,164,332,47,165,392,381,294,41,386,382,44,285,45,397,284,51,380,378,396,379,147,46,278,283,282,394,270,296,145,36,38,224,35,37,39,279,40,66,43,162,42,399,400,156,94,9,230,3,333,77,100,78,440,172,265,199,197,161,107,317,261,264,266,336,160,129,58,126,229,7,155,236,112,340,238,95,237,154,128,119,223,159,158,122,273,8,127,193,140,116,91,118,168,4,6,169,142,120,123,104,132,135,138,358,133,136,97,137,124,106,139,108,111,141,131,113,313,92,117,411,105,341,61,318,319,274,54,99,342,315,408,314,344,62,148,60,320,356,96,316,268,267,153,351,18,134,121,413,57,412,114,130,125,115,231,56,5,110,191,65,271,67,72,277,355,87,89,76,68,370,17,71,374,377,74,346,275,276,371,55,367,152,73,357,109,335,75,59,196,343,194,195,63,220,215,70,33,166,347,173,64,170,401,34,143,354,144,149,151,353,222,150,407,406,227,163,405,228,221,226,233,190,192,225,82,234,235,352,83,85,84,366,176,303,232,53,86,350,189,365,177,364,345,363,362,167,302,219,14,81,175,11,32,10,13,80,31,180,174,349,181,12,348,216,188,218,217,361,183,481,179,79,301,182,427,16,430,487,429,428,0,15,455,445,450,19,448,1,260,453,446,484,464,442,485,432,439,456,479,438,431,451,447,449,470,467,28,452,436,458,465,462,473,422,461,20,433,476,488,257,468,471,474,437,459,256,477,454,517,457,509,259,423,444,258,486,482,480,483,506,187,508,359,21,185,22,24,23,186,184,25,360,26,498,528,425,27,29,30,324,322,489,388,323,325,510,526,527,390,391,503,490,499,525,515,321,505,504,389,426,507,500,434,435,497,523,524,533,529,516,424,101,501,102,512,514,511,103,513,519,502,330,327,518,329,494,326,522,521,520,2,331,328,495,530,492,496,532,531,535,491,536,493,534,
402,369,403,404,309,69,241,311,250,254,305,308,310,306,253,304,255,247,252,246,251,410,243,242,248,249,240,245,466,478,244,463,90,475,368,295,419,469,472,307,312,460,417,293,298,297,376,286,421,409,375,281,287,239,300,292,290,299,443,420,338,198,373,214,211,418,415,339,209,203,269,416,157,210,202,398,204,205,201,200,208,207,291,289,288,98,206,212,213,387,50,334,88,385,372,384,280,383,414,178,263,262,393,395,52,49,337,93,272,441,48,146,171,164,332,47,392,165,381,294,45,285,382,44,386,41,51,397,284,396,378,379,380,147,46,278,283,282,270,394,296,145,36,38,224,37,35,39,279,66,40,43,162,42,399,400,156,94,230,9,3,333,77,100,78,440,172,265,199,197,161,107,317,264,261,266,336,129,58,160,126,229,7,155,236,112,340,95,238,237,128,154,119,223,159,273,8,158,122,127,140,193,116,91,118,168,4,169,6,142,123,138,104,132,120,135,133,137,358,136,97,124,106,108,111,139,113,141,131,117,92,313,61,341,318,411,105,319,99,342,54,274,408,315,344,314,62,60,148,320,268,356,267,96,316,18,351,153,413,114,134,121,412,57,115,130,125,231,56,110,5,191,72,67,271,65,87,355,277,89,68,76,71,377,374,17,370,346,275,74,276,371,55,367,73,152,357,109,75,335,59,196,343,194,63,195,220,33,215,70,347,166,64,173,170,143,34,401,354,144,149,151,353,222,406,150,407,163,227,405,226,228,192,233,221,190,225,82,234,235,352,83,366,84,85,176,53,303,232,350,86,365,177,189,364,345,219,167,362,363,302,81,14,175,11,13,32,10,180,80,31,174,349,181,348,12,216,217,218,188,361,183,481,179,301,79,182,427,16,430,487,429,428,0,15,455,445,450,19,1,448,260,453,464,446,484,485,442,439,432,479,456,451,438,431,447,449,467,470,28,452,436,458,462,465,473,422,461,20,488,433,476,257,477,468,474,471,256,459,437,454,517,457,509,259,444,423,258,480,482,486,483,506,187,508,359,21,185,186,22,24,184,23,25,360,26,528,498,425,29,27,30,324,322,489,325,388,323,526,510,527,525,490,390,391,503,499,515,321,505,504,389,507,426,500,434,435,523,497,424,529,533,516,524,501,101,102,513,511,514,512,103,519,502,518,329,330,327,521,326,520,494,522,328,331,2,496,536,491,493,535,530,534,492,532,531,495,
402,369,403,404,309,69,241,311,250,254,305,310,308,306,253,304,255,247,252,246,251,410,243,242,249,248,240,245,466,478,244,463,475,368,90,295,419,469,472,307,312,460,417,293,298,297,376,286,421,409,375,281,287,239,300,292,290,299,443,420,338,198,373,214,211,415,418,339,203,209,269,416,157,202,210,204,398,205,201,200,207,208,291,289,288,98,206,212,213,50,387,334,88,385,372,384,280,383,414,178,263,262,393,395,52,49,337,93,272,441,48,146,171,164,332,47,392,381,165,294,382,41,45,386,285,44,284,51,397,379,380,396,378,147,46,278,283,282,270,394,296,36,145,38,224,35,37,39,279,40,66,43,162,42,399,156,400,94,9,230,3,333,77,100,78,440,172,265,199,197,107,161,317,261,264,266,336,58,160,129,126,229,7,112,155,236,340,237,238,95,128,119,154,223,159,273,158,8,122,127,140,116,193,91,118,168,4,6,169,142,120,138,135,104,132,123,133,358,136,97,137,124,106,108,111,139,113,131,141,313,117,92,105,61,341,411,318,319,99,274,342,54,315,408,314,344,60,148,62,320,356,268,96,316,267,153,351,18,413,57,121,134,412,114,125,130,231,115,56,110,5,72,67,65,271,191,277,355,87,89,76,68,377,370,374,71,17,74,346,275,276,371,55,367,152,73,357,109,75,335,59,196,343,194,63,195,220,215,33,70,166,347,173,64,170,34,401,143,354,144,151,149,222,353,150,406,407,405,163,227,192,228,233,226,221,190,82,225,234,235,352,83,366,84,85,176,53,232,303,86,350,177,189,365,345,364,362,167,302,363,219,175,81,14,11,32,10,13,31,180,174,80,181,349,348,12,217,216,188,218,361,183,481,179,79,301,182,427,16,430,487,429,428,15,0,455,445,450,19,448,1,260,453,484,446,464,442,485,439,432,479,456,431,451,438,447,449,470,467,28,452,436,458,465,462,473,422,461,20,488,433,476,257,459,477,474,437,468,256,471,454,517,457,509,423,444,259,258,480,482,486,483,506,187,508,359,21,185,186,184,22,24,23,25,360,26,528,498,29,27,425,30,322,324,489,325,388,323,510,526,527,499,490,503,525,391,390,515,321,505,389,504,507,426,500,434,435,523,497,516,524,424,529,533,501,101,102,512,511,514,103,513,519,502,518,330,327,329,522,326,521,494,520,328,2,331,534,532,491,531,496,536,535,492,495,530,493,
402,369,403,404,309,69,241,311,250,254,305,310,308,306,253,304,255,247,252,246,251,410,243,242,249,248,240,245,466,478,244,463,368,90,475,295,419,469,472,307,312,460,417,293,298,297,376,286,421,409,375,281,287,239,300,292,290,299,443,420,338,198,373,214,211,418,415,339,209,203,416,269,157,210,202,398,204,205,201,200,208,207,291,289,288,98,206,212,213,50,387,334,88,385,372,384,383,280,414,178,263,262,393,395,52,49,337,93,441,272,146,48,171,164,332,47,165,392,381,294,285,44,41,45,386,382,284,397,51,378,380,379,396,147,278,46,283,282,394,270,296,145,36,38,224,37,35,39,279,40,66,43,162,42,399,156,400,94,9,230,3,333,77,100,78,440,172,265,199,197,161,107,317,261,264,266,336,129,160,58,126,229,7,236,112,155,340,95,238,237,119,128,154,223,159,158,8,273,122,127,140,116,193,91,118,168,4,6,169,142,123,138,104,132,120,135,133,97,137,136,358,106,124,111,139,108,141,113,131,117,92,313,318,411,105,341,61,319,54,342,274,99,315,408,314,344,62,60,148,320,268,267,96,316,356,18,153,351,413,121,134,412,57,114,130,231,125,115,56,110,5,191,271,72,65,67,277,355,87,89,68,76,71,377,17,370,374,346,275,74,276,371,367,55,152,73,357,109,335,75,59,196,194,343,63,195,220,33,215,70,166,347,64,173,170,143,34,401,354,144,149,151,353,222,150,407,406,227,163,405,221,190,192,228,226,233,82,225,235,234,352,85,366,84,83,176,53,303,232,350,86,189,365,177,364,345,363,362,302,167,219,81,175,14,11,10,32,13,174,31,80,180,349,181,12,348,188,217,218,216,361,183,481,179,79,301,182,427,16,430,487,429,428,15,0,455,445,450,19,1,448,260,453,484,464,446,485,442,439,432,479,456,451,438,431,447,449,470,467,28,436,452,465,462,458,473,461,422,20,433,488,476,257,477,437,256,471,468,474,459,454,517,457,509,259,423,444,258,480,482,486,483,506,187,508,359,21,185,22,186,24,23,184,25,360,26,498,528,29,27,30,425,324,322,489,325,388,323,510,526,527,525,499,390,503,391,490,515,321,389,505,504,507,426,434,500,435,523,497,533,516,424,529,524,101,501,511,513,103,102,512,514,519,502,327,329,518,330,494,522,521,520,326,331,328,2,493,536,495,530,534,535,496,532,491,492,531,
402,369,403,404,309,69,241,311,250,254,305,308,310,306,253,304,255,247,252,246,251,410,243,242,248,249,240,245,466,478,244,463,90,475,368,295,419,469,472,307,312,460,417,293,297,298,376,286,421,409,375,281,287,239,300,292,290,299,443,420,338,198,373,214,211,415,418,339,209,203,269,416,157,210,202,398,204,205,201,200,208,207,291,289,288,98,206,212,213,50,387,334,88,385,372,384,280,383,414,178,262,263,393,395,52,49,337,93,441,272,146,48,171,164,332,47,381,165,392,294,386,44,382,41,45,285,51,397,284,379,378,396,380,147,278,46,283,282,270,394,296,36,145,38,224,35,37,39,40,66,279,43,162,42,399,156,400,94,230,9,3,333,77,78,100,440,172,265,199,197,161,107,317,264,261,266,336,129,160,58,126,229,7,112,236,155,340,238,237,95,119,154,128,223,159,273,8,122,158,127,116,140,193,91,118,168,4,169,6,142,135,123,120,132,104,138,137,358,136,133,97,124,106,139,111,108,131,141,113,117,313,92,411,341,61,105,318,319,342,99,274,54,408,315,344,314,148,60,62,320,96,356,268,316,267,153,351,18,57,134,413,121,114,412,125,231,115,130,110,56,5,67,191,72,65,271,355,87,277,89,68,76,71,374,370,17,377,74,346,275,276,371,55,367,73,152,357,109,75,335,59,196,194,343,63,195,220,70,215,33,347,166,173,64,170,401,143,34,354,144,149,151,353,222,150,407,406,163,227,405,221,228,226,190,192,233,225,82,234,235,352,84,85,83,366,303,176,232,53,86,350,177,365,189,345,364,363,219,167,362,302,14,175,81,11,10,13,32,80,31,174,180,349,181,348,12,217,218,188,216,361,183,179,481,301,79,182,427,16,430,487,429,428,0,15,455,445,19,450,448,1,260,453,464,484,446,485,442,432,439,456,479,451,438,431,447,449,467,470,28,452,436,465,462,458,473,461,422,20,488,433,476,257,471,437,459,477,468,474,256,454,517,457,509,259,444,423,258,486,480,482,483,506,187,508,359,21,185,186,22,24,23,184,25,360,26,498,528,425,30,27,29,322,489,324,323,325,388,510,526,527,499,391,390,490,525,503,515,321,505,504,389,507,426,434,500,435,497,523,529,516,424,524,533,101,501,511,103,514,102,512,513,519,502,330,327,518,329,494,521,522,520,326,331,328,2,536,531,532,491,535,492,534,496,530,495,493,
402,369,403,404,309,69,241,311,250,254,305,310,308,306,253,304,255,247,252,246,251,410,243,242,249,248,240,245,466,478,244,463,475,90,368,295,419,469,472,307,312,460,417,293,297,298,376,286,421,375,409,281,287,239,300,292,290,299,443,420,338,198,373,214,211,415,418,339,209,203,269,416,157,210,202,398,204,205,201,200,207,208,291,289,288,206,98,212,213,387,50,334,88,385,372,384,383,280,414,178,262,263,393,395,52,49,337,93,272,441,48,146,171,164,332,47,165,392,381,294,382,45,285,44,386,41,397,51,284,378,396,380,379,147,46,278,283,282,394,270,296,145,36,38,224,35,37,39,40,279,66,43,162,42,399,156,400,94,9,230,3,333,77,78,100,440,172,265,199,197,161,107,317,264,261,266,336,58,129,160,126,229,7,155,112,236,340,95,237,238,154,119,128,223,159,273,8,122,158,127,193,116,140,91,118,4,168,169,6,142,135,123,138,120,132,104,137,97,133,358,136,124,106,108,139,111,141,131,113,92,313,117,318,105,61,341,411,319,54,342,99,274,315,408,344,314,60,148,62,320,267,268,316,96,356,18,351,153,57,412,114,121,413,134,231,130,115,125,5,56,110,271,72,65,191,67,355,277,87,89,76,68,377,370,374,71,17,74,346,275,276,371,367,55,152,73,357,109,335,75,59,196,194,343,195,63,220,70,33,215,347,166,173,64,170,143,34,401,354,144,151,149,353,222,150,406,407,227,163,405,233,190,226,228,221,192,225,82,235,234,352,83,85,366,84,53,176,232,303,350,86,189,365,177,345,364,302,362,219,363,167,175,14,81,11,32,10,13,80,31,174,180,181,349,348,12,218,188,216,217,361,183,179,481,301,79,182,427,16,430,487,429,428,15,0,455,445,19,450,1,448,260,453,446,484,464,442,485,439,432,479,456,431,451,438,449,447,467,470,28,452,436,465,462,458,473,422,461,20,476,488,433,257,468,437,474,256,471,459,477,454,517,457,509,259,444,423,258,486,480,482,483,506,187,508,359,21,185,23,186,184,22,24,25,360,26,528,498,27,425,29,30,322,489,324,323,388,325,526,510,527,499,490,390,391,525,503,515,321,505,389,504,426,507,434,500,435,523,497,524,529,533,516,424,101,501,511,513,103,514,102,512,519,502,327,518,329,330,494,520,326,521,522,2,328,331,491,536,530,496,531,535,534,493,532,495,492,
402,369,403,404,309,69,241,311,250,254,305,308,310,306,253,304,255,247,252,246,251,410,243,242,249,248,240,245,466,478,244,463,368,475,90,295,419,469,472,307,312,460,417,293,297,298,376,286,421,409,375,281,287,239,300,292,290,299,443,420,338,198,373,214,211,418,415,339,203,209,269,416,157,202,210,398,204,205,201,200,208,207,291,289,288,98,206,212,213,387,50,334,88,385,372,384,280,383,414,178,262,263,393,395,52,49,337,93,441,272,146,48,171,164,332,47,381,392,165,294,386,285,44,45,41,382,284,397,51,396,379,378,380,147,278,46,283,282,270,394,296,145,36,38,224,37,35,39,40,279,66,43,162,42,399,400,156,94,9,230,3,333,77,100,78,440,172,265,199,197,161,107,317,264,261,266,336,129,160,58,126,229,7,236,155,112,340,237,238,95,154,128,119,223,159,122,8,158,273,127,116,193,140,91,118,168,4,6,169,142,123,120,132,138,104,135,358,133,137,97,136,124,106,139,111,108,113,131,141,313,117,92,411,105,341,61,318,319,342,54,274,99,315,408,344,314,60,148,62,320,96,268,356,316,267,153,351,18,134,412,121,413,57,114,125,130,115,231,56,110,5,72,65,271,191,67,355,87,277,89,76,68,374,377,370,71,17,74,346,275,371,276,367,55,73,152,357,109,75,335,59,196,194,343,195,63,220,70,33,215,166,347,64,173,170,143,401,34,354,144,149,151,353,222,406,407,150,163,227,405,233,226,190,192,221,228,225,82,234,235,352,84,85,83,366,53,232,176,303,350,86,365,189,177,364,345,363,167,302,219,362,175,14,81,11,13,32,10,180,174,80,31,349,181,348,12,188,216,217,218,361,183,179,481,301,79,182,427,16,430,487,428,429,15,0,455,445,19,450,1,448,260,453,446,484,464,442,485,439,432,479,456,438,451,431,449,447,470,467,28,436,452,458,462,465,473,461,422,20,488,433,476,257,468,477,459,437,474,471,256,454,517,457,509,444,259,423,258,486,480,482,483,506,187,508,359,21,185,22,186,23,184,24,25,360,26,498,528,27,29,425,30,489,322,324,388,323,325,510,526,527,503,390,490,499,391,525,515,321,389,505,504,426,507,434,500,435,497,523,533,516,424,524,529,501,101,103,512,511,102,513,514,519,502,327,518,330,329,521,326,522,494,520,328,2,331,495,493,535,530,496,491,532,492,534,531,536,
402,369,403,404,309,69,241,311,250,254,305,308,310,306,253,304,255,247,252,246,251,410,243,242,249,248,240,245,466,478,244,463,90,368,475,295,419,469,472,307,312,460,417,293,298,297,376,286,421,375,409,281,287,239,300,292,290,299,443,420,338,198,373,214,211,418,415,339,209,203,269,416,157,210,202,398,204,205,201,200,208,207,291,289,288,98,206,212,213,50,387,334,88,385,372,384,383,280,414,178,263,262,393,395,52,49,337,93,272,441,146,48,171,164,332,47,381,165,392,294,44,45,386,285,41,382,284,397,51,380,396,378,379,147,46,278,283,282,394,270,296,145,36,38,224,37,35,39,40,66,279,43,162,42,399,400,156,94,230,9,3,333,77,78,100,440,172,265,199,197,107,161,317,261,264,266,336,58,160,129,126,229,7,236,112,155,340,237,95,238,128,119,154,223,159,273,8,158,122,127,140,193,116,91,118,4,168,169,6,142,120,135,104,123,138,132,97,358,137,136,133,106,124,111,108,139,141,131,113,92,117,313,105,411,61,341,318,319,274,342,99,54,315,408,314,344,62,60,148,320,268,267,356,316,96,351,153,18,57,413,412,114,121,134,125,115,130,231,5,56,110,191,67,72,271,65,87,277,355,89,76,68,370,17,374,71,377,275,346,74,371,276,55,367,73,152,357,109,75,335,59,196,343,194,195,63,220,33,215,70,166,347,64,173,170,143,401,34,354,144,151,149,353,222,407,150,406,163,227,405,228,190,221,233,226,192,82,225,234,235,352,366,85,84,83,176,232,53,303,86,350,189,177,365,345,364,219,167,363,362,302,14,81,175,11,32,13,10,80,174,180,31,349,181,348,12,217,216,218,188,361,183,481,179,79,301,182,427,16,430,487,429,428,0,15,455,445,450,19,448,1,260,453,484,464,446,442,485,432,439,479,456,431,438,451,447,449,470,467,28,452,436,462,465,458,473,461,422,20,476,433,488,257,256,474,471,459,477,437,468,454,517,457,509,259,444,423,258,480,482,486,483,506,187,508,359,21,185,184,186,24,22,23,25,360,26,498,528,29,27,30,425,489,322,324,388,323,325,526,510,527,503,390,499,490,525,391,515,321,504,389,505,426,507,500,434,435,523,497,516,533,529,524,424,501,101,102,103,513,511,512,514,519,502,327,329,518,330,522,494,326,520,521,2,328,331,536,491,534,493,496,535,492,531,495,532,530,
402,369,403,404,309,69,241,311,250,254,305,308,310,306,253,304,255,247,252,246,251,410,243,242,248,249,240,245,466,478,244,463,475,368,90,295,419,469,472,307,312,460,417,293,297,298,376,286,421,375,409,281,287,239,300,292,290,299,443,420,338,198,373,214,211,418,415,339,209,203,269,416,157,210,202,204,398,205,201,200,207,208,291,289,288,206,98,212,213,387,50,334,88,385,372,384,383,280,414,178,263,262,393,395,52,49,337,93,272,441,48,146,171,164,332,47,165,381,392,294,285,386,382,44,41,45,397,284,51,379,378,396,380,147,278,46,283,282,394,270,296,36,145,38,224,37,35,39,279,40,66,43,162,42,399,400,156,94,9,230,3,333,77,78,100,440,172,265,199,197,107,161,317,261,264,266,336,58,129,160,126,229,7,112,155,236,340,238,237,95,154,119,128,223,159,158,8,122,273,127,193,116,140,91,118,4,168,169,6,142,132,104,120,123,138,135,136,137,133,358,97,124,106,139,111,108,141,131,113,313,92,117,318,411,61,105,341,319,99,274,342,54,315,408,344,314,60,62,148,320,267,316,268,96,356,153,18,351,121,57,114,412,413,134,231,130,115,125,56,5,110,191,72,67,65,271,355,277,87,89,68,76,370,17,71,374,377,74,275,346,276,371,367,55,73,152,357,109,335,75,59,196,194,343,63,195,220,33,70,215,166,347,173,64,170,143,401,34,354,144,149,151,222,353,407,406,150,405,163,227,190,192,228,233,221,226,82,225,234,235,352,84,366,85,83,176,232,303,53,86,350,365,177,189,364,345,167,363,302,219,362,81,14,175,11,10,32,13,180,174,31,80,349,181,348,12,188,217,216,218,361,183,481,179,79,301,182,427,16,430,487,429,428,0,15,455,445,19,450,448,1,453,260,446,464,484,485,442,439,432,479,456,451,431,438,449,447,467,470,28,452,436,465,458,462,473,422,461,20,433,476,488,257,256,477,437,471,459,468,474,454,517,457,509,444,259,423,258,482,486,480,483,506,187,508,359,21,185,24,22,23,184,186,25,360,26,498,528,27,30,425,29,324,322,489,388,323,325,510,526,527,391,490,525,390,503,499,515,321,389,505,504,507,426,434,500,435,523,497,424,524,533,529,516,501,101,513,512,102,514,103,511,519,502,329,330,518,327,326,522,520,494,521,331,328,2,532,536,495,530,535,491,492,534,531,496,493,
402,369,403,404,309,69,241,311,250,254,305,308,310,306,253,304,255,247,252,246,251,410,243,242,248,249,240,245,466,478,244,463,90,475,368,295,419,469,472,307,312,460,417,293,298,297,376,286,421,375,409,281,287,239,300,292,290,299,443,420,338,198,373,214,211,415,418,339,209,203,269,416,157,202,210,398,204,205,201,200,207,208,291,289,288,206,98,212,213,50,387,334,88,385,372,384,280,383,414,178,262,263,393,395,52,49,337,93,272,441,146,48,171,164,332,47,165,392,381,294,386,45,44,285,382,41,397,284,51,380,396,378,379,147,278,46,283,282,394,270,296,145,36,38,224,35,37,39,279,66,40,43,162,42,399,156,400,94,9,230,3,333,77,78,100,440,172,265,199,197,107,161,317,261,264,266,336,160,129,58,126,229,7,236,155,112,340,238,237,95,154,128,119,223,159,273,8,158,122,127,140,193,116,91,118,168,4,169,6,142,123,104,135,132,120,138,136,137,97,133,358,124,106,139,108,111,113,131,141,92,117,313,341,105,61,411,318,319,274,99,54,342,408,315,344,314,62,60,148,320,96,268,267,356,316,153,351,18,121,114,134,412,413,57,115,125,231,130,5,56,110,271,67,191,65,72,355,277,87,89,68,76,377,374,71,17,370,74,346,275,276,371,55,367,73,152,357,109,335,75,59,196,194,343,195,63,220,70,215,33,347,166,64,173,170,34,143,401,354,144,149,151,222,353,406,407,150,163,227,405,233,228,192,226,221,190,82,225,235,234,352,366,83,84,85,303,232,53,176,86,350,177,189,365,345,364,167,219,302,363,362,14,81,175,11,10,32,13,80,180,174,31,181,349,348,12,216,188,218,217,361,183,179,481,301,79,182,427,16,430,487,428,429,15,0,455,445,450,19,448,1,260,453,484,464,446,485,442,432,439,456,479,438,431,451,449,447,467,470,28,436,452,458,465,462,473,422,461,20,433,488,476,257,468,477,256,474,459,471,437,454,517,457,509,259,423,444,258,482,486,480,483,506,187,508,359,21,185,23,184,24,186,22,25,360,26,498,528,27,29,425,30,489,322,324,325,323,388,510,526,527,499,391,525,390,503,490,515,321,505,504,389,426,507,434,500,435,523,497,424,529,533,524,516,101,501,512,513,511,103,102,514,519,502,330,329,327,518,521,326,494,522,520,2,328,331,491,496,534,535,493,492,532,531,530,495,536,
402,369,403,404,309,69,241,311,250,254,305,308,310,306,253,304,255,247,252,246,251,410,243,242,249,248,240,245,466,478,244,463,475,90,368,295,419,469,472,307,312,460,417,293,297,298,376,286,421,409,375,281,287,239,300,292,290,299,443,420,338,198,373,214,211,418,415,339,209,203,416,269,157,210,202,204,398,205,201,200,208,207,291,289,288,206,98,212,213,387,50,334,88,385,372,384,383,280,414,178,262,263,393,395,52,49,337,93,441,272,48,146,171,164,332,47,381,165,392,294,41,285,382,386,44,45,397,51,284,379,378,380,396,147,46,278,283,282,270,394,296,145,36,38,224,37,35,39,66,279,40,43,162,42,399,156,400,94,9,230,3,333,77,100,78,440,172,265,199,197,107,161,317,261,264,266,336,58,160,129,126,229,7,236,112,155,340,237,95,238,154,128,119,223,159,158,273,8,122,127,140,116,193,91,118,4,168,169,6,142,135,104,120,138,132,123,133,97,137,136,358,106,124,139,111,108,131,113,141,92,313,117,105,318,341,411,61,319,274,99,342,54,315,408,314,344,60,148,62,320,268,316,267,96,356,153,351,18,57,413,114,121,412,134,231,125,115,130,5,110,56,65,72,191,67,271,277,87,355,89,68,76,370,17,71,377,374,74,346,275,371,276,55,367,73,152,357,109,335,75,59,196,343,194,63,195,220,215,70,33,347,166,64,173,170,401,34,143,354,144,151,149,222,353,407,406,150,227,163,405,192,226,221,228,190,233,225,82,235,234,352,85,366,83,84,303,232,176,53,86,350,189,177,365,364,345,362,363,219,167,302,81,14,175,11,10,32,13,174,180,31,80,349,181,348,12,188,218,217,216,361,183,481,179,79,301,182,427,16,430,487,429,428,15,0,455,445,450,19,1,448,260,453,484,464,446,442,485,432,439,479,456,431,438,451,449,447,467,470,28,452,436,465,462,458,473,461,422,20,476,488,433,257,474,471,437,477,256,468,459,454,517,457,509,259,423,444,258,486,480,482,483,506,187,508,359,21,185,184,24,186,22,23,25,360,26,498,528,29,27,30,425,324,322,489,325,388,323,510,526,527,391,525,499,503,490,390,515,321,504,505,389,507,426,434,500,435,523,497,524,533,424,529,516,101,501,103,511,514,102,513,512,519,502,327,518,329,330,520,521,326,494,522,2,331,328,496,532,530,495,531,493,534,536,491,492,535,
402,369,403,404,309,69,241,311,250,254,305,310,308,306,253,304,255,247,252,246,251,410,243,242,249,248,240,245,466,478,244,463,90,368,475,295,419,469,472,307,312,460,417,293,297,298,376,286,421,375,409,281,287,239,300,292,290,299,443,420,338,198,373,214,211,418,415,339,203,209,416,269,157,210,202,398,204,205,201,200,207,208,291,289,288,206,98,212,213,50,387,334,88,385,372,384,383,280,414,178,262,263,393,395,52,49,337,93,272,441,48,146,171,164,332,47,392,165,381,294,44,45,41,386,382,285,397,51,284,380,378,396,379,147,46,278,283,282,394,270,296,145,36,38,224,37,35,39,279,66,40,43,162,42,399,156,400,94,9,230,3,333,77,100,78,440,172,265,199,197,107,161,317,261,264,266,336,160,58,129,126,229,7,236,155,112,340,237,95,238,128,154,119,223,159,8,273,122,158,127,140,116,193,91,118,4,168,169,6,142,132,120,104,123,138,135,358,97,137,133,136,106,124,108,111,139,131,113,141,117,313,92,318,105,411,341,61,319,274,99,54,342,315,408,314,344,60,62,148,320,96,316,356,268,267,153,18,351,121,114,412,413,134,57,115,130,125,231,110,5,56,191,72,271,67,65,355,277,87,89,76,68,71,377,370,17,374,346,275,74,371,276,367,55,73,152,357,109,75,335,59,196,194,343,63,195,220,70,215,33,347,166,64,173,170,34,143,401,354,144,151,149,222,353,150,406,407,405,227,163,226,228,233,192,190,221,225,82,234,235,352,85,84,83,366,176,232,53,303,86,350,189,177,365,345,364,363,219,302,167,362,81,175,14,11,32,10,13,174,80,180,31,349,181,12,348,217,218,188,216,361,183,481,179,79,301,182,427,16,430,487,429,428,15,0,455,445,450,19,448,1,260,453,484,464,446,442,485,439,432,479,456,431,438,451,447,449,467,470,28,452,436,458,465,462,473,422,461,20,433,476,488,257,471,477,459,437,474,256,468,454,517,457,509,423,259,444,258,482,480,486,483,506,187,508,359,21,185,24,23,184,22,186,25,360,26,498,528,29,27,425,30,324,322,489,323,325,388,526,510,527,390,499,391,525,503,490,515,321,505,504,389,426,507,434,500,435,497,523,524,516,424,533,529,501,101,103,511,514,512,102,513,519,502,330,518,327,329,522,326,521,494,520,328,2,331,534,491,532,531,536,495,492,493,530,535,496,
402,369,403,404,309,69,241,311,250,254,305,310,308,306,253,304,255,247,252,246,251,410,243,242,248,249,240,245,466,478,244,463,368,90,475,295,419,469,472,307,312,460,417,293,297,298,376,286,421,409,375,281,287,239,300,292,290,299,443,420,338,198,373,214,211,418,415,339,203,209,416,269,157,210,202,398,204,205,201,200,207,208,291,289,288,206,98,212,213,387,50,334,88,385,372,384,280,383,414,178,263,262,393,395,52,49,337,93,272,441,48,146,171,164,332,47,165,392,381,294,45,44,382,41,386,285,397,284,51,380,378,379,396,147,278,46,283,282,394,270,296,145,36,38,224,37,35,39,66,279,40,43,162,42,399,400,156,94,230,9,3,333,77,78,100,440,172,265,199,197,107,161,317,261,264,266,336,160,58,129,126,229,7,236,112,155,340,237,95,238,128,119,154,223,159,273,122,158,8,127,193,116,140,91,118,4,168,6,169,142,104,120,132,123,138,135,137,133,358,136,97,106,124,139,108,111,113,131,141,117,313,92,341,318,411,61,105,319,342,99,54,274,408,315,314,344,60,148,62,320,267,356,96,316,268,18,351,153,413,114,57,121,412,134,130,125,115,231,56,110,5,191,72,65,67,271,87,355,277,89,76,68,374,71,370,17,377,275,346,74,276,371,55,367,73,152,357,109,75,335,59,196,194,343,63,195,220,70,215,33,166,347,64,173,170,401,34,143,354,144,151,149,222,353,150,407,406,405,227,163,226,233,221,228,192,190,82,225,235,234,352,85,366,83,84,176,232,303,53,86,350,189,177,365,345,364,219,302,167,362,363,81,14,175,11,32,10,13,174,31,80,180,181,349,348,12,216,188,218,217,361,183,481,179,301,79,182,427,16,430,487,428,429,0,15,455,445,450,19,448,1,453,260,446,464,484,442,485,432,439,456,479,438,431,451,447,449,467,470,28,436,452,462,465,458,473,422,461,20,476,433,488,257,474,256,468,459,471,437,477,454,517,457,509,444,423,259,258,482,486,480,483,506,187,508,359,21,185,186,24,22,184,23,25,360,26,528,498,425,30,29,27,489,324,322,323,325,388,526,510,527,503,490,525,499,391,390,515,321,504,389,505,507,426,500,434,435,523,497,533,529,516,424,524,501,101,512,102,103,513,511,514,519,502,330,329,518,327,520,494,326,522,521,331,2,328,536,535,491,531,492,530,532,534,493,495,496,
402,369,403,404,309,69,241,311,250,254,305,310,308,306,253,304,255,247,252,246,251,410,243,242,248,249,240,245,466,478,244,463,90,368,475,295,419,469,472,307,312,460,417,293,298,297,376,286,421,375,409,281,287,239,300,292,290,299,443,420,338,198,373,214,211,418,415,339,209,203,416,269,157,202,210,398,204,205,201,200,207,208,291,289,288,206,98,212,213,50,387,334,88,385,372,384,383,280,414,178,263,262,393,395,52,49,337,93,441,272,48,146,171,164,332,47,165,392,381,294,44,285,386,45,382,41,284,397,51,378,396,380,379,147,278,46,283,282,394,270,296,36,145,38,224,35,37,39,66,279,40,43,162,42,399,156,400,94,230,9,3,333,77,100,78,440,172,265,199,197,161,107,317,264,261,266,336,160,129,58,126,229,7,236,112,155,340,237,238,95,154,119,128,223,159,158,273,8,122,127,193,116,140,91,118,168,4,6,169,142,138,135,123,120,104,132,133,136,358,97,137,124,106,108,139,111,131,141,113,92,313,117,411,61,105,341,318,319,54,99,342,274,315,408,344,314,148,62,60,320,356,96,267,316,268,351,18,153,134,413,57,121,114,412,130,231,115,125,5,110,56,65,67,191,271,72,87,277,355,89,76,68,374,377,71,17,370,275,346,74,371,276,367,55,152,73,357,109,335,75,59,196,194,343,195,63,220,70,33,215,347,166,64,173,170,34,143,401,354,144,149,151,222,353,150,406,407,227,163,405,233,226,190,221,192,228,225,82,235,234,352,84,85,366,83,53,176,303,232,350,86,177,189,365,364,345,362,302,363,167,219,175,14,81,11,10,32,13,180,80,174,31,181,349,348,12,216,188,217,218,361,183,481,179,301,79,182,427,16,430,487,428,429,15,0,455,445,450,19,448,1,260,453,446,464,484,485,442,432,439,479,456,438,431,451,447,449,467,470,28,436,452,465,458,462,473,422,461,20,488,476,433,257,477,256,471,437,459,474,468,454,517,457,509,444,259,423,258,480,482,486,483,506,187,508,359,21,185,184,23,186,24,22,25,360,26,528,498,30,27,425,29,324,489,322,325,388,323,510,526,527,391,490,503,525,499,390,515,321,504,505,389,426,507,500,434,435,523,497,524,529,516,533,424,501,101,512,514,102,511,513,103,519,502,330,518,327,329,522,494,326,521,520,331,2,328,495,491,534,531,493,530,496,532,535,536,492,
402,369,403,404,309,69,241,311,250,254,305,310,308,306,253,304,255,247,252,246,251,410,243,242,248,249,240,245,466,478,244,463,368,475,90,295,419,469,472,307,312,460,417,293,297,298,376,286,421,409,375,281,287,239,300,292,290,299,443,420,338,198,373,214,211,418,415,339,209,203,416,269,157,202,210,204,398,205,201,200,207,208,291,289,288,206,98,212,213,50,387,334,88,385,372,384,383,280,414,178,263,262,393,395,52,49,337,93,441,272,146,48,171,164,332,47,381,165,392,294,285,45,386,382,44,41,51,397,284,396,380,378,379,147,278,46,283,282,394,270,296,36,145,38,224,37,35,39,66,40,279,43,162,42,399,156,400,94,9,230,3,333,77,78,100,440,172,265,199,197,161,107,317,264,261,266,336,129,160,58,126,229,7,236,155,112,340,238,237,95,119,128,154,223,159,8,158,273,122,127,116,193,140,91,118,168,4,6,169,142,138,123,132,120,135,104,97,136,137,133,358,124,106,108,111,139,141,131,113,117,92,313,318,411,341,61,105,319,99,54,342,274,408,315,344,314,60,148,62,320,96,268,356,316,267,18,351,153,412,413,114,134,121,57,115,231,130,125,110,56,5,65,72,67,271,191,355,87,277,89,76,68,71,374,370,377,17,275,74,346,371,276,367,55,152,73,357,109,75,335,59,196,343,194,195,63,220,215,70,33,347,166,173,64,170,34,143,401,354,144,151,149,222,353,406,150,407,227,405,163,221,226,190,192,228,233,82,225,235,234,352,366,84,83,85,232,53,303,176,350,86,365,189,177,345,364,362,302,167,363,219,14,175,81,11,32,10,13,174,31,180,80,349,181,12,348,216,217,218,188,361,183,179,481,79,301,182,427,16,430,487,429,428,15,0,455,445,19,450,1,448,453,260,464,484,446,442,485,432,439,479,456,451,438,431,449,447,470,467,28,452,436,458,465,462,473,461,422,20,488,433,476,257,468,437,256,471,477,459,474,454,517,457,509,423,259,444,258,480,486,482,483,506,187,508,359,21,185,24,23,184,186,22,25,360,26,528,498,30,425,27,29,489,322,324,325,323,388,526,510,527,390,525,499,503,391,490,515,321,504,505,389,426,507,434,500,435,523,497,533,529,424,524,516,101,501,513,103,512,102,511,514,519,502,518,330,327,329,326,520,522,521,494,328,331,2,496,530,535,492,495,536,531,491,532,534,493,
402,369,403,404,309,69,241,311,250,254,305,308,310,306,253,304,255,247,252,246,251,410,243,242,248,249,240,245,466,478,244,463,475,90,368,295,419,469,472,307,312,460,417,293,298,297,376,286,421,375,409,281,287,239,300,292,290,299,443,420,338,198,373,214,211,418,415,339,209,203,269,416,157,202,210,398,204,205,201,200,207,208,291,289,288,98,206,212,213,387,50,334,88,385,372,384,280,383,414,178,263,262,393,395,52,49,337,93,272,441,146,48,171,164,332,47,381,165,392,294,285,45,386,44,41,382,51,284,397,378,396,379,380,147,278,46,283,282,270,394,296,36,145,38,224,35,37,39,279,40,66,43,162,42,399,156,400,94,230,9,3,333,77,100,78,440,172,265,199,197,107,161,317,261,264,266,336,129,58,160,126,229,7,155,236,112,340,238,95,237,128,154,119,223,159,158,8,273,122,127,116,140,193,91,118,4,168,6,169,142,120,138,132,104,135,123,97,133,137,136,358,124,106,108,139,111,131,113,141,313,117,92,341,318,61,411,105,319,54,274,342,99,408,315,344,314,62,148,60,320,268,96,356,316,267,153,351,18,413,134,57,121,412,114,130,125,115,231,56,110,5,65,271,191,72,67,87,355,277,89,76,68,71,370,374,17,377,346,275,74,371,276,55,367,73,152,357,109,75,335,59,196,194,343,63,195,220,70,33,215,347,166,173,64,170,34,401,143,354,144,149,151,222,353,407,406,150,227,405,163,226,190,233,228,221,192,82,225,234,235,352,366,84,85,83,303,53,232,176,86,350,177,365,189,345,364,363,362,167,302,219,81,14,175,11,10,13,32,180,174,80,31,181,349,348,12,216,218,217,188,361,183,481,179,301,79,182,427,16,430,487,429,428,0,15,455,445,450,19,448,1,260,453,484,446,464,485,442,432,439,479,456,431,451,438,447,449,467,470,28,436,452,465,458,462,473,461,422,20,476,488,433,257,471,256,437,477,459,474,468,454,517,457,509,423,444,259,258,482,486,480,483,506,187,508,359,21,185,23,22,184,24,186,25,360,26,498,528,425,29,27,30,322,489,324,323,388,325,510,526,527,525,503,391,499,490,390,515,321,504,505,389,507,426,500,434,435,523,497,424,529,516,524,533,101,501,512,102,514,103,513,511,519,502,518,329,330,327,521,520,494,522,326,2,328,331,535,534,531,492,496,532,536,495,493,491,530,
402,369,403,404,309,69,241,311,250,254,305,308,310,306,253,304,255,247,252,246,251,410,243,242,249,248,240,245,466,478,244,463,368,90,475,295,419,469,472,307,312,460,417,293,297,298,376,286,421,375,409,281,287,239,300,292,290,299,443,420,338,198,373,214,211,418,415,339,203,209,269,416,157,210,202,398,204,205,201,200,207,208,291,289,288,98,206,212,213,387,50,334,88,385,372,384,383,280,414,178,263,262,393,395,52,49,337,93,272,441,48,146,171,164,332,47,381,165,392,294,45,386,41,285,44,382,397,284,51,380,379,378,396,147,46,278,283,282,394,270,296,36,145,38,224,35,37,39,279,66,40,43,162,42,399,400,156,94,230,9,3,333,77,78,100,440,172,265,199,197,107,161,317,264,261,266,336,160,129,58,126,229,7,155,112,236,340,238,237,95,128,154,119,223,159,158,122,8,273,127,193,140,116,91,118,4,168,6,169,142,123,135,132,104,138,120,137,97,136,358,133,124,106,111,139,108,131,113,141,117,313,92,61,318,341,105,411,319,99,274,342,54,408,315,344,314,148,60,62,320,268,96,316,356,267,18,153,351,57,121,114,413,134,412,125,231,115,130,110,5,56,67,271,65,191,72,277,87,355,89,76,68,377,374,71,370,17,74,275,346,276,371,55,367,73,152,357,109,75,335,59,196,194,343,63,195,220,215,33,70,347,166,64,173,170,143,34,401,354,144,151,149,353,222,407,406,150,163,227,405,233,190,192,221,228,226,225,82,234,235,352,366,85,84,83,303,53,176,232,86,350,177,365,189,345,364,363,302,362,167,219,81,175,14,11,32,10,13,174,180,31,80,181,349,348,12,217,218,188,216,361,183,179,481,301,79,182,427,16,430,487,429,428,15,0,455,445,19,450,1,448,453,260,446,464,484,485,442,432,439,456,479,438,451,431,449,447,467,470,28,436,452,462,465,458,473,461,422,20,433,476,488,257,471,468,459,474,256,437,477,454,517,457,509,423,259,444,258,486,480,482,483,506,187,508,359,21,185,24,22,186,23,184,25,360,26,528,498,29,30,27,425,324,322,489,323,388,325,510,526,527,499,503,490,525,391,390,515,321,505,504,389,507,426,500,434,435,497,523,516,524,529,424,533,501,101,513,103,102,514,511,512,519,502,327,518,329,330,521,520,326,494,522,328,331,2,535,536,492,531,495,530,493,491,534,532,496,
402,369,403,404,309,69,241,311,250,254,305,310,308,306,253,304,255,247,252,246,251,410,243,242,249,248,240,245,466,478,244,463,90,475,368,295,419,469,472,307,312,460,417,293,297,298,376,286,421,375,409,281,287,239,300,292,290,299,443,420,338,198,373,214,211,415,418,339,209,203,416,269,157,210,202,398,204,205,201,200,207,208,291,289,288,98,206,212,213,50,387,334,88,385,372,384,280,383,414,178,263,262,393,395,52,49,337,93,272,441,48,146,171,164,332,47,165,392,381,294,386,41,382,44,45,285,397,51,284,378,380,379,396,147,46,278,283,282,394,270,296,36,145,38,224,37,35,39,279,66,40,43,162,42,399,156,400,94,9,230,3,333,77,78,100,440,172,265,199,197,161,107,317,261,264,266,336,129,160,58,126,229,7,155,236,112,340,237,95,238,154,128,119,223,159,158,273,122,8,127,140,116,193,91,118,168,4,169,6,142,123,104,138,135,132,120,97,358,133,136,137,124,106,139,111,108,141,113,131,92,313,117,61,105,318,341,411,319,54,342,274,99,408,315,344,314,60,148,62,320,268,356,96,267,316,153,351,18,114,134,412,413,121,57,231,125,130,115,5,56,110,72,67,191,271,65,277,355,87,89,68,76,377,71,374,370,17,275,346,74,276,371,55,367,73,152,357,109,75,335,59,196,194,343,63,195,220,70,215,33,166,347,64,173,170,34,143,401,354,144,149,151,353,222,150,406,407,163,227,405,228,233,221,190,192,226,225,82,235,234,352,366,83,84,85,53,303,176,232,86,350,177,365,189,364,345,219,363,362,167,302,14,81,175,11,32,10,13,80,31,180,174,181,349,12,348,217,188,216,218,361,183,179,481,79,301,182,427,16,430,487,429,428,0,15,455,445,19,450,1,448,453,260,484,464,446,485,442,432,439,456,479,431,451,438,449,447,470,467,28,452,436,462,458,465,473,422,461,20,433,476,488,257,471,468,459,474,256,477,437,454,517,457,509,444,423,259,258,482,480,486,483,506,187,508,359,21,185,184,22,24,186,23,25,360,26,528,498,425,30,27,29,324,322,489,323,325,388,526,510,527,390,525,499,391,490,503,515,321,505,389,504,507,426,434,500,435,523,497,529,516,424,533,524,501,101,102,512,514,511,103,513,519,502,518,330,329,327,522,520,326,494,521,331,2,328,536,491,532,496,492,534,495,535,493,531,530,
402,369,403,404,309,69,241,311,250,254,305,308,310,306,253,304,255,247,252,246,251,410,243,242,249,248,240,245,466,478,244,463,368,475,90,295,419,469,472,307,312,460,417,293,297,298,376,286,421,375,409,281,287,239,300,292,290,299,443,420,338,198,373,214,211,418,415,339,209,203,416,269,157,202,210,398,204,205,201,200,207,208,291,289,288,206,98,212,213,387,50,334,88,385,372,384,383,280,414,178,262,263,393,395,52,49,337,93,272,441,48,146,171,164,332,47,165,392,381,294,382,41,44,45,285,386,284,397,51,380,379,396,378,147,278,46,283,282,270,394,296,145,36,38,224,37,35,39,40,66,279,43,162,42,399,156,400,94,230,9,3,333,77,78,100,440,172,265,199,197,107,161,317,264,261,266,336,58,129,160,126,229,7,236,112,155,340,238,237,95,154,128,119,223,159,8,158,122,273,127,140,116,193,91,118,4,168,6,169,142,132,123,135,120,138,104,136,133,358,97,137,106,124,111,108,139,131,113,141,92,313,117,411,61,105,318,341,319,342,274,54,99,315,408,314,344,60,148,62,320,356,96,267,316,268,153,18,351,134,121,413,412,57,114,115,231,125,130,110,56,5,72,65,271,191,67,87,277,355,89,68,76,17,71,377,370,374,346,275,74,276,371,55,367,152,73,357,109,75,335,59,196,343,194,63,195,220,70,33,215,347,166,173,64,170,143,401,34,354,144,151,149,353,222,150,407,406,163,227,405,190,228,233,221,226,192,82,225,234,235,352,83,84,366,85,303,53,232,176,86,350,365,177,189,345,364,167,363,219,302,362,81,175,14,11,10,13,32,80,31,174,180,349,181,12,348,216,188,217,218,361,183,179,481,301,79,182,427,16,430,487,428,429,0,15,455,445,450,19,448,1,260,453,464,484,446,442,485,432,439,479,456,451,438,431,449,447,467,470,28,452,436,458,465,462,473,422,461,20,476,488,433,257,256,477,468,459,471,437,474,454,517,457,509,423,444,259,258,482,480,486,483,506,187,508,359,21,185,186,23,22,24,184,25,360,26,498,528,27,425,29,30,489,322,324,388,325,323,526,510,527,390,499,391,503,490,525,515,321,389,505,504,507,426,500,434,435,497,523,424,529,533,524,516,501,101,102,103,513,511,514,512,519,502,330,518,329,327,326,494,522,521,520,2,331,328,531,496,495,532,491,534,535,530,536,492,493,
402,369,403,404,309,69,241,311,250,254,305,308,310,306,253,304,255,247,252,246,251,410,243,242,248,249,240,245,466,478,244,463,368,475,90,295,419,469,472,307,312,460,417,293,298,297,376,286,421,409,375,281,287,239,300,292,290,299,443,420,338,198,373,214,211,418,415,339,209,203,269,416,157,210,202,398,204,205,201,200,208,207,291,289,288,206,98,212,213,50,387,334,88,385,372,384,280,383,414,178,263,262,393,395,52,49,337,93,272,441,48,146,171,164,332,47,381,392,165,294,386,44,45,285,41,382,284,397,51,380,378,379,396,147,46,278,283,282,270,394,296,36,145,38,224,35,37,39,66,279,40,43,162,42,399,156,400,94,230,9,3,333,77,100,78,440,172,265,199,197,107,161,317,264,261,266,336,129,58,160,126,229,7,112,236,155,340,237,238,95,128,119,154,223,159,158,8,122,273,127,116,140,193,91,118,4,168,169,6,142,138,135,120,104,123,132,133,137,97,358,136,124,106,108,139,111,131,141,113,92,117,313,341,61,411,318,105,319,99,342,54,274,315,408,344,314,148,62,60,320,268,96,356,316,267,153,18,351,114,413,134,121,57,412,115,125,130,231,5,110,56,271,67,65,72,191,277,355,87,89,68,76,71,370,377,17,374,275,74,346,371,276,367,55,73,152,357,109,75,335,59,196,343,194,195,63,220,70,215,33,166,347,173,64,170,34,143,401,354,144,149,151,353,222,150,407,406,227,405,163,226,221,228,190,233,192,225,82,235,234,352,85,83,366,84,176,232,53,303,86,350,189,177,365,364,345,219,362,167,363,302,14,81,175,11,32,13,10,31,80,180,174,181,349,12,348,217,216,218,188,361,183,179,481,79,301,182,427,16,430,487,429,428,15,0,455,445,450,19,1,448,453,260,446,464,484,442,485,439,432,456,479,431,451,438,449,447,467,470,28,452,436,462,458,465,473,422,461,20,488,433,476,257,468,256,477,474,471,437,459,454,517,457,509,259,423,444,258,482,480,486,483,506,187,508,359,21,185,23,184,22,24,186,25,360,26,528,498,29,30,425,27,322,489,324,388,325,323,510,526,527,503,490,499,525,391,390,515,321,504,505,389,507,426,434,500,435,523,497,524,516,424,533,529,501,101,514,512,103,102,511,513,519,502,518,330,327,329,494,520,521,522,326,2,328,331,532,536,535,491,530,496,495,534,531,493,492,
402,369,403,404,309,69,241,311,250,254,305,308,310,306,253,304,255,247,252,246,251,410,243,242,248,249,240,245,466,478,244,463,368,475,90,295,419,469,472,307,312,460,417,293,297,298,376,286,421,375,409,281,287,239,300,292,290,299,443,420,338,198,373,214,211,415,418,339,203,209,269,416,157,202,210,204,398,205,201,200,207,208,291,289,288,206,98,212,213,387,50,334,88,385,372,384,383,280,414,178,263,262,393,395,52,49,337,93,272,441,146,48,171,164,332,47,165,381,392,294,386,44,285,382,45,41,284,397,51,378,396,380,379,147,278,46,283,282,394,270,296,36,145,38,224,35,37,39,279,40,66,43,162,42,399,156,400,94,9,230,3,333,77,78,100,440,172,265,199,197,107,161,317,264,261,266,336,160,129,58,126,229,7,236,155,112,340,237,238,95,119,128,154,223,159,8,273,158,122,127,140,193,116,91,118,168,4,6,169,142,138,104,135,120,132,123,133,358,137,97,136,106,124,111,108,139,131,113,141,92,313,117,105,411,61,318,341,319,54,274,342,99,315,408,344,314,62,60,148,320,267,356,268,96,316,351,18,153,57,413,134,114,412,121,130,231,125,115,56,5,110,191,67,65,271,72,277,87,355,89,76,68,374,370,17,377,71,74,275,346,276,371,367,55,73,152,357,109,335,75,59,196,194,343,63,195,220,215,70,33,347,166,64,173,170,143,401,34,354,144,149,151,222,353,150,406,407,163,227,405,233,226,192,221,190,228,225,82,234,235,352,84,366,85,83,232,303,176,53,86,350,189,177,365,345,364,362,302,219,167,363,14,81,175,11,13,32,10,180,80,174,31,181,349,348,12,188,217,218,216,361,183,179,481,79,301,182,427,16,430,487,428,429,0,15,455,445,19,450,448,1,260,453,446,484,464,485,442,439,432,456,479,451,431,438,449,447,467,470,28,436,452,465,458,462,473,461,422,20,488,476,433,257,471,459,256,474,437,468,477,454,517,457,509,423,444,259,258,482,480,486,483,506,187,508,359,21,185,22,24,184,23,186,25,360,26,498,528,30,425,29,27,489,324,322,323,388,325,510,526,527,490,503,499,391,525,390,515,321,505,504,389,426,507,434,500,435,523,497,524,533,424,529,516,101,501,102,103,512,511,514,513,519,502,329,330,327,518,522,494,521,326,520,331,328,2,532,496,491,531,534,493,536,530,492,495,535,
402,369,403,404,309,69,241,311,250,254,305,308,310,306,253,304,255,247,252,246,251,410,243,242,249,248,240,245,466,478,244,463,475,90,368,295,419,469,472,307,312,460,417,293,298,297,376,286,421,375,409,281,287,239,300,292,290,299,443,420,338,198,373,214,211,415,418,339,209,203,269,416,157,210,202,398,204,205,201,200,208,207,291,289,288,98,206,212,213,50,387,334,88,385,372,384,383,280,414,178,263,262,393,395,52,49,337,93,441,272,146,48,171,164,332,47,165,381,392,294,382,44,285,386,41,45,51,397,284,378,396,380,379,147,46,278,283,282,270,394,296,36,145,38,224,37,35,39,279,66,40,43,162,42,399,400,156,94,230,9,3,333,77,100,78,440,172,265,199,197,107,161,317,261,264,266,336,58,160,129,126,229,7,112,155,236,340,238,237,95,154,128,119,223,159,122,158,8,273,127,140,116,193,91,118,168,4,169,6,142,120,123,132,138,104,135,133,97,136,358,137,124,106,111,108,139,141,131,113,92,117,313,411,341,61,318,105,319,54,99,342,274,408,315,344,314,62,60,148,320,356,268,96,267,316,153,351,18,413,114,134,121,57,412,125,231,130,115,110,5,56,67,191,65,271,72,87,277,355,89,68,76,71,370,377,17,374,275,346,74,371,276,55,367,73,152,357,109,75,335,59,196,194,343,63,195,220,70,215,33,347,166,173,64,170,143,34,401,354,144,151,149,353,222,406,150,407,227,163,405,226,233,192,221,228,190,225,82,235,234,352,366,84,85,83,232,176,303,53,350,86,365,177,189,364,345,302,219,362,363,167,14,81,175,11,10,13,32,174,80,180,31,181,349,348,12,217,218,216,188,361,183,179,481,301,79,182,427,16,430,487,428,429,0,15,455,445,450,19,448,1,453,260,446,464,484,442,485,432,439,456,479,451,438,431,449,447,467,470,28,452,436,465,458,462,473,422,461,20,476,488,433,257,474,459,477,468,437,471,256,454,517,457,509,423,444,259,258,480,486,482,483,506,187,508,359,21,185,23,184,186,22,24,25,360,26,528,498,27,29,425,30,489,322,324,323,325,388,510,526,527,525,490,390,499,391,503,515,321,504,505,389,426,507,434,500,435,523,497,533,524,516,424,529,101,501,513,514,512,511,103,102,519,502,518,327,329,330,520,494,326,521,522,331,2,328,530,491,535,495,493,532,531,536,496,534,492,
402,369,403,404,309,69,241,311,250,254,305,310,308,306,253,304,255,247,252,246,251,410,243,242,248,249,240,245,466,478,244,463,475,90,368,295,419,469,472,307,312,460,417,293,297,298,376,286,421,375,409,281,287,239,300,292,290,299,443,420,338,198,373,214,211,415,418,339,209,203,269,416,157,202,210,204,398,205,201,200,207,208,291,289,288,98,206,212,213,387,50,334,88,385,372,384,383,280,414,178,262,263,393,395,52,49,337,93,441,272,48,146,171,164,332,47,165,381,392,294,45,44,382,41,386,285,51,284,397,379,378,380,396,147,46,278,283,282,394,270,296,145,36,38,224,37,35,39,40,279,66,43,162,42,399,400,156,94,9,230,3,333,77,78,100,440,172,265,199,197,161,107,317,261,264,266,336,58,129,160,126,229,7,155,236,112,340,238,237,95,154,128,119,223,159,8,273,122,158,127,116,193,140,91,118,4,168,6,169,142,104,135,132,123,138,120,137,133,97,358,136,106,124,111,139,108,141,113,131,92,117,313,411,341,61,318,105,319,274,99,342,54,408,315,344,314,60,62,148,320,267,316,96,356,268,351,18,153,134,413,114,121,57,412,125,115,130,231,56,110,5,191,67,72,65,271,277,355,87,89,76,68,17,377,374,71,370,346,275,74,276,371,55,367,73,152,357,109,335,75,59,196,343,194,195,63,220,33,215,70,347,166,64,173,170,143,34,401,354,144,151,149,353,222,407,406,150,227,405,163,228,226,221,190,192,233,225,82,234,235,352,366,84,85,83,53,232,176,303,86,350,177,365,189,345,364,167,302,362,219,363,175,81,14,11,13,10,32,174,180,80,31,181,349,348,12,216,217,218,188,361,183,481,179,301,79,182,427,16,430,487,428,429,0,15,455,445,450,19,1,448,260,453,464,446,484,485,442,432,439,479,456,438,431,451,447,449,470,467,28,436,452,462,458,465,473,422,461,20,476,433,488,257,437,474,477,468,471,459,256,454,517,457,509,444,423,259,258,486,480,482,483,506,187,508,359,21,185,184,24,22,186,23,25,360,26,528,498,425,30,29,27,489,322,324,323,388,325,526,510,527,490,390,391,525,499,503,515,321,504,505,389,426,507,434,500,435,523,497,424,533,516,529,524,501,101,513,512,102,511,103,514,519,502,518,327,329,330,494,522,520,521,326,328,2,331,491,536,492,530,495,532,534,493,531,496,535,
402,369,403,404,309,69,241,311,250,254,305,310,308,306,253,304,255,247,252,246,251,410,243,242,248,249,240,245,466,478,244,463,368,475,90,295,419,469,472,307,312,460,417,293,298,297,376,286,421,409,375,281,287,239,300,292,290,299,443,420,338,198,373,214,211,418,415,339,209,203,416,269,157,202,210,398,204,205,201,200,207,208,291,289,288,98,206,212,213,50,387,334,88,385,372,384,383,280,414,178,263,262,393,395,52,49,337,93,441,272,146,48,171,164,332,47,392,381,165,294,285,386,41,382,45,44,284,51,397,378,379,396,380,147,46,278,283,282,394,270,296,145,36,38,224,37,35,39,40,279,66,43,162,42,399,156,400,94,9,230,3,333,77,78,100,440,172,265,199,197,161,107,317,261,264,266,336,129,160,58,126,229,7,236,155,112,340,95,238,237,119,128,154,223,159,158,122,8,273,127,140,116,193,91,118,4,168,169,6,142,104,138,135,123,132,120,358,136,97,137,133,106,124,108,139,111,113,141,131,92,313,117,61,411,341,105,318,319,54,99,342,274,315,408,344,314,60,148,62,320,316,267,356,96,268,18,153,351,412,57,121,114,413,134,231,130,115,125,5,110,56,72,191,271,67,65,355,87,277,89,68,76,17,370,377,71,374,346,74,275,371,276,55,367,73,152,357,109,335,75,59,196,194,343,195,63,220,70,33,215,166,347,173,64,170,34,143,401,354,144,149,151,353,222,407,406,150,405,227,163,190,192,233,228,226,221,82,225,234,235,352,85,366,83,84,53,176,303,232,350,86,177,189,365,345,364,302,219,167,363,362,175,81,14,11,13,10,32,80,174,180,31,181,349,12,348,217,216,188,218,361,183,179,481,79,301,182,427,16,430,487,429,428,0,15,455,445,450,19,1,448,260,453,484,464,446,485,442,439,432,479,456,451,438,431,447,449,470,467,28,452,436,462,465,458,473,461,422,20,488,476,433,257,459,256,471,477,474,437,468,454,517,457,509,423,259,444,258,480,486,482,483,506,187,508,359,21,185,186,184,22,24,23,25,360,26,528,498,27,425,30,29,324,322,489,323,388,325,510,526,527,525,503,490,390,499,391,515,321,505,389,504,507,426,500,434,435,497,523,524,529,424,533,516,501,101,511,512,102,103,514,513,519,502,327,329,330,518,326,521,522,520,494,328,331,2,491,496,535,531,536,534,495,493,532,530,492,
402,369,403,404,309,69,241,311,250,254,305,308,310,306,253,304,255,247,252,246,251,410,243,242,249,248,240,245,466,478,244,463,368,475,90,295,419,469,472,307,312,460,417,293,297,298,376,286,421,409,375,281,287,239,300,292,290,299,443,420,338,198,373,214,211,418,415,339,203,209,416,269,157,210,202,398,204,205,201,200,207,208,291,289,288,206,98,212,213,50,387,334,88,385,372,384,280,383,414,178,262,263,393,395,52,49,337,93,272,441,48,146,171,164,332,47,392,381,165,294,41,382,45,44,386,285,284,51,397,396,380,378,379,147,46,278,283,282,394,270,296,145,36,38,224,37,35,39,279,66,40,43,162,42,399,156,400,94,9,230,3,333,77,100,78,440,172,265,199,197,161,107,317,264,261,266,336,160,129,58,126,229,7,112,155,236,340,238,95,237,119,128,154,223,159,158,122,8,273,127,193,140,116,91,118,4,168,6,169,142,123,132,104,135,138,120,358,136,97,137,133,106,124,111,139,108,141,131,113,117,92,313,105,318,61,341,411,319,342,274,54,99,315,408,344,314,148,62,60,320,316,356,268,96,267,153,18,351,121,413,57,114,412,134,125,231,130,115,5,110,56,65,67,72,191,271,277,87,355,89,76,68,370,377,71,374,17,275,346,74,276,371,367,55,152,73,357,109,335,75,59,196,194,343,195,63,220,215,70,33,166,347,64,173,170,401,143,34,354,144,149,151,222,353,406,150,407,163,227,405,228,190,221,226,192,233,225,82,234,235,352,84,85,366,83,176,303,232,53,86,350,189,177,365,345,364,302,167,363,362,219,14,175,81,11,13,10,32,174,31,80,180,181,349,348,12,217,216,188,218,361,183,481,179,79,301,182,427,16,430,487,429,428,0,15,455,445,450,19,448,1,453,260,464,446,484,485,442,432,439,479,456,451,431,438,449,447,470,467,28,452,436,458,465,462,473,422,461,20,433,488,476,257,471,256,437,474,459,477,468,454,517,457,509,423,444,259,258,480,486,482,483,506,187,508,359,21,185,22,186,23,24,184,25,360,26,498,528,425,29,27,30,489,324,322,323,388,325,510,526,527,391,390,490,525,503,499,515,321,389,505,504,426,507,500,434,435,523,497,524,424,516,533,529,501,101,512,514,511,103,102,513,519,502,518,327,330,329,520,326,521,494,522,331,328,2,536,534,535,530,492,496,531,532,495,491,493,
402,369,403,404,309,69,241,311,250,254,305,310,308,306,253,304,255,247,252,246,251,410,243,242,248,249,240,245,466,478,244,463,475,90,368,295,419,469,472,307,312,460,417,293,297,298,376,286,421,375,409,281,287,239,300,292,290,299,443,420,338,198,373,214,211,415,418,339,209,203,416,269,157,202,210,398,204,205,201,200,207,208,291,289,288,98,206,212,213,50,387,334,88,385,372,384,383,280,414,178,263,262,393,395,52,49,337,93,441,272,48,146,171,164,332,47,381,392,165,294,45,382,386,44,41,285,284,397,51,396,379,380,378,147,278,46,283,282,270,394,296,36,145,38,224,35,37,39,279,40,66,43,162,42,399,400,156,94,230,9,3,333,77,78,100,440,172,265,199,197,161,107,317,261,264,266,336,129,160,58,126,229,7,236,155,112,340,238,237,95,128,119,154,223,159,122,273,8,158,127,116,193,140,91,118,4,168,6,169,142,138,123,135,132,120,104,97,136,358,137,133,124,106,111,139,108,113,131,141,313,117,92,411,105,341,318,61,319,54,99,342,274,315,408,314,344,62,60,148,320,267,96,356,316,268,351,18,153,57,134,412,121,413,114,125,231,130,115,110,56,5,72,191,65,271,67,277,87,355,89,76,68,377,17,370,71,374,74,346,275,276,371,367,55,73,152,357,109,335,75,59,196,343,194,195,63,220,215,33,70,166,347,64,173,170,143,34,401,354,144,149,151,353,222,150,406,407,227,163,405,233,192,228,226,190,221,82,225,234,235,352,85,84,83,366,232,53,303,176,350,86,365,177,189,345,364,362,302,219,167,363,175,81,14,11,10,32,13,174,31,180,80,181,349,12,348,217,218,188,216,361,183,481,179,79,301,182,427,16,430,487,428,429,0,15,455,445,450,19,448,1,453,260,484,464,446,485,442,432,439,456,479,438,431,451,447,449,470,467,28,436,452,465,462,458,473,422,461,20,433,488,476,257,477,437,471,459,468,474,256,454,517,457,509,423,444,259,258,482,480,486,483,506,187,508,359,21,185,24,22,23,186,184,25,360,26,528,498,29,425,30,27,489,324,322,323,388,325,526,510,527,391,390,503,525,490,499,515,321,389,504,505,507,426,434,500,435,523,497,529,533,424,516,524,101,501,103,511,512,514,102,513,519,502,329,518,327,330,520,521,522,326,494,2,331,328,535,532,493,536,495,491,531,496,492,530,534,
402,369,403,404,309,69,241,311,250,254,305,310,308,306,253,304,255,247,252,246,251,410,243,242,249,248,240,245,466,478,244,463,368,475,90,295,419,469,472,307,312,460,417,293,298,297,376,286,421,375,409,281,287,239,300,292,290,299,443,420,338,198,373,214,211,418,415,339,209,203,416,269,157,202,210,204,398,205,201,200,208,207,291,289,288,98,206,212,213,50,387,334,88,385,372,384,383,280,414,178,262,263,393,395,52,49,337,93,272,441,146,48,171,164,332,47,165,392,381,294,45,44,41,382,386,285,284,397,51,378,396,380,379,147,278,46,283,282,270,394,296,145,36,38,224,37,35,39,40,279,66,43,162,42,399,156,400,94,230,9,3,333,77,78,100,440,172,265,199,197,107,161,317,264,261,266,336,160,58,129,126,229,7,236,112,155,340,95,237,238,119,128,154,223,159,273,158,122,8,127,193,116,140,91,118,4,168,6,169,142,135,138,104,120,123,132,133,136,358,137,97,124,106,108,139,111,141,131,113,92,117,313,341,61,318,411,105,319,99,274,54,342,408,315,344,314,60,148,62,320,96,356,268,267,316,18,153,351,134,121,114,413,412,57,130,231,125,115,110,5,56,72,67,191,271,65,87,277,355,89,68,76,370,374,17,377,71,74,275,346,371,276,367,55,152,73,357,109,75,335,59,196,194,343,63,195,220,215,70,33,166,347,64,173,170,143,401,34,354,144,151,149,353,222,406,407,150,405,227,163,221,192,226,228,190,233,82,225,235,234,352,84,366,85,83,176,303,53,232,86,350,189,365,177,364,345,219,362,302,363,167,81,14,175,11,13,32,10,180,31,174,80,181,349,348,12,217,216,218,188,361,183,481,179,79,301,182,427,16,430,487,429,428,15,0,455,445,19,450,448,1,260,453,446,484,464,442,485,432,439,456,479,438,431,451,449,447,470,467,28,436,452,462,458,465,473,422,461,20,433,488,476,257,437,474,471,468,477,256,459,454,517,457,509,259,423,444,258,480,482,486,483,506,187,508,359,21,185,22,184,186,23,24,25,360,26,528,498,30,29,425,27,322,324,489,388,325,323,526,510,527,390,391,499,503,525,490,515,321,505,504,389,507,426,500,434,435,497,523,529,424,533,524,516,101,501,511,513,514,103,102,512,519,502,329,330,327,518,494,522,326,521,520,328,2,331,535,495,496,532,530,492,536,493,491,531,534,
402,369,403,404,309,69,241,311,250,254,305,310,308,306,253,304,255,247,252,246,251,410,243,242,249,248,240,245,466,478,244,463,475,368,90,295,419,469,472,307,312,460,417,293,298,297,376,286,421,375,409,281,287,239,300,292,290,299,443,420,338,198,373,214,211,418,415,339,209,203,416,269,157,202,210,398,204,205,201,200,208,207,291,289,288,206,98,212,213,387,50,334,88,385,372,384,383,280,414,178,262,263,393,395,52,49,337,93,272,441,146,48,171,164,332,47,381,165,392,294,41,386,285,382,45,44,397,51,284,379,380,396,378,147,278,46,283,282,270,394,296,36,145,38,224,37,35,39,40,279,66,43,162,42,399,400,156,94,9,230,3,333,77,100,78,440,172,265,199,197,107,161,317,264,261,266,336,160,58,129,126,229,7,112,155,236,340,95,237,238,119,128,154,223,159,8,122,158,273,127,140,193,116,91,118,168,4,169,6,142,132,135,120,123,138,104,136,133,137,358,97,124,106,139,111,108,113,131,141,92,117,313,341,318,411,105,61,319,54,342,274,99,408,315,344,314,148,62,60,320,267,316,356,268,96,18,351,153,57,121,413,412,114,134,130,115,231,125,56,110,5,65,67,72,271,191,355,87,277,89,76,68,370,374,71,377,17,346,74,275,371,276,55,367,152,73,357,109,75,335,59,196,194,343,63,195,220,215,33,70,166,347,173,64,170,34,143,401,354,144,149,151,222,353,150,406,407,163,405,227,192,233,221,226,228,190,82,225,235,234,352,83,85,84,366,53,176,303,232,350,86,177,365,189,345,364,362,219,363,167,302,175,14,81,11,13,10,32,174,180,31,80,349,181,348,12,216,218,188,217,361,183,179,481,79,301,182,427,16,430,487,429,428,15,0,455,445,19,450,448,1,260,453,464,446,484,485,442,439,432,479,456,438,451,431,449,447,467,470,28,452,436,465,458,462,473,461,422,20,476,488,433,257,437,471,256,459,477,468,474,454,517,457,509,259,423,444,258,480,482,486,483,506,187,508,359,21,185,184,186,24,22,23,25,360,26,498,528,30,29,425,27,324,322,489,388,323,325,526,510,527,490,503,499,390,525,391,515,321,389,504,505,426,507,500,434,435,497,523,516,424,529,524,533,501,101,514,102,103,511,513,512,519,502,518,330,327,329,326,520,494,522,521,2,328,331,530,534,536,531,495,532,535,491,493,496,492,
402,369,403,404,309,69,241,311,250,254,305,308,310,306,253,304,255,247,252,246,251,410,243,242,248,249,240,245,466,478,244,463,368,475,90,295,419,469,472,307,312,460,417,293,298,297,376,286,421,375,409,281,287,239,300,292,290,299,443,420,338,198,373,214,211,418,415,339,203,209,416,269,157,210,202,204,398,205,201,200,208,207,291,289,288,206,98,212,213,50,387,334,88,385,372,384,280,383,414,178,262,263,393,395,52,49,337,93,441,272,146,48,171,164,332,47,165,392,381,294,285,386,41,382,45,44,51,397,284,378,379,380,396,147,46,278,283,282,394,270,296,145,36,38,224,35,37,39,66,279,40,43,162,42,399,156,400,94,230,9,3,333,77,100,78,440,172,265,199,197,161,107,317,261,264,266,336,160,58,129,126,229,7,236,155,112,340,237,238,95,128,119,154,223,159,8,122,158,273,127,193,116,140,91,118,4,168,6,169,142,123,104,120,138,132,135,136,133,137,358,97,124,106,111,139,108,141,131,113,117,313,92,341,61,411,318,105,319,274,54,342,99,315,408,344,314,62,148,60,320,316,356,268,267,96,18,351,153,114,134,413,412,121,57,115,130,125,231,110,56,5,271,191,67,72,65,87,277,355,89,76,68,17,377,370,374,71,346,74,275,371,276,55,367,152,73,357,109,335,75,59,196,343,194,195,63,220,70,215,33,166,347,64,173,170,34,143,401,354,144,151,149,353,222,407,406,150,227,163,405,233,221,228,190,192,226,225,82,235,234,352,83,84,366,85,303,232,176,53,350,86,177,189,365,364,345,167,363,362,302,219,81,14,175,11,10,13,32,80,180,174,31,181,349,348,12,188,218,216,217,361,183,481,179,301,79,182,427,16,430,487,428,429,15,0,455,445,450,19,448,1,260,453,484,446,464,485,442,432,439,479,456,431,451,438,449,447,470,467,28,452,436,458,462,465,473,422,461,20,488,476,433,257,474,256,437,459,471,468,477,454,517,457,509,259,444,423,258,482,486,480,483,506,187,508,359,21,185,186,184,24,23,22,25,360,26,498,528,27,30,29,425,489,324,322,323,325,388,510,526,527,525,391,503,499,490,390,515,321,504,389,505,507,426,500,434,435,523,497,524,533,529,516,424,101,501,511,102,103,514,512,513,519,502,330,327,518,329,520,521,522,494,326,2,328,331,534,530,493,535,531,492,496,491,536,495,532,
402,369,403,404,309,69,241,311,250,254,305,310,308,306,253,304,255,247,252,246,251,410,243,242,248,249,240,245,466,478,244,463,368,475,90,295,419,469,472,307,312,460,417,293,298,297,376,286,421,375,409,281,287,239,300,292,290,299,443,420,338,198,373,214,211,418,415,339,209,203,416,269,157,202,210,204,398,205,201,200,207,208,291,289,288,98,206,212,213,387,50,334,88,385,372,384,280,383,414,178,262,263,393,395,52,49,337,93,441,272,48,146,171,164,332,47,392,381,165,294,45,41,44,382,285,386,284,397,51,380,378,396,379,147,46,278,283,282,394,270,296,36,145,38,224,37,35,39,279,66,40,43,162,42,399,400,156,94,9,230,3,333,77,78,100,440,172,265,199,197,161,107,317,264,261,266,336,129,58,160,126,229,7,236,112,155,340,95,238,237,128,119,154,223,159,122,8,158,273,127,193,116,140,91,118,4,168,169,6,142,104,138,120,135,132,123,358,137,133,97,136,124,106,139,108,111,131,141,113,313,92,117,411,61,105,318,341,319,54,274,342,99,408,315,344,314,60,148,62,320,96,356,267,268,316,351,153,18,57,134,114,413,412,121,231,125,130,115,110,56,5,67,191,271,72,65,277,355,87,89,68,76,370,377,17,374,71,74,275,346,371,276,55,367,152,73,357,109,335,75,59,196,343,194,63,195,220,215,33,70,166,347,173,64,170,143,401,34,354,144,151,149,222,353,150,406,407,163,227,405,226,192,221,233,228,190,225,82,235,234,352,366,85,84,83,53,176,303,232,350,86,189,365,177,345,364,167,363,302,362,219,81,14,175,11,13,10,32,80,180,174,31,349,181,12,348,188,216,217,218,361,183,179,481,79,301,182,427,16,430,487,429,428,0,15,455,445,450,19,1,448,453,260,464,446,484,485,442,432,439,456,479,451,438,431,447,449,470,467,28,452,436,458,465,462,473,422,461,20,476,488,433,257,256,437,474,477,471,459,468,454,517,457,509,423,444,259,258,480,486,482,483,506,187,508,359,21,185,186,23,22,24,184,25,360,26,498,528,29,30,27,425,322,324,489,325,388,323,510,526,527,490,503,499,525,390,391,515,321,504,389,505,426,507,500,434,435,523,497,533,516,424,524,529,101,501,514,102,513,103,512,511,519,502,327,330,518,329,522,521,326,494,520,328,2,331,492,534,530,495,491,531,536,493,535,532,496,
402,369,403,404,309,69,241,311,250,254,305,308,310,306,253,304,255,247,252,246,251,410,243,242,249,248,240,245,466,478,244,463,475,90,368,295,419,469,472,307,312,460,417,293,298,297,376,286,421,375,409,281,287,239,300,292,290,299,443,420,338,198,373,214,211,415,418,339,209,203,416,269,157,210,202,398,204,205,201,200,208,207,291,289,288,206,98,212,213,50,387,334,88,385,372,384,383,280,414,178,263,262,393,395,52,49,337,93,272,441,146,48,171,164,332,47,392,381,165,294,285,382,44,45,41,386,51,284,397,378,396,380,379,147,46,278,283,282,394,270,296,145,36,38,224,37,35,39,279,40,66,43,162,42,399,156,400,94,9,230,3,333,77,100,78,440,172,265,199,197,107,161,317,261,264,266,336,129,160,58,126,229,7,236,155,112,340,238,237,95,119,128,154,223,159,122,8,273,158,127,193,116,140,91,118,168,4,6,169,142,135,138,120,123,132,104,358,137,136,97,133,124,106,139,108,111,131,113,141,313,92,117,411,105,341,61,318,319,342,99,274,54,315,408,314,344,148,60,62,320,267,96,268,316,356,351,18,153,412,121,134,413,114,57,125,115,130,231,5,110,56,67,191,271,72,65,355,277,87,89,76,68,370,71,17,374,377,275,74,346,371,276,367,55,73,152,357,109,75,335,59,196,343,194,63,195,220,33,215,70,347,166,64,173,170,34,143,401,354,144,151,149,353,222,150,406,407,163,227,405,192,190,226,221,233,228,82,225,235,234,352,84,85,83,366,53,232,176,303,350,86,189,177,365,364,345,302,167,363,219,362,14,175,81,11,10,32,13,174,180,80,31,349,181,12,348,218,217,216,188,361,183,481,179,79,301,182,427,16,430,487,428,429,0,15,455,445,19,450,448,1,453,260,484,446,464,485,442,432,439,479,456,431,438,451,449,447,467,470,28,452,436,462,465,458,473,422,461,20,476,488,433,257,471,459,474,256,477,468,437,454,517,457,509,444,259,423,258,482,486,480,483,506,187,508,359,21,185,23,24,186,22,184,25,360,26,528,498,27,29,425,30,322,489,324,388,325,323,526,510,527,499,391,390,525,503,490,515,321,389,504,505,507,426,434,500,435,523,497,524,529,516,424,533,101,501,513,102,514,511,103,512,519,502,330,329,327,518,326,494,521,520,522,331,2,328,493,535,532,496,536,495,530,534,491,531,492,
402,369,403,404,309,69,241,311,250,254,305,310,308,306,253,304,255,247,252,246,251,410,243,242,249,248,240,245,466,478,244,463,90,475,368,295,419,469,472,307,312,460,417,293,298,297,376,286,421,375,409,281,287,239,300,292,290,299,443,420,338,198,373,214,211,418,415,339,209,203,416,269,157,210,202,398,204,205,201,200,208,207,291,289,288,98,206,212,213,50,387,334,88,385,372,384,383,280,414,178,262,263,393,395,52,49,337,93,272,441,48,146,171,164,332,47,165,392,381,294,382,44,386,45,285,41,397,284,51,380,396,378,379,147,278,46,283,282,394,270,296,36,145,38,224,37,35,39,66,279,40,43,162,42,399,400,156,94,230,9,3,333,77,78,100,440,172,265,199,197,161,107,317,261,264,266,336,160,58,129,126,229,7,155,112,236,340,238,237,95,128,154,119,223,159,8,122,158,273,127,116,140,193,91,118,4,168,169,6,142,135,132,123,104,120,138,133,137,97,136,358,106,124,139,111,108,113,141,131,92,313,117,341,411,318,105,61,319,342,99,54,274,408,315,344,314,62,60,148,320,268,316,356,96,267,18,153,351,114,413,412,121,57,134,231,115,125,130,56,5,110,65,191,67,271,72,277,355,87,89,68,76,370,71,374,377,17,74,275,346,371,276,55,367,152,73,357,109,335,75,59,196,194,343,63,195,220,215,33,70,166,347,173,64,170,143,34,401,354,144,149,151,222,353,150,406,407,405,227,163,226,221,190,228,233,192,225,82,235,234,352,84,85,366,83,176,53,303,232,86,350,365,177,189,364,345,167,362,219,363,302,81,175,14,11,13,32,10,80,31,180,174,349,181,348,12,188,217,216,218,361,183,481,179,79,301,182,427,16,430,487,429,428,15,0,455,445,19,450,448,1,453,260,446,484,464,485,442,439,432,479,456,438,431,451,447,449,470,467,28,452,436,458,465,462,473,461,422,20,488,433,476,257,477,437,471,468,459,474,256,454,517,457,509,423,259,444,258,480,482,486,483,506,187,508,359,21,185,22,23,184,186,24,25,360,26,528,498,27,425,30,29,322,324,489,388,325,323,510,526,527,490,390,391,525,499,503,515,321,389,505,504,507,426,434,500,435,523,497,524,424,529,533,516,101,501,102,513,514,511,512,103,519,502,327,330,329,518,522,521,494,520,326,2,328,331,491,532,493,496,495,531,534,492,535,536,530,
402,369,403,404,309,69,241,311,250,254,305,308,310,306,253,304,255,247,252,246,251,410,243,242,249,248,240,245,466,478,244,463,475,368,90,295,419,469,472,307,312,460,417,293,298,297,376,286,421,375,409,281,287,239,300,292,290,299,443,420,338,198,373,214,211,415,418,339,203,209,416,269,157,202,210,398,204,205,201,200,208,207,291,289,288,98,206,212,213,50,387,334,88,385,372,384,280,383,414,178,262,263,393,395,52,49,337,93,272,441,146,48,171,164,332,47,392,165,381,294,386,382,285,41,44,45,284,51,397,380,379,396,378,147,46,278,283,282,270,394,296,36,145,38,224,35,37,39,279,66,40,43,162,42,399,400,156,94,9,230,3,333,77,100,78,440,172,265,199,197,161,107,317,264,261,266,336,129,58,160,126,229,7,155,236,112,340,95,237,238,128,119,154,223,159,158,122,273,8,127,193,116,140,91,118,4,168,169,6,142,138,123,104,120,135,132,137,136,358,97,133,124,106,139,111,108,113,131,141,92,117,313,318,411,341,61,105,319,99,54,274,342,408,315,344,314,60,148,62,320,268,267,356,316,96,153,351,18,57,114,412,134,121,413,125,130,231,115,110,56,5,191,271,65,72,67,277,87,355,89,76,68,370,377,71,374,17,346,275,74,276,371,367,55,73,152,357,109,75,335,59,196,194,343,195,63,220,215,33,70,166,347,64,173,170,143,401,34,354,144,151,149,353,222,406,150,407,405,163,227,228,233,221,190,192,226,225,82,234,235,352,366,84,85,83,232,53,303,176,86,350,365,189,177,345,364,167,302,362,219,363,81,175,14,11,13,32,10,80,180,31,174,181,349,12,348,188,218,217,216,361,183,481,179,301,79,182,427,16,430,487,429,428,0,15,455,445,19,450,1,448,260,453,464,446,484,442,485,439,432,479,456,438,431,451,449,447,467,470,28,436,452,465,458,462,473,422,461,20,433,488,476,257,437,474,468,256,459,471,477,454,517,457,509,423,259,444,258,486,480,482,483,506,187,508,359,21,185,184,22,23,186,24,25,360,26,498,528,30,425,27,29,324,489,322,325,323,388,510,526,527,490,390,391,525,499,503,515,321,505,389,504,426,507,434,500,435,523,497,424,533,524,529,516,101,501,511,514,102,513,103,512,519,502,518,330,329,327,520,521,522,494,326,2,331,328,492,535,530,536,534,493,496,532,495,491,531,
402,369,403,404,309,69,241,311,250,254,305,310,308,306,253,304,255,247,252,246,251,410,243,242,249,248,240,245,466,478,244,463,90,475,368,295,419,469,472,307,312,460,417,293,298,297,376,286,421,375,409,281,287,239,300,292,290,299,443,420,338,198,373,214,211,415,418,339,209,203,269,416,157,210,202,398,204,205,201,200,208,207,291,289,288,206,98,212,213,387,50,334,88,385,372,384,280,383,414,178,263,262,393,395,52,49,337,93,272,441,146,48,171,164,332,47,381,165,392,294,41,386,285,382,45,44,284,397,51,380,378,379,396,147,278,46,283,282,394,270,296,36,145,38,224,35,37,39,66,279,40,43,162,42,399,156,400,94,230,9,3,333,77,78,100,440,172,265,199,197,107,161,317,261,264,266,336,58,160,129,126,229,7,236,155,112,340,95,237,238,154,128,119,223,159,273,158,122,8,127,140,193,116,91,118,168,4,169,6,142,132,123,104,120,138,135,97,136,133,137,358,124,106,139,111,108,131,141,113,313,92,117,411,341,318,105,61,319,342,54,274,99,408,315,344,314,60,62,148,320,96,356,316,268,267,153,351,18,413,114,57,121,134,412,125,115,231,130,56,5,110,72,67,191,65,271,87,355,277,89,68,76,374,71,17,370,377,346,74,275,276,371,367,55,152,73,357,109,335,75,59,196,343,194,63,195,220,70,33,215,166,347,173,64,170,401,143,34,354,144,151,149,222,353,150,407,406,227,163,405,233,226,221,228,190,192,225,82,234,235,352,366,85,84,83,176,232,53,303,350,86,177,365,189,345,364,302,219,362,167,363,175,14,81,11,32,10,13,31,174,180,80,349,181,12,348,217,188,216,218,361,183,179,481,301,79,182,427,16,430,487,428,429,15,0,455,445,19,450,1,448,260,453,484,446,464,442,485,439,432,479,456,438,451,431,449,447,470,467,28,436,452,465,458,462,473,461,422,20,433,488,476,257,459,474,477,256,468,437,471,454,517,457,509,259,444,423,258,480,486,482,483,506,187,508,359,21,185,186,23,24,22,184,25,360,26,528,498,29,30,27,425,324,489,322,325,323,388,510,526,527,390,391,499,503,525,490,515,321,389,505,504,507,426,434,500,435,523,497,524,533,529,424,516,101,501,514,512,513,102,511,103,519,502,327,329,518,330,520,326,494,522,521,2,331,328,536,530,495,531,496,532,493,535,491,534,492,
402,369,403,404,309,69,241,311,250,254,305,308,310,306,253,304,255,247,252,246,251,410,243,242,249,248,240,245,466,478,244,463,475,368,90,295,419,469,472,307,312,460,417,293,298,297,376,286,421,409,375,281,287,239,300,292,290,299,443,420,338,198,373,214,211,415,418,339,209,203,416,269,157,202,210,204,398,205,201,200,208,207,291,289,288,206,98,212,213,387,50,334,88,385,372,384,280,383,414,178,262,263,393,395,52,49,337,93,272,441,146,48,171,164,332,47,381,392,165,294,41,285,44,45,382,386,51,397,284,380,379,396,378,147,278,46,283,282,394,270,296,36,145,38,224,35,37,39,279,40,66,43,162,42,399,400,156,94,9,230,3,333,77,100,78,440,172,265,199,197,107,161,317,264,261,266,336,58,129,160,126,229,7,112,155,236,340,95,238,237,119,128,154,223,159,273,158,8,122,127,193,140,116,91,118,4,168,6,169,142,123,120,138,135,104,132,133,137,97,358,136,124,106,111,139,108,113,131,141,117,313,92,105,411,318,61,341,319,54,99,274,342,408,315,344,314,148,62,60,320,267,268,356,316,96,18,351,153,114,121,412,134,413,57,231,125,115,130,56,110,5,67,72,191,65,271,87,277,355,89,76,68,71,374,17,370,377,74,346,275,371,276,367,55,73,152,357,109,75,335,59,196,343,194,195,63,220,33,215,70,347,166,64,173,170,401,34,143,354,144,151,149,353,222,407,150,406,405,227,163,192,228,221,233,190,226,225,82,234,235,352,84,83,85,366,232,176,53,303,86,350,177,365,189,345,364,362,302,167,219,363,14,175,81,11,32,13,10,80,31,174,180,349,181,348,12,218,217,188,216,361,183,179,481,301,79,182,427,16,430,487,429,428,0,15,455,445,450,19,448,1,260,453,446,484,464,485,442,432,439,479,456,451,431,438,449,447,467,470,28,436,452,462,465,458,473,461,422,20,433,488,476,257,477,256,471,459,474,437,468,454,517,457,509,259,444,423,258,486,482,480,483,506,187,508,359,21,185,22,24,23,186,184,25,360,26,528,498,29,30,425,27,489,322,324,388,325,323,526,510,527,503,525,391,390,499,490,515,321,505,504,389,507,426,434,500,435,523,497,529,516,524,424,533,501,101,513,102,514,511,103,512,519,502,518,327,330,329,521,326,494,522,520,2,328,331,495,491,496,536,530,493,531,532,534,492,535,
402,369,403,404,309,69,241,311,250,254,305,310,308,306,253,304,255,247,252,246,251,410,243,242,248,249,240,245,466,478,244,463,368,90,475,295,419,469,472,307,312,460,417,293,298,297,376,286,421,409,375,281,287,239,300,292,290,299,443,420,338,198,373,214,211,415,418,339,203,209,269,416,157,202,210,204,398,205,201,200,208,207,291,289,288,98,206,212,213,50,387,334,88,385,372,384,280,383,414,178,263,262,393,395,52,49,337,93,272,441,48,146,171,164,332,47,165,392,381,294,382,44,386,41,285,45,397,284,51,379,378,380,396,147,46,278,283,282,270,394,296,145,36,38,224,35,37,39,279,40,66,43,162,42,399,400,156,94,9,230,3,333,77,78,100,440,172,265,199,197,161,107,317,261,264,266,336,129,58,160,126,229,7,112,155,236,340,237,238,95,119,154,128,223,159,158,273,122,8,127,140,116,193,91,118,168,4,169,6,142,138,104,120,123,135,132,133,136,97,137,358,106,124,108,139,111,141,113,131,92,117,313,341,411,105,318,61,319,54,274,99,342,408,315,344,314,148,62,60,320,267,316,356,268,96,153,18,351,413,57,412,114,121,134,130,115,231,125,56,5,110,67,271,65,191,72,277,355,87,89,76,68,17,374,370,71,377,74,275,346,371,276,367,55,152,73,357,109,75,335,59,196,343,194,63,195,220,215,33,70,347,166,173,64,170,34,143,401,354,144,151,149,353,222,406,150,407,227,405,163,228,221,226,233,190,192,82,225,234,235,352,366,83,84,85,303,232,176,53,86,350,365,189,177,364,345,363,302,362,219,167,14,175,81,11,13,32,10,31,180,174,80,349,181,348,12,188,217,218,216,361,183,481,179,301,79,182,427,16,430,487,428,429,0,15,455,445,19,450,1,448,260,453,484,446,464,485,442,432,439,456,479,438,431,451,447,449,470,467,28,452,436,458,465,462,473,461,422,20,476,433,488,257,477,474,471,256,468,437,459,454,517,457,509,423,259,444,258,482,480,486,483,506,187,508,359,21,185,186,23,184,24,22,25,360,26,528,498,425,29,30,27,322,324,489,325,323,388,510,526,527,525,499,390,503,391,490,515,321,389,504,505,426,507,434,500,435,497,523,524,529,533,424,516,501,101,513,514,512,102,103,511,519,502,329,518,330,327,520,521,522,494,326,331,328,2,496,534,530,492,493,491,495,535,532,531,536,
402,369,403,404,309,69,241,311,250,254,305,308,310,306,253,304,255,247,252,246,251,410,243,242,248,249,240,245,466,478,244,463,368,475,90,295,419,469,472,307,312,460,417,293,298,297,376,286,421,409,375,281,287,239,300,292,290,299,443,420,338,198,373,214,211,418,415,339,203,209,269,416,157,202,210,204,398,205,201,200,207,208,291,289,288,98,206,212,213,387,50,334,88,385,372,384,383,280,414,178,263,262,393,395,52,49,337,93,272,441,146,48,171,164,332,47,381,392,165,294,41,386,285,45,382,44,397,51,284,396,379,378,380,147,278,46,283,282,394,270,296,36,145,38,224,37,35,39,66,279,40,43,162,42,399,400,156,94,9,230,3,333,77,100,78,440,172,265,199,197,161,107,317,261,264,266,336,58,129,160,126,229,7,155,112,236,340,237,95,238,154,119,128,223,159,122,8,158,273,127,140,116,193,91,118,168,4,6,169,142,138,132,120,135,104,123,137,136,97,358,133,124,106,139,108,111,113,131,141,117,92,313,341,61,105,411,318,319,274,342,99,54,315,408,344,314,60,62,148,320,96,316,268,356,267,18,153,351,412,121,114,134,413,57,115,125,130,231,110,5,56,65,67,191,271,72,355,87,277,89,68,76,370,377,374,17,71,346,74,275,371,276,55,367,152,73,357,109,75,335,59,196,343,194,195,63,220,33,70,215,166,347,64,173,170,34,401,143,354,144,149,151,353,222,406,407,150,405,227,163,226,190,233,221,228,192,225,82,234,235,352,84,83,85,366,176,232,53,303,86,350,177,365,189,345,364,167,302,363,362,219,81,175,14,11,10,32,13,31,80,174,180,349,181,12,348,188,217,218,216,361,183,179,481,79,301,182,427,16,430,487,428,429,15,0,455,445,19,450,1,448,453,260,484,446,464,442,485,439,432,456,479,438,451,431,449,447,467,470,28,436,452,465,458,462,473,461,422,20,433,488,476,257,471,437,477,459,474,256,468,454,517,457,509,444,423,259,258,486,480,482,483,506,187,508,359,21,185,22,24,186,184,23,25,360,26,528,498,29,425,30,27,324,489,322,325,388,323,526,510,527,390,503,499,391,490,525,515,321,389,504,505,507,426,500,434,435,497,523,524,533,529,424,516,101,501,102,512,513,511,103,514,519,502,327,518,330,329,520,521,522,494,326,2,328,331,495,534,496,532,491,493,536,535,492,530,531,
402,369,403,404,309,69,241,311,250,254,305,310,308,306,253,304,255,247,252,246,251,410,243,242,249,248,240,245,466,478,244,463,90,475,368,295,419,469,472,307,312,460,417,293,297,298,376,286,421,409,375,281,287,239,300,292,290,299,443,420,338,198,373,214,211,415,418,339,203,209,416,269,157,210,202,398,204,205,201,200,207,208,291,289,288,98,206,212,213,50,387,334,88,385,372,384,280,383,414,178,263,262,393,395,52,49,337,93,272,441,48,146,171,164,332,47,381,392,165,294,45,386,41,44,285,382,51,397,284,396,379,378,380,147,46,278,283,282,394,270,296,145,36,38,224,35,37,39,66,279,40,43,162,42,399,156,400,94,9,230,3,333,77,100,78,440,172,265,199,197,107,161,317,264,261,266,336,160,58,129,126,229,7,112,236,155,340,238,95,237,128,154,119,223,159,122,273,158,8,127,193,116,140,91,118,4,168,6,169,142,123,138,135,104,132,120,136,133,137,358,97,106,124,108,139,111,141,131,113,92,313,117,341,105,318,61,411,319,99,274,54,342,315,408,314,344,62,148,60,320,316,96,267,268,356,18,153,351,413,134,412,57,121,114,115,231,125,130,110,5,56,65,191,271,72,67,277,87,355,89,76,68,17,374,377,370,71,346,74,275,371,276,55,367,152,73,357,109,335,75,59,196,343,194,63,195,220,33,215,70,166,347,173,64,170,143,401,34,354,144,151,149,353,222,150,406,407,227,163,405,221,190,226,233,228,192,82,225,234,235,352,84,85,366,83,303,53,176,232,86,350,189,177,365,345,364,219,362,167,302,363,81,175,14,11,13,32,10,80,31,180,174,181,349,348,12,217,188,216,218,361,183,481,179,79,301,182,427,16,430,487,429,428,0,15,455,445,450,19,448,1,453,260,446,464,484,485,442,439,432,479,456,438,431,451,449,447,470,467,28,452,436,458,462,465,473,422,461,20,488,476,433,257,256,474,477,471,437,468,459,454,517,457,509,423,259,444,258,486,482,480,483,506,187,508,359,21,185,22,24,23,186,184,25,360,26,528,498,29,425,30,27,489,322,324,323,325,388,510,526,527,390,499,391,503,525,490,515,321,505,504,389,426,507,434,500,435,523,497,524,516,533,529,424,101,501,511,103,514,512,102,513,519,502,330,327,329,518,520,326,494,522,521,331,2,328,536,493,492,535,496,531,491,532,495,530,534,
402,369,403,404,309,69,241,311,250,254,305,310,308,306,253,304,255,247,252,246,251,410,243,242,248,249,240,245,466,478,244,463,475,90,368,295,419,469,472,307,312,460,417,293,298,297,376,286,421,409,375,281,287,239,300,292,290,299,443,420,338,198,373,214,211,418,415,339,209,203,416,269,157,210,202,204,398,205,201,200,207,208,291,289,288,98,206,212,213,387,50,334,88,385,372,384,383,280,414,178,263,262,393,395,52,49,337,93,272,441,48,146,171,164,332,47,381,392,165,294,382,285,44,45,386,41,51,397,284,380,379,396,378,147,278,46,283,282,394,270,296,36,145,38,224,35,37,39,40,66,279,43,162,42,399,156,400,94,9,230,3,333,77,100,78,440,172,265,199,197,107,161,317,261,264,266,336,58,160,129,126,229,7,155,112,236,340,237,95,238,154,128,119,223,159,8,122,273,158,127,193,140,116,91,118,4,168,6,169,142,120,135,123,104,132,138,97,358,136,137,133,124,106,139,108,111,141,113,131,92,117,313,105,318,341,61,411,319,99,274,54,342,315,408,314,344,148,60,62,320,268,316,267,356,96,153,18,351,57,134,114,413,412,121,130,231,125,115,110,56,5,67,72,271,191,65,87,277,355,89,76,68,370,377,71,374,17,275,74,346,276,371,367,55,152,73,357,109,335,75,59,196,194,343,63,195,220,70,33,215,347,166,173,64,170,34,401,143,354,144,149,151,353,222,406,407,150,227,163,405,233,221,192,190,228,226,225,82,235,234,352,85,83,84,366,53,303,176,232,86,350,189,365,177,364,345,167,302,219,362,363,175,14,81,11,13,32,10,180,174,80,31,181,349,12,348,188,217,216,218,361,183,481,179,301,79,182,427,16,430,487,429,428,0,15,455,445,19,450,448,1,453,260,484,464,446,485,442,439,432,456,479,438,431,451,447,449,467,470,28,436,452,462,465,458,473,422,461,20,476,433,488,257,459,437,474,471,256,468,477,454,517,457,509,259,423,444,258,482,480,486,483,506,187,508,359,21,185,22,24,23,186,184,25,360,26,528,498,29,425,30,27,324,322,489,323,388,325,510,526,527,499,391,390,525,490,503,515,321,504,389,505,426,507,434,500,435,523,497,424,529,533,524,516,501,101,103,512,513,511,102,514,519,502,518,327,329,330,522,520,494,326,521,331,328,2,532,536,495,496,491,492,531,534,535,493,530,
402,369,403,404,309,69,241,311,250,254,305,310,308,306,253,304,255,247,252,246,251,410,243,242,248,249,240,245,466,478,244,463,475,90,368,295,419,469,472,307,312,460,417,293,297,298,376,286,421,409,375,281,287,239,300,292,290,299,443,420,338,198,373,214,211,418,415,339,203,209,269,416,157,202,210,204,398,205,201,200,207,208,291,289,288,206,98,212,213,387,50,334,88,385,372,384,280,383,414,178,262,263,393,395,52,49,337,93,272,441,146,48,171,164,332,47,381,165,392,294,41,45,386,44,382,285,397,51,284,396,380,378,379,147,278,46,283,282,394,270,296,145,36,38,224,37,35,39,40,66,279,43,162,42,399,156,400,94,9,230,3,333,77,78,100,440,172,265,199,197,107,161,317,264,261,266,336,160,58,129,126,229,7,236,155,112,340,237,95,238,128,154,119,223,159,8,158,273,122,127,116,193,140,91,118,4,168,6,169,142,120,135,138,104,123,132,97,133,137,136,358,124,106,111,139,108,131,141,113,313,92,117,61,318,105,341,411,319,99,274,342,54,315,408,344,314,148,60,62,320,356,267,268,316,96,153,18,351,413,57,114,121,134,412,231,130,125,115,5,56,110,191,271,65,67,72,355,277,87,89,76,68,377,374,370,17,71,346,275,74,371,276,55,367,152,73,357,109,335,75,59,196,343,194,63,195,220,70,215,33,166,347,173,64,170,401,34,143,354,144,149,151,222,353,407,406,150,405,163,227,190,192,233,228,221,226,225,82,234,235,352,85,366,83,84,303,232,53,176,86,350,365,177,189,345,364,302,363,219,167,362,175,14,81,11,13,32,10,80,31,180,174,181,349,12,348,216,188,217,218,361,183,481,179,301,79,182,427,16,430,487,428,429,15,0,455,445,19,450,448,1,453,260,446,484,464,442,485,432,439,479,456,451,438,431,447,449,470,467,28,436,452,458,462,465,473,461,422,20,488,433,476,257,471,468,477,256,459,437,474,454,517,457,509,444,423,259,258,486,482,480,483,506,187,508,359,21,185,186,24,23,184,22,25,360,26,528,498,425,29,27,30,324,489,322,388,323,325,526,510,527,525,499,490,503,391,390,515,321,389,504,505,507,426,500,434,435,523,497,424,529,524,516,533,101,501,103,511,512,102,513,514,519,502,518,327,329,330,326,521,522,520,494,328,2,331,492,493,530,531,535,532,534,491,495,496,536,
402,369,403,404,309,69,241,311,250,254,305,308,310,306,253,304,255,247,252,246,251,410,243,242,249,248,240,245,466,478,244,463,475,90,368,295,419,469,472,307,312,460,417,293,297,298,376,286,421,409,375,281,287,239,300,292,290,299,443,420,338,198,373,214,211,415,418,339,203,209,269,416,157,202,210,398,204,205,201,200,208,207,291,289,288,98,206,212,213,387,50,334,88,385,372,384,383,280,414,178,263,262,393,395,52,49,337,93,441,272,48,146,171,164,332,47,165,392,381,294,44,386,41,382,45,285,284,397,51,380,378,396,379,147,46,278,283,282,394,270,296,36,145,38,224,37,35,39,279,66,40,43,162,42,399,156,400,94,9,230,3,333,77,78,100,440,172,265,199,197,161,107,317,261,264,266,336,129,58,160,126,229,7,155,236,112,340,238,95,237,119,154,128,223,159,8,158,122,273,127,193,140,116,91,118,168,4,6,169,142,132,135,138,123,120,104,358,133,137,97,136,124,106,139,111,108,131,113,141,117,313,92,411,341,61,105,318,319,274,99,54,342,315,408,314,344,60,62,148,320,96,267,316,356,268,18,153,351,114,134,413,121,412,57,130,115,231,125,5,56,110,191,65,67,271,72,355,87,277,89,68,76,17,377,71,374,370,346,275,74,371,276,367,55,152,73,357,109,335,75,59,196,194,343,195,63,220,70,33,215,347,166,64,173,170,143,34,401,354,144,149,151,222,353,406,407,150,227,405,163,192,221,228,226,233,190,225,82,235,234,352,83,366,84,85,232,176,53,303,350,86,177,189,365,345,364,302,363,362,167,219,14,81,175,11,10,32,13,180,31,174,80,349,181,12,348,218,216,188,217,361,183,481,179,79,301,182,427,16,430,487,428,429,0,15,455,445,19,450,448,1,260,453,484,446,464,442,485,439,432,479,456,438,451,431,447,449,467,470,28,436,452,458,462,465,473,461,422,20,488,433,476,257,437,256,474,468,459,471,477,454,517,457,509,444,259,423,258,482,480,486,483,506,187,508,359,21,185,24,186,184,23,22,25,360,26,498,528,30,27,29,425,324,322,489,325,323,388,526,510,527,391,490,503,390,525,499,515,321,504,389,505,426,507,434,500,435,523,497,516,524,424,529,533,501,101,513,514,511,103,512,102,519,502,330,329,327,518,521,326,520,494,522,328,2,331,534,535,492,495,532,530,493,536,491,496,531,
402,369,403,404,309,69,241,311,250,254,305,308,310,306,253,304,255,247,252,246,251,410,243,242,248,249,240,245,466,478,244,463,90,475,368,295,419,469,472,307,312,460,417,293,297,298,376,286,421,375,409,281,287,239,300,292,290,299,443,420,338,198,373,214,211,415,418,339,209,203,416,269,157,210,202,398,204,205,201,200,208,207,291,289,288,206,98,212,213,387,50,334,88,385,372,384,280,383,414,178,263,262,393,395,52,49,337,93,272,441,146,48,171,164,332,47,381,392,165,294,41,285,45,386,44,382,397,51,284,396,380,378,379,147,46,278,283,282,270,394,296,36,145,38,224,37,35,39,40,279,66,43,162,42,399,156,400,94,230,9,3,333,77,100,78,440,172,265,199,197,107,161,317,261,264,266,336,160,129,58,126,229,7,155,112,236,340,95,237,238,119,154,128,223,159,122,8,158,273,127,193,140,116,91,118,168,4,6,169,142,138,132,120,104,123,135,136,137,97,358,133,106,124,111,108,139,131,141,113,313,117,92,411,105,61,341,318,319,99,274,342,54,408,315,344,314,148,60,62,320,316,268,96,356,267,153,351,18,413,114,412,57,121,134,115,231,125,130,110,5,56,67,191,271,65,72,277,87,355,89,68,76,374,377,17,71,370,275,346,74,371,276,367,55,152,73,357,109,335,75,59,196,194,343,63,195,220,33,215,70,166,347,173,64,170,34,401,143,354,144,151,149,353,222,407,406,150,405,163,227,190,192,226,233,228,221,82,225,235,234,352,366,85,83,84,176,232,53,303,350,86,189,365,177,364,345,302,167,363,219,362,14,81,175,11,32,10,13,174,180,80,31,349,181,348,12,217,216,188,218,361,183,481,179,79,301,182,427,16,430,487,429,428,0,15,455,445,19,450,1,448,260,453,446,464,484,485,442,439,432,479,456,438,431,451,447,449,467,470,28,452,436,458,465,462,473,461,422,20,488,433,476,257,437,256,459,474,468,471,477,454,517,457,509,444,259,423,258,486,482,480,483,506,187,508,359,21,185,22,186,184,23,24,25,360,26,498,528,27,425,30,29,489,322,324,323,325,388,510,526,527,390,525,503,391,490,499,515,321,389,504,505,507,426,434,500,435,497,523,533,424,524,516,529,501,101,103,511,514,513,512,102,519,502,329,518,330,327,520,521,522,494,326,328,331,2,532,493,496,530,534,495,492,536,491,531,535,
402,369,403,404,309,69,241,311,250,254,305,308,310,306,253,304,255,247,252,246,251,410,243,242,249,248,240,245,466,478,244,463,475,90,368,295,419,469,472,307,312,460,417,293,297,298,376,286,421,409,375,281,287,239,300,292,290,299,443,420,338,198,373,214,211,418,415,339,203,209,416,269,157,202,210,398,204,205,201,200,207,208,291,289,288,98,206,212,213,50,387,334,88,385,372,384,383,280,414,178,262,263,393,395,52,49,337,93,272,441,146,48,171,164,332,47,165,392,381,294,44,45,41,386,382,285,51,397,284,379,396,380,378,147,46,278,283,282,270,394,296,36,145,38,224,37,35,39,66,279,40,43,162,42,399,156,400,94,9,230,3,333,77,78,100,440,172,265,199,197,107,161,317,261,264,266,336,58,129,160,126,229,7,112,155,236,340,95,238,237,154,119,128,223,159,158,273,8,122,127,193,116,140,91,118,4,168,6,169,142,120,132,104,138,135,123,136,97,137,133,358,124,106,111,139,108,131,113,141,117,313,92,318,411,341,105,61,319,342,54,274,99,315,408,314,344,60,148,62,320,316,96,267,356,268,153,351,18,57,412,114,121,413,134,115,130,231,125,5,110,56,67,65,271,72,191,277,87,355,89,68,76,374,17,377,71,370,346,275,74,276,371,367,55,152,73,357,109,75,335,59,196,194,343,63,195,220,33,215,70,347,166,173,64,170,401,34,143,354,144,151,149,222,353,407,150,406,227,163,405,221,233,226,192,190,228,225,82,234,235,352,84,83,366,85,232,176,303,53,86,350,177,365,189,345,364,302,167,362,219,363,175,14,81,11,13,32,10,180,80,174,31,181,349,12,348,218,188,217,216,361,183,481,179,79,301,182,427,16,430,487,428,429,0,15,455,445,19,450,1,448,453,260,464,484,446,442,485,439,432,456,479,451,431,438,449,447,470,467,28,452,436,458,462,465,473,422,461,20,476,488,433,257,437,459,477,256,471,474,468,454,517,457,509,259,444,423,258,486,480,482,483,506,187,508,359,21,185,24,186,23,184,22,25,360,26,498,528,425,29,27,30,324,489,322,325,388,323,526,510,527,490,390,391,499,503,525,515,321,505,389,504,507,426,434,500,435,523,497,524,424,516,533,529,501,101,512,514,513,102,103,511,519,502,327,329,330,518,520,521,522,494,326,2,328,331,495,496,493,535,536,532,531,530,491,492,534,
402,369,403,404,309,69,241,311,250,254,305,308,310,306,253,304,255,247,252,246,251,410,243,242,248,249,240,245,466,478,244,463,90,475,368,295,419,469,472,307,312,460,417,293,297,298,376,286,421,375,409,281,287,239,300,292,290,299,443,420,338,198,373,214,211,415,418,339,203,209,416,269,157,210,202,204,398,205,201,200,207,208,291,289,288,98,206,212,213,387,50,334,88,385,372,384,383,280,414,178,263,262,393,395,52,49,337,93,441,272,146,48,171,164,332,47,381,392,165,294,386,45,44,41,382,285,284,397,51,378,380,396,379,147,278,46,283,282,394,270,296,36,145,38,224,37,35,39,66,40,279,43,162,42,399,156,400,94,9,230,3,333,77,78,100,440,172,265,199,197,107,161,317,261,264,266,336,58,160,129,126,229,7,236,112,155,340,95,238,237,128,154,119,223,159,273,8,122,158,127,193,116,140,91,118,168,4,169,6,142,132,120,135,104,138,123,133,358,97,137,136,124,106,139,108,111,131,141,113,92,117,313,341,411,61,318,105,319,54,99,274,342,408,315,344,314,62,148,60,320,356,316,96,267,268,18,153,351,134,114,412,121,57,413,125,231,115,130,110,5,56,72,67,271,65,191,355,277,87,89,68,76,370,374,71,17,377,74,346,275,276,371,367,55,152,73,357,109,335,75,59,196,194,343,195,63,220,70,215,33,347,166,173,64,170,401,143,34,354,144,149,151,353,222,406,150,407,405,163,227,221,226,228,233,192,190,225,82,234,235,352,84,366,83,85,303,176,53,232,86,350,365,177,189,345,364,302,219,362,167,363,175,81,14,11,32,13,10,31,80,180,174,349,181,348,12,218,188,216,217,361,183,481,179,301,79,182,427,16,430,487,428,429,0,15,455,445,19,450,448,1,453,260,484,464,446,485,442,439,432,479,456,451,431,438,447,449,470,467,28,436,452,462,458,465,473,461,422,20,433,488,476,257,477,256,471,437,459,468,474,454,517,457,509,259,444,423,258,480,486,482,483,506,187,508,359,21,185,23,22,184,186,24,25,360,26,498,528,425,30,29,27,324,489,322,323,388,325,510,526,527,490,503,390,525,391,499,515,321,504,389,505,426,507,500,434,435,497,523,533,424,516,524,529,501,101,103,513,102,512,514,511,519,502,327,329,518,330,521,494,522,326,520,331,328,2,496,535,495,493,491,530,531,492,536,532,534,
402,369,403,404,309,69,241,311,250,254,305,310,308,306,253,304,255,247,252,246,251,410,243,242,248,249,240,245,466,478,244,463,90,475,368,295,419,469,472,307,312,460,417,293,298,297,376,286,421,375,409,281,287,239,300,292,290,299,443,420,338,198,373,214,211,418,415,339,209,203,416,269,157,210,202,204,398,205,201,200,208,207,291,289,288,206,98,212,213,387,50,334,88,385,372,384,280,383,414,178,262,263,393,395,52,49,337,93,441,272,146,48,171,164,332,47,381,165,392,294,386,41,285,44,45,382,284,397,51,379,396,378,380,147,46,278,283,282,394,270,296,36,145,38,224,35,37,39,40,66,279,43,162,42,399,156,400,94,9,230,3,333,77,100,78,440,172,265,199,197,161,107,317,264,261,266,336,58,160,129,126,229,7,155,112,236,340,238,237,95,154,119,128,223,159,8,122,273,158,127,193,116,140,91,118,4,168,169,6,142,120,135,123,104,138,132,358,133,136,137,97,106,124,111,139,108,113,131,141,117,313,92,61,318,105,411,341,319,342,54,99,274,315,408,344,314,148,60,62,320,267,356,268,316,96,18,153,351,57,412,121,413,134,114,130,125,231,115,5,56,110,72,271,67,65,191,277,355,87,89,68,76,17,374,71,370,377,346,74,275,371,276,55,367,152,73,357,109,335,75,59,196,194,343,63,195,220,70,33,215,347,166,64,173,170,143,34,401,354,144,151,149,222,353,407,406,150,405,227,163,221,192,190,226,228,233,82,225,234,235,352,85,83,366,84,303,232,176,53,350,86,189,365,177,364,345,363,362,167,302,219,81,175,14,11,32,13,10,180,80,174,31,349,181,12,348,188,216,218,217,361,183,481,179,301,79,182,427,16,430,487,428,429,0,15,455,445,19,450,1,448,260,453,484,464,446,485,442,432,439,479,456,451,431,438,449,447,470,467,28,436,452,465,462,458,473,422,461,20,476,433,488,257,477,471,256,437,468,474,459,454,517,457,509,423,444,259,258,486,480,482,483,506,187,508,359,21,185,186,23,184,22,24,25,360,26,498,528,29,30,425,27,324,322,489,323,325,388,510,526,527,499,525,391,503,490,390,515,321,389,504,505,426,507,434,500,435,497,523,529,424,533,516,524,501,101,512,102,513,103,511,514,519,502,327,518,330,329,520,494,521,326,522,328,2,331,536,534,491,493,532,535,492,495,496,530,531,
402,369,403,404,309,69,241,311,250,254,305,308,310,306,253,304,255,247,252,246,251,410,243,242,248,249,240,245,466,478,244,463,475,90,368,295,419,469,472,307,312,460,417,293,298,297,376,286,421,409,375,281,287,239,300,292,290,299,443,420,338,198,373,214,211,418,415,339,209,203,416,269,157,202,210,204,398,205,201,200,207,208,291,289,288,98,206,212,213,387,50,334,88,385,372,384,280,383,414,178,263,262,393,395,52,49,337,93,272,441,48,146,171,164,332,47,165,392,381,294,45,41,386,382,44,285,397,284,51,396,379,378,380,147,278,46,283,282,270,394,296,145,36,38,224,35,37,39,279,40,66,43,162,42,399,400,156,94,9,230,3,333,77,100,78,440,172,265,199,197,107,161,317,261,264,266,336,58,129,160,126,229,7,236,155,112,340,237,95,238,154,119,128,223,159,8,273,158,122,127,116,193,140,91,118,4,168,169,6,142,138,120,132,135,104,123,358,136,97,133,137,106,124,111,108,139,141,113,131,117,313,92,411,105,341,318,61,319,342,274,99,54,315,408,314,344,148,60,62,320,267,268,356,316,96,351,153,18,114,413,412,121,134,57,231,115,130,125,56,5,110,67,65,271,72,191,87,277,355,89,76,68,374,17,377,71,370,346,74,275,371,276,55,367,73,152,357,109,335,75,59,196,194,343,63,195,220,70,215,33,347,166,64,173,170,401,34,143,354,144,149,151,353,222,150,406,407,227,405,163,233,221,226,192,190,228,82,225,234,235,352,366,85,84,83,232,176,303,53,350,86,365,189,177,364,345,362,363,219,167,302,175,81,14,11,32,13,10,31,180,174,80,181,349,348,12,218,216,217,188,361,183,481,179,79,301,182,427,16,430,487,428,429,0,15,455,445,450,19,448,1,453,260,464,446,484,442,485,439,432,479,456,438,451,431,449,447,467,470,28,436,452,465,458,462,473,422,461,20,476,433,488,257,437,471,459,474,256,477,468,454,517,457,509,423,444,259,258,480,482,486,483,506,187,508,359,21,185,186,22,24,184,23,25,360,26,498,528,29,425,27,30,322,489,324,388,323,325,526,510,527,499,391,490,525,503,390,515,321,504,505,389,507,426,500,434,435,497,523,524,533,529,424,516,101,501,513,511,102,103,512,514,519,502,518,330,327,329,521,520,494,326,522,328,2,331,491,534,532,496,536,492,530,535,493,495,531,
402,369,403,404,309,69,241,311,250,254,305,310,308,306,253,304,255,247,252,246,251,410,243,242,249,248,240,245,466,478,244,463,90,475,368,295,419,469,472,307,312,460,417,293,297,298,376,286,421,409,375,281,287,239,300,292,290,299,443,420,338,198,373,214,211,418,415,339,203,209,416,269,157,210,202,398,204,205,201,200,207,208,291,289,288,98,206,212,213,387,50,334,88,385,372,384,280,383,414,178,263,262,393,395,52,49,337,93,441,272,48,146,171,164,332,47,165,381,392,294,386,44,285,45,41,382,51,284,397,379,396,380,378,147,278,46,283,282,270,394,296,36,145,38,224,35,37,39,66,40,279,43,162,42,399,156,400,94,230,9,3,333,77,78,100,440,172,265,199,197,161,107,317,261,264,266,336,58,160,129,126,229,7,155,236,112,340,95,237,238,119,154,128,223,159,8,273,158,122,127,116,193,140,91,118,168,4,6,169,142,104,132,138,120,135,123,136,358,97,133,137,124,106,111,139,108,141,131,113,117,92,313,411,341,61,318,105,319,99,54,342,274,408,315,314,344,148,60,62,320,96,356,316,268,267,351,18,153,121,114,134,413,57,412,115,231,125,130,110,5,56,67,271,191,72,65,87,355,277,89,76,68,17,377,370,374,71,346,275,74,371,276,367,55,73,152,357,109,75,335,59,196,194,343,195,63,220,215,70,33,166,347,173,64,170,143,401,34,354,144,149,151,222,353,406,150,407,405,227,163,226,233,228,192,190,221,225,82,235,234,352,85,84,83,366,53,232,176,303,86,350,189,365,177,345,364,219,302,363,362,167,175,81,14,11,13,10,32,180,174,31,80,349,181,12,348,216,218,217,188,361,183,179,481,301,79,182,427,16,430,487,428,429,0,15,455,445,450,19,1,448,453,260,484,446,464,442,485,432,439,479,456,451,438,431,449,447,467,470,28,436,452,458,465,462,473,422,461,20,433,488,476,257,474,256,471,437,459,477,468,454,517,457,509,444,259,423,258,486,480,482,483,506,187,508,359,21,185,186,23,22,24,184,25,360,26,498,528,27,29,425,30,324,322,489,323,325,388,526,510,527,390,503,490,499,525,391,515,321,389,505,504,426,507,434,500,435,497,523,516,524,529,533,424,101,501,511,514,513,512,103,102,519,502,330,329,518,327,326,520,522,521,494,328,331,2,495,491,530,532,493,534,492,531,496,535,536,
402,369,403,404,309,69,241,311,250,254,305,310,308,306,253,304,255,247,252,246,251,410,243,242,249,248,240,245,466,478,244,463,475,90,368,295,419,469,472,307,312,460,417,293,297,298,376,286,421,375,409,281,287,239,300,292,290,299,443,420,338,198,373,214,211,418,415,339,203,209,416,269,157,210,202,204,398,205,201,200,207,208,291,289,288,206,98,212,213,50,387,334,88,385,372,384,383,280,414,178,263,262,393,395,52,49,337,93,272,441,48,146,171,164,332,47,381,165,392,294,44,41,386,382,285,45,51,284,397,380,378,396,379,147,278,46,283,282,394,270,296,36,145,38,224,35,37,39,279,40,66,43,162,42,399,156,400,94,230,9,3,333,77,100,78,440,172,265,199,197,107,161,317,261,264,266,336,129,160,58,126,229,7,155,112,236,340,95,238,237,154,128,119,223,159,273,158,122,8,127,116,140,193,91,118,4,168,169,6,142,132,120,123,135,104,138,133,136,358,97,137,106,124,111,139,108,131,113,141,313,117,92,411,341,318,61,105,319,54,342,99,274,408,315,314,344,148,60,62,320,316,268,96,267,356,351,18,153,134,57,114,121,412,413,115,231,125,130,110,5,56,65,67,191,271,72,87,277,355,89,76,68,374,17,377,71,370,275,346,74,371,276,55,367,152,73,357,109,75,335,59,196,343,194,195,63,220,70,215,33,347,166,64,173,170,143,34,401,354,144,149,151,222,353,150,407,406,227,405,163,228,221,226,192,190,233,225,82,234,235,352,84,85,83,366,232,53,303,176,86,350,365,177,189,364,345,167,302,363,362,219,14,81,175,11,32,10,13,174,31,180,80,181,349,348,12,188,217,216,218,361,183,481,179,301,79,182,427,16,430,487,429,428,0,15,455,445,19,450,448,1,260,453,464,446,484,485,442,432,439,479,456,438,431,451,447,449,467,470,28,452,436,458,465,462,473,422,461,20,433,476,488,257,468,437,474,477,459,471,256,454,517,457,509,444,423,259,258,482,480,486,483,506,187,508,359,21,185,22,186,24,23,184,25,360,26,498,528,29,30,27,425,324,322,489,323,388,325,510,526,527,525,503,490,499,391,390,515,321,504,389,505,426,507,434,500,435,523,497,524,529,533,516,424,501,101,103,511,102,514,513,512,519,502,327,518,330,329,326,494,522,520,521,2,328,331,492,491,530,536,495,535,496,532,493,531,534,
402,369,403,404,309,69,241,311,250,254,305,308,310,306,253,304,255,247,252,246,251,410,243,242,248,249,240,245,466,478,244,463,368,475,90,295,419,469,472,307,312,460,417,293,297,298,376,286,421,409,375,281,287,239,300,292,290,299,443,420,338,198,373,214,211,418,415,339,203,209,269,416,157,210,202,204,398,205,201,200,208,207,291,289,288,98,206,212,213,387,50,334,88,385,372,384,280,383,414,178,262,263,393,395,52,49,337,93,441,272,48,146,171,164,332,47,165,381,392,294,45,44,41,382,386,285,397,51,284,379,380,378,396,147,46,278,283,282,270,394,296,36,145,38,224,35,37,39,279,40,66,43,162,42,399,400,156,94,9,230,3,333,77,100,78,440,172,265,199,197,107,161,317,264,261,266,336,160,129,58,126,229,7,112,236,155,340,238,237,95,154,128,119,223,159,122,8,273,158,127,140,116,193,91,118,168,4,6,169,142,120,104,135,138,132,123,137,97,358,133,136,124,106,139,111,108,141,113,131,92,313,117,318,105,61,411,341,319,54,342,274,99,408,315,314,344,60,62,148,320,356,267,316,268,96,153,18,351,57,413,114,412,121,134,231,115,125,130,110,5,56,271,72,67,65,191,87,277,355,89,76,68,377,71,370,17,374,74,346,275,371,276,55,367,152,73,357,109,335,75,59,196,343,194,63,195,220,215,70,33,166,347,173,64,170,34,401,143,354,144,151,149,222,353,150,407,406,227,163,405,226,221,190,228,233,192,82,225,235,234,352,366,84,83,85,176,53,232,303,86,350,177,365,189,364,345,219,302,362,363,167,175,14,81,11,13,32,10,180,80,174,31,181,349,12,348,217,218,188,216,361,183,481,179,301,79,182,427,16,430,487,428,429,0,15,455,445,450,19,448,1,260,453,446,484,464,485,442,432,439,479,456,451,431,438,447,449,467,470,28,452,436,462,465,458,473,461,422,20,433,476,488,257,468,256,477,437,471,459,474,454,517,457,509,444,423,259,258,486,482,480,483,506,187,508,359,21,185,24,23,184,186,22,25,360,26,528,498,27,29,30,425,489,322,324,325,388,323,526,510,527,490,525,390,499,391,503,515,321,505,389,504,426,507,500,434,435,497,523,516,524,533,529,424,101,501,512,511,513,103,102,514,519,502,330,518,327,329,326,521,520,494,522,328,2,331,534,536,530,495,535,493,492,532,496,531,491,
402,369,403,404,309,69,241,311,250,254,305,310,308,306,253,304,255,247,252,246,251,410,243,242,249,248,240,245,466,478,244,463,368,90,475,295,419,469,472,307,312,460,417,293,298,297,376,286,421,375,409,281,287,239,300,292,290,299,443,420,338,198,373,214,211,415,418,339,209,203,269,416,157,202,210,204,398,205,201,200,208,207,291,289,288,206,98,212,213,50,387,334,88,385,372,384,280,383,414,178,263,262,393,395,52,49,337,93,441,272,146,48,171,164,332,47,381,392,165,294,45,44,285,382,386,41,51,284,397,380,378,379,396,147,278,46,283,282,394,270,296,145,36,38,224,37,35,39,40,66,279,43,162,42,399,400,156,94,230,9,3,333,77,78,100,440,172,265,199,197,107,161,317,264,261,266,336,129,58,160,126,229,7,112,155,236,340,95,237,238,119,154,128,223,159,122,273,8,158,127,116,193,140,91,118,168,4,169,6,142,123,135,120,132,104,138,137,358,136,97,133,124,106,111,108,139,113,141,131,313,92,117,105,411,318,341,61,319,99,274,54,342,315,408,344,314,148,62,60,320,356,316,268,267,96,153,18,351,413,134,412,57,121,114,115,231,125,130,56,5,110,72,65,271,67,191,355,277,87,89,76,68,17,374,377,71,370,74,346,275,276,371,367,55,152,73,357,109,75,335,59,196,194,343,195,63,220,215,33,70,166,347,173,64,170,143,34,401,354,144,151,149,353,222,406,150,407,163,227,405,233,226,221,228,190,192,225,82,234,235,352,366,83,84,85,53,303,232,176,350,86,177,365,189,345,364,167,219,363,362,302,81,14,175,11,32,13,10,31,80,180,174,349,181,348,12,188,216,217,218,361,183,179,481,301,79,182,427,16,430,487,428,429,0,15,455,445,450,19,1,448,260,453,484,464,446,485,442,439,432,456,479,438,431,451,449,447,470,467,28,436,452,458,465,462,473,422,461,20,433,476,488,257,474,471,256,468,477,437,459,454,517,457,509,423,259,444,258,486,480,482,483,506,187,508,359,21,185,23,24,184,22,186,25,360,26,528,498,30,27,29,425,322,324,489,388,323,325,510,526,527,503,391,390,525,499,490,515,321,504,389,505,507,426,500,434,435,523,497,529,533,524,516,424,501,101,513,103,102,514,511,512,519,502,329,327,330,518,494,326,521,522,520,328,2,331,530,532,493,531,496,495,491,536,492,535,534,
402,369,403,404,309,69,241,311,250,254,305,310,308,306,253,304,255,247,252,246,251,410,243,242,248,249,240,245,466,478,244,463,90,475,368,295,419,469,472,307,312,460,417,293,298,297,376,286,421,409,375,281,287,239,300,292,290,299,443,420,338,198,373,214,211,415,418,339,209,203,416,269,157,202,210,204,398,205,201,200,207,208,291,289,288,206,98,212,213,387,50,334,88,385,372,384,280,383,414,178,262,263,393,395,52,49,337,93,441,272,146,48,171,164,332,47,392,381,165,294,41,386,44,285,382,45,51,397,284,396,380,378,379,147,278,46,283,282,270,394,296,145,36,38,224,35,37,39,40,66,279,43,162,42,399,156,400,94,230,9,3,333,77,78,100,440,172,265,199,197,161,107,317,261,264,266,336,160,129,58,126,229,7,112,236,155,340,237,238,95,119,154,128,223,159,122,158,273,8,127,140,116,193,91,118,168,4,169,6,142,104,135,132,123,120,138,136,137,97,358,133,106,124,111,139,108,113,141,131,117,92,313,341,105,318,411,61,319,274,342,54,99,408,315,344,314,60,148,62,320,268,356,96,316,267,18,153,351,134,121,412,114,57,413,130,115,231,125,110,5,56,191,67,271,65,72,355,87,277,89,68,76,374,377,71,17,370,275,346,74,276,371,367,55,152,73,357,109,335,75,59,196,343,194,63,195,220,215,70,33,166,347,173,64,170,401,143,34,354,144,149,151,353,222,406,150,407,405,227,163,233,228,226,192,190,221,225,82,235,234,352,85,83,84,366,53,303,176,232,350,86,177,365,189,345,364,302,219,363,362,167,175,14,81,11,32,13,10,180,80,31,174,181,349,348,12,217,188,218,216,361,183,481,179,79,301,182,427,16,430,487,429,428,15,0,455,445,450,19,448,1,453,260,484,464,446,485,442,439,432,456,479,431,451,438,449,447,470,467,28,436,452,465,462,458,473,422,461,20,476,488,433,257,256,437,471,468,477,474,459,454,517,457,509,259,444,423,258,482,480,486,483,506,187,508,359,21,185,186,24,22,23,184,25,360,26,498,528,29,425,27,30,489,322,324,323,325,388,510,526,527,503,390,391,490,525,499,515,321,504,389,505,426,507,500,434,435,523,497,424,533,529,516,524,501,101,512,103,511,102,514,513,519,502,327,518,329,330,326,522,520,521,494,2,328,331,493,535,532,495,492,530,491,531,536,496,534,
402,369,403,404,309,69,241,311,250,254,305,308,310,306,253,304,255,247,252,246,251,410,243,242,249,248,240,245,466,478,244,463,475,368,90,295,419,469,472,307,312,460,417,293,298,297,376,286,421,409,375,281,287,239,300,292,290,299,443,420,338,198,373,214,211,415,418,339,209,203,269,416,157,202,210,398,204,205,201,200,207,208,291,289,288,98,206,212,213,387,50,334,88,385,372,384,383,280,414,178,263,262,393,395,52,49,337,93,441,272,146,48,171,164,332,47,381,165,392,294,285,44,386,382,45,41,284,51,397,379,380,378,396,147,46,278,283,282,394,270,296,36,145,38,224,37,35,39,66,279,40,43,162,42,399,400,156,94,230,9,3,333,77,78,100,440,172,265,199,197,107,161,317,261,264,266,336,129,58,160,126,229,7,155,236,112,340,237,238,95,119,154,128,223,159,158,8,273,122,127,140,193,116,91,118,4,168,169,6,142,120,123,132,135,138,104,97,133,137,358,136,106,124,108,139,111,131,141,113,313,117,92,61,318,411,105,341,319,99,342,54,274,408,315,344,314,60,62,148,320,316,96,356,267,268,153,351,18,57,114,121,134,413,412,125,231,130,115,56,5,110,65,271,191,72,67,355,87,277,89,68,76,374,17,370,71,377,275,74,346,371,276,367,55,152,73,357,109,75,335,59,196,194,343,63,195,220,33,215,70,347,166,173,64,170,34,143,401,354,144,151,149,222,353,406,150,407,163,405,227,233,228,226,190,192,221,82,225,234,235,352,366,83,84,85,232,176,303,53,350,86,177,365,189,364,345,302,167,219,362,363,175,81,14,11,32,13,10,180,80,31,174,349,181,348,12,188,217,216,218,361,183,481,179,79,301,182,427,16,430,487,429,428,15,0,455,445,19,450,448,1,260,453,484,464,446,442,485,432,439,456,479,438,451,431,449,447,470,467,28,436,452,458,465,462,473,461,422,20,476,433,488,257,459,477,256,474,471,437,468,454,517,457,509,423,259,444,258,482,486,480,483,506,187,508,359,21,185,184,23,24,22,186,25,360,26,528,498,29,425,30,27,324,322,489,388,323,325,510,526,527,499,391,525,390,490,503,515,321,389,505,504,426,507,434,500,435,523,497,533,529,524,516,424,501,101,102,511,512,513,103,514,519,502,327,329,330,518,521,520,522,326,494,331,328,2,495,496,492,535,491,532,536,531,530,534,493,
402,369,403,404,309,69,241,311,250,254,305,308,310,306,253,304,255,247,252,246,251,410,243,242,248,249,240,245,466,478,244,463,90,368,475,295,419,469,472,307,312,460,417,293,298,297,376,286,421,409,375,281,287,239,300,292,290,299,443,420,338,198,373,214,211,418,415,339,209,203,269,416,157,210,202,398,204,205,201,200,207,208,291,289,288,98,206,212,213,387,50,334,88,385,372,384,280,383,414,178,262,263,393,395,52,49,337,93,441,272,146,48,171,164,332,47,165,392,381,294,382,285,45,386,41,44,51,397,284,378,379,396,380,147,278,46,283,282,270,394,296,36,145,38,224,35,37,39,40,279,66,43,162,42,399,156,400,94,9,230,3,333,77,78,100,440,172,265,199,197,161,107,317,264,261,266,336,160,129,58,126,229,7,155,112,236,340,237,238,95,154,119,128,223,159,122,8,158,273,127,193,140,116,91,118,4,168,6,169,142,123,132,104,135,120,138,137,358,97,136,133,124,106,108,111,139,131,113,141,313,117,92,341,61,318,411,105,319,274,99,342,54,315,408,344,314,62,60,148,320,316,268,267,356,96,351,153,18,134,413,57,412,114,121,130,231,115,125,110,56,5,72,191,67,271,65,87,355,277,89,68,76,377,374,370,17,71,346,74,275,276,371,55,367,152,73,357,109,335,75,59,196,343,194,63,195,220,33,70,215,166,347,173,64,170,401,34,143,354,144,149,151,353,222,407,406,150,405,163,227,221,190,233,228,226,192,225,82,234,235,352,85,84,83,366,53,303,176,232,86,350,177,365,189,345,364,219,302,362,167,363,81,175,14,11,32,13,10,31,80,174,180,349,181,12,348,216,188,217,218,361,183,179,481,301,79,182,427,16,430,487,429,428,15,0,455,445,19,450,448,1,453,260,446,484,464,485,442,439,432,479,456,431,438,451,447,449,467,470,28,436,452,458,465,462,473,422,461,20,476,488,433,257,477,459,437,474,468,256,471,454,517,457,509,423,444,259,258,486,480,482,483,506,187,508,359,21,185,22,24,23,184,186,25,360,26,498,528,29,30,27,425,322,489,324,325,323,388,510,526,527,391,525,390,503,490,499,515,321,505,504,389,426,507,500,434,435,523,497,524,533,424,529,516,501,101,102,511,513,512,103,514,519,502,329,327,330,518,494,522,326,520,521,2,328,331,496,493,532,535,534,530,536,495,492,491,531,
402,369,403,404,309,69,241,311,250,254,305,310,308,306,253,304,255,247,252,246,251,410,243,242,249,248,240,245,466,478,244,463,475,368,90,295,419,469,472,307,312,460,417,293,297,298,376,286,421,375,409,281,287,239,300,292,290,299,443,420,338,198,373,214,211,418,415,339,203,209,416,269,157,202,210,398,204,205,201,200,207,208,291,289,288,98,206,212,213,387,50,334,88,385,372,384,280,383,414,178,262,263,393,395,52,49,337,93,272,441,48,146,171,164,332,47,392,165,381,294,45,41,44,285,382,386,397,51,284,378,379,380,396,147,46,278,283,282,270,394,296,36,145,38,224,37,35,39,40,279,66,43,162,42,399,156,400,94,9,230,3,333,77,78,100,440,172,265,199,197,161,107,317,261,264,266,336,129,160,58,126,229,7,155,236,112,340,237,238,95,119,154,128,223,159,273,158,8,122,127,193,116,140,91,118,168,4,6,169,142,132,123,104,138,135,120,136,133,97,137,358,124,106,139,108,111,141,131,113,117,92,313,61,341,318,105,411,319,99,342,54,274,315,408,344,314,60,148,62,320,268,356,96,267,316,351,18,153,114,121,412,57,413,134,125,231,130,115,110,5,56,191,65,72,67,271,87,277,355,89,68,76,71,377,374,17,370,275,74,346,371,276,55,367,73,152,357,109,75,335,59,196,343,194,63,195,220,70,33,215,166,347,64,173,170,143,401,34,354,144,149,151,353,222,150,407,406,163,227,405,190,221,226,228,192,233,82,225,234,235,352,366,83,85,84,176,232,303,53,86,350,177,189,365,345,364,363,167,362,302,219,175,14,81,11,32,13,10,174,31,80,180,181,349,348,12,218,188,216,217,361,183,481,179,79,301,182,427,16,430,487,428,429,0,15,455,445,19,450,448,1,260,453,464,484,446,485,442,439,432,456,479,431,451,438,447,449,470,467,28,436,452,458,465,462,473,461,422,20,476,433,488,257,437,256,477,468,459,474,471,454,517,457,509,259,423,444,258,482,480,486,483,506,187,508,359,21,185,22,23,24,184,186,25,360,26,498,528,30,425,29,27,324,322,489,323,325,388,510,526,527,525,499,503,391,490,390,515,321,505,389,504,507,426,500,434,435,523,497,516,524,424,533,529,501,101,511,512,514,102,513,103,519,502,327,330,329,518,520,326,521,522,494,328,331,2,534,496,530,536,492,495,531,493,491,535,532,
402,369,403,404,309,69,241,311,250,254,305,308,310,306,253,304,255,247,252,246,251,410,243,242,249,248,240,245,466,478,244,463,90,475,368,295,419,469,472,307,312,460,417,293,297,298,376,286,421,409,375,281,287,239,300,292,290,299,443,420,338,198,373,214,211,418,415,339,203,209,416,269,157,202,210,204,398,205,201,200,208,207,291,289,288,206,98,212,213,387,50,334,88,385,372,384,280,383,414,178,262,263,393,395,52,49,337,93,441,272,48,146,171,164,332,47,165,392,381,294,45,41,386,285,44,382,284,51,397,396,379,380,378,147,278,46,283,282,270,394,296,145,36,38,224,35,37,39,66,279,40,43,162,42,399,400,156,94,230,9,3,333,77,78,100,440,172,265,199,197,107,161,317,264,261,266,336,160,129,58,126,229,7,236,112,155,340,238,237,95,119,128,154,223,159,8,122,273,158,127,140,193,116,91,118,168,4,169,6,142,132,120,135,104,123,138,136,97,358,133,137,124,106,108,111,139,141,113,131,313,92,117,341,61,318,105,411,319,99,54,342,274,408,315,314,344,62,60,148,320,356,268,267,96,316,351,153,18,413,57,412,121,114,134,125,231,130,115,5,110,56,191,67,65,271,72,277,87,355,89,76,68,71,17,377,370,374,275,346,74,276,371,367,55,152,73,357,109,335,75,59,196,343,194,195,63,220,215,33,70,347,166,64,173,170,34,401,143,354,144,149,151,353,222,150,406,407,405,227,163,192,233,226,190,228,221,225,82,234,235,352,85,83,84,366,176,303,232,53,350,86,189,177,365,345,364,302,362,219,363,167,81,175,14,11,10,32,13,174,80,31,180,181,349,12,348,216,217,188,218,361,183,179,481,79,301,182,427,16,430,487,429,428,0,15,455,445,450,19,1,448,260,453,446,464,484,442,485,439,432,456,479,431,438,451,449,447,467,470,28,452,436,458,462,465,473,422,461,20,488,476,433,257,477,471,474,468,256,437,459,454,517,457,509,259,444,423,258,486,480,482,483,506,187,508,359,21,185,184,186,22,23,24,25,360,26,528,498,425,29,27,30,489,322,324,388,323,325,526,510,527,391,490,503,499,525,390,515,321,505,504,389,426,507,500,434,435,523,497,424,524,516,533,529,501,101,513,514,512,511,103,102,519,502,518,327,329,330,521,522,494,520,326,2,328,331,495,536,492,535,530,491,496,532,493,531,534,
402,369,403,404,309,69,241,311,250,254,305,310,308,306,253,304,255,247,252,246,251,410,243,242,248,249,240,245,466,478,244,463,368,475,90,295,419,469,472,307,312,460,417,293,297,298,376,286,421,409,375,281,287,239,300,292,290,299,443,420,338,198,373,214,211,415,418,339,209,203,269,416,157,202,210,398,204,205,201,200,208,207,291,289,288,206,98,212,213,387,50,334,88,385,372,384,280,383,414,178,263,262,393,395,52,49,337,93,272,441,146,48,171,164,332,47,381,392,165,294,44,386,41,285,382,45,284,397,51,379,396,378,380,147,46,278,283,282,270,394,296,145,36,38,224,35,37,39,279,40,66,43,162,42,399,400,156,94,230,9,3,333,77,78,100,440,172,265,199,197,161,107,317,264,261,266,336,58,129,160,126,229,7,112,155,236,340,95,237,238,119,154,128,223,159,8,122,273,158,127,116,140,193,91,118,4,168,6,169,142,123,138,104,135,120,132,137,97,136,133,358,106,124,108,111,139,131,113,141,117,92,313,318,61,411,105,341,319,54,342,99,274,408,315,344,314,60,148,62,320,356,267,96,316,268,18,351,153,114,57,134,121,412,413,125,130,115,231,110,56,5,271,72,67,65,191,87,355,277,89,68,76,377,71,17,374,370,346,74,275,371,276,55,367,73,152,357,109,335,75,59,196,194,343,195,63,220,215,33,70,166,347,64,173,170,143,34,401,354,144,151,149,353,222,406,150,407,227,405,163,233,228,221,192,190,226,225,82,234,235,352,85,366,84,83,232,176,303,53,86,350,189,365,177,364,345,363,167,219,362,302,81,14,175,11,32,13,10,31,174,80,180,349,181,348,12,218,188,216,217,361,183,481,179,79,301,182,427,16,430,487,429,428,0,15,455,445,19,450,448,1,260,453,484,464,446,485,442,439,432,456,479,438,451,431,449,447,467,470,28,452,436,462,465,458,473,461,422,20,433,476,488,257,477,474,471,256,468,437,459,454,517,457,509,423,259,444,258,482,486,480,483,506,187,508,359,21,185,23,186,24,184,22,25,360,26,528,498,30,425,29,27,322,489,324,325,323,388,510,526,527,525,503,490,391,499,390,515,321,504,505,389,426,507,434,500,435,523,497,533,424,524,516,529,501,101,102,514,511,512,513,103,519,502,330,329,327,518,522,520,326,521,494,2,328,331,530,491,496,495,536,532,534,492,493,535,531,
402,369,403,404,309,69,241,311,250,254,305,308,310,306,253,304,255,247,252,246,251,410,243,242,248,249,240,245,466,478,244,463,90,368,475,295,419,469,472,307,312,460,417,293,298,297,376,286,421,409,375,281,287,239,300,292,290,299,443,420,338,198,373,214,211,418,415,339,203,209,416,269,157,202,210,204,398,205,201,200,208,207,291,289,288,206,98,212,213,50,387,334,88,385,372,384,280,383,414,178,262,263,393,395,52,49,337,93,272,441,48,146,171,164,332,47,165,392,381,294,41,285,382,386,44,45,51,397,284,379,396,380,378,147,278,46,283,282,270,394,296,145,36,38,224,37,35,39,66,40,279,43,162,42,399,156,400,94,230,9,3,333,77,100,78,440,172,265,199,197,161,107,317,264,261,266,336,160,129,58,126,229,7,155,236,112,340,238,95,237,154,128,119,223,159,8,122,273,158,127,140,116,193,91,118,168,4,169,6,142,135,104,123,138,120,132,358,97,133,137,136,106,124,139,108,111,141,131,113,117,313,92,105,411,61,341,318,319,342,54,99,274,315,408,344,314,148,60,62,320,268,356,316,267,96,153,18,351,114,134,413,412,121,57,125,231,130,115,110,5,56,67,271,191,72,65,87,355,277,89,68,76,370,71,377,17,374,346,275,74,371,276,55,367,152,73,357,109,75,335,59,196,194,343,63,195,220,33,70,215,347,166,173,64,170,401,34,143,354,144,151,149,353,222,150,407,406,163,405,227,228,233,192,190,226,221,225,82,235,234,352,84,85,83,366,232,176,53,303,350,86,177,189,365,364,345,302,167,362,363,219,81,14,175,11,13,32,10,174,80,31,180,349,181,12,348,217,218,188,216,361,183,179,481,301,79,182,427,16,430,487,428,429,15,0,455,445,450,19,1,448,260,453,446,464,484,485,442,432,439,479,456,438,451,431,449,447,467,470,28,436,452,465,458,462,473,422,461,20,488,476,433,257,459,437,468,477,471,474,256,454,517,457,509,444,423,259,258,480,482,486,483,506,187,508,359,21,185,22,186,184,24,23,25,360,26,498,528,30,27,425,29,322,324,489,388,325,323,526,510,527,390,525,391,499,503,490,515,321,504,505,389,507,426,434,500,435,523,497,524,424,516,533,529,501,101,514,102,513,103,511,512,519,502,329,518,327,330,521,326,520,494,522,2,328,331,496,491,536,532,495,534,530,531,535,493,492,
402,369,403,404,309,69,241,311,250,254,305,308,310,306,253,304,255,247,252,246,251,410,243,242,248,249,240,245,466,478,244,463,90,475,368,295,419,469,472,307,312,460,417,293,298,297,376,286,421,409,375,281,287,239,300,292,290,299,443,420,338,198,373,214,211,415,418,339,209,203,269,416,157,210,202,398,204,205,201,200,207,208,291,289,288,98,206,212,213,50,387,334,88,385,372,384,280,383,414,178,262,263,393,395,52,49,337,93,272,441,48,146,171,164,332,47,165,392,381,294,45,386,41,285,382,44,51,284,397,379,380,396,378,147,46,278,283,282,270,394,296,36,145,38,224,35,37,39,40,66,279,43,162,42,399,400,156,94,9,230,3,333,77,100,78,440,172,265,199,197,107,161,317,264,261,266,336,58,160,129,126,229,7,112,236,155,340,237,238,95,154,128,119,223,159,8,158,273,122,127,116,193,140,91,118,168,4,6,169,142,135,120,138,132,104,123,136,358,97,133,137,106,124,108,111,139,141,131,113,313,117,92,105,341,318,61,411,319,274,342,99,54,408,315,314,344,62,148,60,320,268,316,267,96,356,18,153,351,121,412,114,134,413,57,125,130,115,231,110,56,5,191,65,271,72,67,355,277,87,89,76,68,374,377,71,370,17,74,346,275,371,276,367,55,73,152,357,109,335,75,59,196,194,343,63,195,220,70,33,215,166,347,64,173,170,143,34,401,354,144,149,151,222,353,150,406,407,405,227,163,221,192,228,226,233,190,82,225,235,234,352,85,84,366,83,53,232,303,176,350,86,365,177,189,364,345,302,363,219,362,167,14,81,175,11,10,13,32,80,180,31,174,349,181,348,12,188,217,218,216,361,183,481,179,79,301,182,427,16,430,487,428,429,0,15,455,445,450,19,448,1,453,260,464,446,484,442,485,432,439,456,479,451,438,431,447,449,467,470,28,452,436,465,462,458,473,422,461,20,488,476,433,257,474,471,477,468,459,437,256,454,517,457,509,423,444,259,258,480,482,486,483,506,187,508,359,21,185,22,184,24,23,186,25,360,26,528,498,29,30,27,425,324,322,489,323,325,388,526,510,527,503,390,499,490,525,391,515,321,504,505,389,426,507,500,434,435,523,497,529,424,533,516,524,101,501,513,102,512,511,103,514,519,502,330,518,329,327,522,520,494,521,326,328,2,331,496,493,535,530,531,532,536,495,492,491,534,
402,369,403,404,309,69,241,311,250,254,305,310,308,306,253,304,255,247,252,246,251,410,243,242,249,248,240,245,466,478,244,463,368,90,475,295,419,469,472,307,312,460,417,293,297,298,376,286,421,409,375,281,287,239,300,292,290,299,443,420,338,198,373,214,211,418,415,339,209,203,269,416,157,202,210,204,398,205,201,200,207,208,291,289,288,98,206,212,213,50,387,334,88,385,372,384,383,280,414,178,262,263,393,395,52,49,337,93,441,272,146,48,171,164,332,47,392,165,381,294,382,44,45,285,386,41,51,397,284,378,396,380,379,147,46,278,283,282,270,394,296,36,145,38,224,37,35,39,66,279,40,43,162,42,399,156,400,94,230,9,3,333,77,78,100,440,172,265,199,197,107,161,317,261,264,266,336,129,58,160,126,229,7,236,112,155,340,238,237,95,154,128,119,223,159,273,8,122,158,127,116,193,140,91,118,4,168,6,169,142,132,135,123,138,104,120,136,133,358,137,97,106,124,139,108,111,141,113,131,313,117,92,411,61,341,318,105,319,342,54,99,274,315,408,314,344,148,60,62,320,96,268,356,316,267,351,153,18,121,413,412,114,57,134,125,231,130,115,5,110,56,65,271,67,72,191,355,277,87,89,68,76,370,71,374,377,17,346,74,275,371,276,367,55,152,73,357,109,75,335,59,196,194,343,63,195,220,33,215,70,166,347,64,173,170,34,143,401,354,144,149,151,353,222,406,150,407,227,163,405,192,228,233,190,226,221,225,82,234,235,352,366,84,83,85,176,232,53,303,86,350,365,177,189,364,345,363,362,302,219,167,14,81,175,11,32,10,13,174,180,80,31,349,181,12,348,216,217,188,218,361,183,481,179,79,301,182,427,16,430,487,428,429,0,15,455,445,450,19,448,1,260,453,484,464,446,485,442,432,439,479,456,451,431,438,449,447,470,467,28,436,452,465,458,462,473,422,461,20,433,476,488,257,471,468,459,477,437,474,256,454,517,457,509,423,444,259,258,480,482,486,483,506,187,508,359,21,185,24,22,184,23,186,25,360,26,528,498,29,30,425,27,322,324,489,388,323,325,526,510,527,503,391,499,525,490,390,515,321,505,504,389,426,507,434,500,435,497,523,524,533,516,424,529,501,101,514,102,512,513,103,511,519,502,518,327,329,330,522,326,494,520,521,331,2,328,495,492,531,534,493,496,530,491,536,532,535,
402,369,403,404,309,69,241,311,250,254,305,308,310,306,253,304,255,247,252,246,251,410,243,242,249,248,240,245,466,478,244,463,368,475,90,295,419,469,472,307,312,460,417,293,297,298,376,286,421,409,375,281,287,239,300,292,290,299,443,420,338,198,373,214,211,415,418,339,203,209,269,416,157,202,210,204,398,205,201,200,207,208,291,289,288,206,98,212,213,387,50,334,88,385,372,384,280,383,414,178,262,263,393,395,52,49,337,93,272,441,146,48,171,164,332,47,165,392,381,294,44,382,45,41,285,386,284,397,51,396,380,378,379,147,46,278,283,282,394,270,296,36,145,38,224,37,35,39,40,279,66,43,162,42,399,156,400,94,230,9,3,333,77,78,100,440,172,265,199,197,161,107,317,261,264,266,336,129,58,160,126,229,7,112,155,236,340,238,237,95,154,128,119,223,159,158,122,8,273,127,193,116,140,91,118,4,168,6,169,142,135,120,132,123,104,138,136,358,133,137,97,106,124,108,111,139,113,141,131,92,313,117,411,341,105,318,61,319,54,99,274,342,408,315,314,344,62,148,60,320,356,267,316,268,96,18,153,351,114,134,57,413,121,412,115,130,125,231,56,5,110,67,191,65,271,72,277,87,355,89,68,76,370,17,377,374,71,74,346,275,371,276,55,367,73,152,357,109,335,75,59,196,194,343,195,63,220,33,70,215,166,347,64,173,170,34,401,143,354,144,151,149,353,222,406,150,407,405,227,163,228,221,192,190,226,233,225,82,234,235,352,85,366,83,84,232,176,303,53,350,86,189,365,177,364,345,363,302,167,219,362,81,175,14,11,13,10,32,180,31,174,80,181,349,12,348,216,218,217,188,361,183,179,481,301,79,182,427,16,430,487,429,428,0,15,455,445,19,450,448,1,453,260,464,446,484,485,442,439,432,479,456,451,431,438,447,449,470,467,28,452,436,462,465,458,473,422,461,20,433,476,488,257,468,256,437,459,477,474,471,454,517,457,509,444,423,259,258,482,480,486,483,506,187,508,359,21,185,23,22,24,184,186,25,360,26,498,528,27,29,425,30,489,322,324,388,323,325,510,526,527,525,503,390,490,391,499,515,321,389,505,504,507,426,434,500,435,523,497,424,516,533,529,524,501,101,512,102,103,513,514,511,519,502,518,327,330,329,520,326,522,521,494,2,328,331,491,492,532,496,495,534,536,493,530,535,531,
402,369,403,404,309,69,241,311,250,254,305,310,308,306,253,304,255,247,252,246,251,410,243,242,249,248,240,245,466,478,244,463,475,368,90,295,419,469,472,307,312,460,417,293,298,297,376,286,421,409,375,281,287,239,300,292,290,299,443,420,338,198,373,214,211,415,418,339,203,209,416,269,157,202,210,398,204,205,201,200,208,207,291,289,288,98,206,212,213,50,387,334,88,385,372,384,280,383,414,178,262,263,393,395,52,49,337,93,441,272,48,146,171,164,332,47,165,381,392,294,382,41,285,44,386,45,51,284,397,378,379,396,380,147,278,46,283,282,270,394,296,36,145,38,224,37,35,39,279,40,66,43,162,42,399,400,156,94,9,230,3,333,77,100,78,440,172,265,199,197,161,107,317,261,264,266,336,58,160,129,126,229,7,155,112,236,340,237,238,95,128,154,119,223,159,273,8,122,158,127,116,193,140,91,118,4,168,169,6,142,135,138,132,123,104,120,136,358,137,133,97,106,124,111,108,139,141,113,131,313,117,92,105,411,61,318,341,319,342,274,54,99,315,408,344,314,60,62,148,320,316,96,356,267,268,153,18,351,57,412,121,413,114,134,125,115,130,231,56,110,5,67,65,271,72,191,277,355,87,89,76,68,71,370,374,377,17,74,346,275,276,371,55,367,152,73,357,109,75,335,59,196,343,194,195,63,220,70,215,33,166,347,64,173,170,401,34,143,354,144,151,149,222,353,407,150,406,405,163,227,190,233,192,228,226,221,225,82,235,234,352,84,83,366,85,303,176,53,232,350,86,177,365,189,345,364,302,363,219,362,167,175,14,81,11,32,10,13,180,31,80,174,181,349,348,12,188,217,218,216,361,183,179,481,301,79,182,427,16,430,487,428,429,15,0,455,445,19,450,1,448,453,260,464,484,446,442,485,432,439,479,456,431,438,451,447,449,467,470,28,452,436,465,462,458,473,422,461,20,433,476,488,257,468,474,477,256,471,437,459,454,517,457,509,423,444,259,258,486,480,482,483,506,187,508,359,21,185,24,22,186,184,23,25,360,26,528,498,30,425,29,27,322,324,489,323,388,325,526,510,527,525,503,490,499,390,391,515,321,389,505,504,507,426,500,434,435,497,523,533,516,529,424,524,101,501,514,512,513,511,103,102,519,502,330,518,327,329,520,521,494,522,326,328,331,2,534,495,531,491,496,492,532,536,535,493,530,
402,369,403,404,309,69,241,311,250,254,305,310,308,306,253,304,255,247,252,246,251,410,243,242,248,249,240,245,466,478,244,463,475,368,90,295,419,469,472,307,312,460,417,293,297,298,376,286,421,409,375,281,287,239,300,292,290,299,443,420,338,198,373,214,211,415,418,339,203,209,269,416,157,210,202,398,204,205,201,200,208,207,291,289,288,98,206,212,213,50,387,334,88,385,372,384,280,383,414,178,262,263,393,395,52,49,337,93,272,441,146,48,171,164,332,47,392,165,381,294,41,45,285,44,386,382,397,284,51,378,380,396,379,147,46,278,283,282,394,270,296,36,145,38,224,37,35,39,279,40,66,43,162,42,399,156,400,94,9,230,3,333,77,78,100,440,172,265,199,197,161,107,317,264,261,266,336,160,129,58,126,229,7,155,112,236,340,238,237,95,119,154,128,223,159,158,273,122,8,127,116,140,193,91,118,4,168,169,6,142,138,104,135,120,123,132,133,137,358,136,97,106,124,111,139,108,113,141,131,313,92,117,61,411,318,341,105,319,342,54,99,274,408,315,314,344,60,62,148,320,96,356,267,268,316,153,18,351,121,413,134,412,57,114,115,231,130,125,110,56,5,271,72,67,65,191,277,87,355,89,68,76,374,17,370,71,377,346,74,275,276,371,367,55,152,73,357,109,335,75,59,196,343,194,195,63,220,33,70,215,166,347,64,173,170,401,34,143,354,144,149,151,222,353,150,407,406,405,227,163,221,226,228,192,190,233,225,82,234,235,352,85,366,83,84,53,303,176,232,86,350,365,177,189,364,345,219,363,302,167,362,14,175,81,11,32,10,13,80,180,31,174,349,181,12,348,218,188,217,216,361,183,179,481,79,301,182,427,16,430,487,429,428,15,0,455,445,450,19,1,448,453,260,484,446,464,442,485,432,439,456,479,431,438,451,447,449,470,467,28,436,452,458,462,465,473,461,422,20,476,433,488,257,468,471,437,477,474,256,459,454,517,457,509,259,444,423,258,480,482,486,483,506,187,508,359,21,185,23,24,186,184,22,25,360,26,528,498,27,425,29,30,322,324,489,325,388,323,526,510,527,499,391,525,490,390,503,515,321,505,389,504,507,426,434,500,435,497,523,529,533,516,524,424,101,501,513,102,511,512,103,514,519,502,329,327,518,330,494,521,520,326,522,2,328,331,531,492,535,534,530,496,491,495,532,536,493,
402,369,403,404,309,69,241,311,250,254,305,310,308,306,253,304,255,247,252,246,251,410,243,242,249,248,240,245,466,478,244,463,475,90,368,295,419,469,472,307,312,460,417,293,297,298,376,286,421,409,375,281,287,239,300,292,290,299,443,420,338,198,373,214,211,415,418,339,203,209,269,416,157,202,210,204,398,205,201,200,207,208,291,289,288,98,206,212,213,50,387,334,88,385,372,384,383,280,414,178,263,262,393,395,52,49,337,93,272,441,48,146,171,164,332,47,392,381,165,294,386,44,382,45,285,41,284,51,397,380,396,379,378,147,46,278,283,282,394,270,296,145,36,38,224,37,35,39,40,279,66,43,162,42,399,400,156,94,230,9,3,333,77,100,78,440,172,265,199,197,161,107,317,264,261,266,336,129,160,58,126,229,7,236,112,155,340,95,238,237,119,128,154,223,159,8,273,158,122,127,140,193,116,91,118,4,168,169,6,142,135,138,132,123,104,120,358,97,133,137,136,106,124,108,111,139,141,113,131,313,117,92,105,411,318,61,341,319,274,99,342,54,408,315,314,344,62,60,148,320,316,96,356,267,268,153,18,351,412,413,57,121,134,114,130,125,231,115,110,56,5,72,67,65,271,191,87,355,277,89,68,76,17,374,370,377,71,346,275,74,371,276,367,55,73,152,357,109,75,335,59,196,343,194,63,195,220,215,33,70,166,347,64,173,170,143,34,401,354,144,149,151,222,353,150,406,407,227,405,163,221,233,192,228,226,190,82,225,235,234,352,366,84,85,83,53,303,176,232,350,86,189,177,365,364,345,363,167,219,302,362,14,175,81,11,10,32,13,174,80,31,180,349,181,348,12,216,188,217,218,361,183,481,179,301,79,182,427,16,430,487,428,429,0,15,455,445,450,19,1,448,260,453,484,464,446,442,485,439,432,479,456,451,438,431,449,447,467,470,28,452,436,458,462,465,473,422,461,20,433,488,476,257,459,468,471,256,477,474,437,454,517,457,509,259,444,423,258,480,486,482,483,506,187,508,359,21,185,22,23,24,186,184,25,360,26,528,498,29,27,30,425,489,324,322,323,325,388,510,526,527,525,499,503,490,390,391,515,321,389,504,505,426,507,434,500,435,497,523,529,516,524,424,533,101,501,511,514,513,512,103,102,519,502,330,327,518,329,521,520,522,494,326,328,331,2,536,496,491,492,531,532,530,493,535,534,495,
402,369,403,404,309,69,241,311,250,254,305,308,310,306,253,304,255,247,252,246,251,410,243,242,249,248,240,245,466,478,244,463,90,475,368,295,419,469,472,307,312,460,417,293,298,297,376,286,421,409,375,281,287,239,300,292,290,299,443,420,338,198,373,214,211,418,415,339,203,209,269,416,157,202,210,398,204,205,201,200,208,207,291,289,288,206,98,212,213,387,50,334,88,385,372,384,280,383,414,178,262,263,393,395,52,49,337,93,272,441,146,48,171,164,332,47,165,392,381,294,285,45,386,41,44,382,397,284,51,378,379,380,396,147,278,46,283,282,270,394,296,36,145,38,224,37,35,39,40,66,279,43,162,42,399,400,156,94,9,230,3,333,77,100,78,440,172,265,199,197,107,161,317,264,261,266,336,160,58,129,126,229,7,112,236,155,340,238,237,95,128,119,154,223,159,273,8,122,158,127,140,193,116,91,118,168,4,169,6,142,132,123,104,138,120,135,137,97,358,133,136,106,124,108,139,111,113,131,141,117,92,313,61,105,341,318,411,319,99,274,342,54,315,408,314,344,148,60,62,320,96,356,316,267,268,18,351,153,134,114,413,121,412,57,125,130,231,115,56,5,110,67,271,65,191,72,277,87,355,89,68,76,374,71,17,370,377,346,275,74,371,276,367,55,152,73,357,109,75,335,59,196,343,194,195,63,220,33,70,215,166,347,64,173,170,401,34,143,354,144,151,149,222,353,150,407,406,227,163,405,228,192,233,190,226,221,82,225,235,234,352,83,84,366,85,176,53,232,303,350,86,365,177,189,364,345,363,362,302,219,167,81,14,175,11,10,13,32,174,180,31,80,349,181,348,12,188,216,218,217,361,183,179,481,301,79,182,427,16,430,487,428,429,0,15,455,445,19,450,448,1,453,260,484,464,446,485,442,439,432,456,479,431,438,451,449,447,467,470,28,436,452,462,465,458,473,461,422,20,476,488,433,257,474,437,256,471,468,459,477,454,517,457,509,259,444,423,258,480,486,482,483,506,187,508,359,21,185,22,23,186,184,24,25,360,26,498,528,29,27,30,425,489,322,324,388,323,325,510,526,527,391,525,490,499,390,503,515,321,389,504,505,507,426,500,434,435,523,497,524,533,529,424,516,501,101,511,103,512,514,102,513,519,502,329,330,518,327,326,522,494,521,520,331,328,2,491,493,534,536,532,530,492,496,495,531,535,
402,369,403,404,309,69,241,311,250,254,305,310,308,306,253,304,255,247,252,246,251,410,243,242,248,249,240,245,466,478,244,463,90,368,475,295,419,469,472,307,312,460,417,293,298,297,376,286,421,375,409,281,287,239,300,292,290,299,443,420,338,198,373,214,211,415,418,339,203,209,269,416,157,202,210,398,204,205,201,200,208,207,291,289,288,206,98,212,213,50,387,334,88,385,372,384,383,280,414,178,262,263,393,395,52,49,337,93,441,272,146,48,171,164,332,47,165,381,392,294,41,382,285,386,44,45,397,51,284,379,396,378,380,147,46,278,283,282,394,270,296,145,36,38,224,37,35,39,66,279,40,43,162,42,399,400,156,94,230,9,3,333,77,78,100,440,172,265,199,197,161,107,317,264,261,266,336,129,58,160,126,229,7,112,155,236,340,95,237,238,119,154,128,223,159,158,273,8,122,127,193,116,140,91,118,4,168,169,6,142,120,123,135,132,104,138,136,358,97,137,133,124,106,111,108,139,141,113,131,92,117,313,318,341,411,61,105,319,342,99,54,274,315,408,344,314,148,62,60,320,96,356,268,316,267,18,153,351,57,134,412,114,413,121,125,115,130,231,56,110,5,72,271,191,67,65,355,277,87,89,68,76,377,71,17,370,374,275,346,74,371,276,55,367,152,73,357,109,75,335,59,196,343,194,195,63,220,215,33,70,347,166,64,173,170,143,401,34,354,144,149,151,222,353,150,406,407,163,405,227,226,228,233,221,190,192,225,82,235,234,352,84,366,85,83,303,176,53,232,86,350,189,177,365,364,345,302,219,363,362,167,175,81,14,11,32,13,10,31,174,80,180,181,349,348,12,216,188,218,217,361,183,179,481,79,301,182,427,16,430,487,429,428,15,0,455,445,450,19,1,448,453,260,464,484,446,485,442,439,432,479,456,438,451,431,449,447,470,467,28,452,436,462,458,465,473,461,422,20,476,488,433,257,468,477,256,474,471,437,459,454,517,457,509,444,259,423,258,480,486,482,483,506,187,508,359,21,185,24,23,186,184,22,25,360,26,528,498,425,29,27,30,489,324,322,323,325,388,526,510,527,499,391,490,503,390,525,515,321,389,504,505,426,507,500,434,435,497,523,524,533,424,529,516,101,501,514,513,512,102,103,511,519,502,518,329,327,330,326,521,522,520,494,328,331,2,495,534,532,530,496,531,493,492,536,535,491,
402,369,403,404,309,69,241,311,250,254,305,308,310,306,253,304,255,247,252,246,251,410,243,242,248,249,240,245,466,478,244,463,475,90,368,295,419,469,472,307,312,460,417,293,297,298,376,286,421,375,409,281,287,239,300,292,290,299,443,420,338,198,373,214,211,418,415,339,203,209,416,269,157,202,210,398,204,205,201,200,208,207,291,289,288,206,98,212,213,50,387,334,88,385,372,384,383,280,414,178,263,262,393,395,52,49,337,93,272,441,146,48,171,164,332,47,392,381,165,294,41,45,386,285,382,44,284,51,397,379,378,396,380,147,278,46,283,282,270,394,296,36,145,38,224,37,35,39,66,279,40,43,162,42,399,400,156,94,230,9,3,333,77,100,78,440,172,265,199,197,161,107,317,264,261,266,336,160,129,58,126,229,7,236,112,155,340,238,95,237,128,119,154,223,159,158,273,122,8,127,193,140,116,91,118,168,4,6,169,142,135,132,138,123,104,120,97,137,136,358,133,124,106,111,108,139,131,141,113,313,117,92,411,61,341,318,105,319,99,342,274,54,408,315,344,314,148,60,62,320,267,316,268,356,96,351,153,18,57,413,412,134,114,121,231,125,115,130,5,56,110,191,65,67,72,271,355,277,87,89,68,76,17,71,377,370,374,74,346,275,276,371,367,55,152,73,357,109,335,75,59,196,343,194,63,195,220,70,215,33,166,347,173,64,170,143,401,34,354,144,151,149,353,222,407,150,406,405,163,227,233,221,226,228,192,190,225,82,234,235,352,85,84,83,366,232,53,176,303,86,350,189,365,177,345,364,302,362,363,167,219,14,175,81,11,13,10,32,174,31,80,180,349,181,348,12,217,188,218,216,361,183,179,481,301,79,182,427,16,430,487,429,428,15,0,455,445,19,450,448,1,453,260,484,464,446,442,485,432,439,479,456,438,451,431,447,449,470,467,28,452,436,462,458,465,473,461,422,20,476,488,433,257,471,468,474,477,437,256,459,454,517,457,509,423,259,444,258,486,482,480,483,506,187,508,359,21,185,24,186,22,184,23,25,360,26,498,528,30,425,29,27,322,324,489,388,323,325,510,526,527,391,490,503,499,390,525,515,321,504,389,505,507,426,434,500,435,523,497,516,524,529,533,424,101,501,102,513,103,514,511,512,519,502,330,518,329,327,522,494,520,521,326,2,328,331,531,535,492,491,536,493,534,495,532,496,530,
402,369,403,404,309,69,241,311,250,254,305,308,310,306,253,304,255,247,252,246,251,410,243,242,248,249,240,245,466,478,244,463,368,475,90,295,419,469,472,307,312,460,417,293,297,298,376,286,421,375,409,281,287,239,300,292,290,299,443,420,338,198,373,214,211,418,415,339,203,209,269,416,157,202,210,204,398,205,201,200,207,208,291,289,288,206,98,212,213,50,387,334,88,385,372,384,383,280,414,178,262,263,393,395,52,49,337,93,272,441,48,146,171,164,332,47,165,381,392,294,285,382,45,386,44,41,51,284,397,379,378,380,396,147,278,46,283,282,270,394,296,36,145,38,224,37,35,39,40,66,279,43,162,42,399,400,156,94,9,230,3,333,77,78,100,440,172,265,199,197,107,161,317,264,261,266,336,58,160,129,126,229,7,112,155,236,340,238,95,237,154,119,128,223,159,273,8,158,122,127,193,140,116,91,118,4,168,169,6,142,132,104,120,123,138,135,358,136,137,97,133,124,106,108,111,139,141,113,131,313,92,117,411,341,105,61,318,319,54,99,274,342,408,315,314,344,60,62,148,320,268,316,356,267,96,351,18,153,114,413,57,121,412,134,130,125,115,231,5,110,56,72,191,65,271,67,355,277,87,89,68,76,377,370,71,17,374,346,275,74,371,276,367,55,73,152,357,109,335,75,59,196,194,343,195,63,220,33,70,215,166,347,173,64,170,143,401,34,354,144,151,149,353,222,150,407,406,163,227,405,228,190,221,233,192,226,225,82,235,234,352,366,84,85,83,176,232,53,303,86,350,365,189,177,364,345,167,219,362,302,363,175,14,81,11,13,10,32,31,174,180,80,349,181,12,348,218,217,188,216,361,183,481,179,79,301,182,427,16,430,487,429,428,0,15,455,445,450,19,448,1,453,260,446,464,484,485,442,432,439,479,456,431,438,451,449,447,467,470,28,436,452,462,465,458,473,461,422,20,433,476,488,257,471,459,256,477,474,437,468,454,517,457,509,444,423,259,258,486,480,482,483,506,187,508,359,21,185,23,186,22,184,24,25,360,26,528,498,29,425,27,30,324,489,322,388,325,323,510,526,527,503,391,390,490,499,525,515,321,505,389,504,426,507,500,434,435,523,497,516,533,524,424,529,101,501,512,513,514,103,511,102,519,502,327,518,330,329,520,522,326,494,521,328,331,2,532,534,535,531,495,492,496,530,491,536,493,
402,369,403,404,309,69,241,311,250,254,305,310,308,306,253,304,255,247,252,246,251,410,243,242,249,248,240,245,466,478,244,463,368,475,90,295,419,469,472,307,312,460,417,293,297,298,376,286,421,375,409,281,287,239,300,292,290,299,443,420,338,198,373,214,211,415,418,339,209,203,416,269,157,202,210,204,398,205,201,200,207,208,291,289,288,206,98,212,213,387,50,334,88,385,372,384,280,383,414,178,262,263,393,395,52,49,337,93,441,272,146,48,171,164,332,47,165,381,392,294,386,382,44,41,285,45,397,284,51,379,396,380,378,147,278,46,283,282,394,270,296,36,145,38,224,37,35,39,66,279,40,43,162,42,399,156,400,94,9,230,3,333,77,78,100,440,172,265,199,197,161,107,317,264,261,266,336,58,129,160,126,229,7,236,112,155,340,237,95,238,119,128,154,223,159,122,158,273,8,127,140,193,116,91,118,168,4,169,6,142,120,104,138,123,132,135,137,136,133,358,97,106,124,139,111,108,141,113,131,117,313,92,318,61,411,105,341,319,274,54,342,99,315,408,344,314,60,148,62,320,356,268,267,96,316,18,351,153,121,134,412,114,57,413,115,130,125,231,5,110,56,191,67,65,271,72,87,355,277,89,76,68,71,17,374,370,377,275,74,346,371,276,367,55,73,152,357,109,75,335,59,196,343,194,63,195,220,215,70,33,166,347,64,173,170,143,401,34,354,144,149,151,222,353,407,150,406,163,405,227,190,233,226,192,221,228,82,225,235,234,352,366,83,85,84,232,176,53,303,86,350,365,177,189,364,345,302,219,362,167,363,81,175,14,11,32,10,13,180,80,31,174,349,181,348,12,216,217,188,218,361,183,481,179,301,79,182,427,16,430,487,429,428,0,15,455,445,450,19,448,1,453,260,446,484,464,485,442,432,439,456,479,438,451,431,447,449,467,470,28,436,452,462,458,465,473,422,461,20,476,433,488,257,474,459,256,468,437,471,477,454,517,457,509,444,423,259,258,480,482,486,483,506,187,508,359,21,185,22,184,186,23,24,25,360,26,498,528,30,29,425,27,489,322,324,323,388,325,526,510,527,503,490,525,499,391,390,515,321,504,389,505,426,507,434,500,435,523,497,524,516,533,529,424,101,501,514,511,102,103,513,512,519,502,518,327,329,330,520,326,494,522,521,331,2,328,496,532,534,535,531,493,536,492,530,495,491,
402,369,403,404,309,69,241,311,250,254,305,308,310,306,253,304,255,247,252,246,251,410,243,242,248,249,240,245,466,478,244,463,90,368,475,295,419,469,472,307,312,460,417,293,298,297,376,286,421,375,409,281,287,239,300,292,290,299,443,420,338,198,373,214,211,418,415,339,203,209,269,416,157,210,202,204,398,205,201,200,207,208,291,289,288,98,206,212,213,387,50,334,88,385,372,384,280,383,414,178,263,262,393,395,52,49,337,93,441,272,48,146,171,164,332,47,381,165,392,294,44,382,45,285,386,41,51,284,397,380,396,379,378,147,46,278,283,282,394,270,296,145,36,38,224,35,37,39,279,40,66,43,162,42,399,156,400,94,230,9,3,333,77,78,100,440,172,265,199,197,161,107,317,264,261,266,336,160,58,129,126,229,7,236,155,112,340,237,238,95,154,119,128,223,159,273,158,8,122,127,140,193,116,91,118,168,4,169,6,142,135,123,132,120,104,138,133,136,137,358,97,124,106,139,108,111,113,141,131,117,313,92,61,105,411,318,341,319,342,54,99,274,408,315,344,314,148,62,60,320,268,356,267,316,96,18,351,153,114,412,413,121,134,57,130,125,231,115,56,110,5,67,191,271,65,72,355,277,87,89,76,68,71,377,17,374,370,74,346,275,371,276,55,367,73,152,357,109,335,75,59,196,194,343,63,195,220,33,70,215,347,166,64,173,170,143,34,401,354,144,151,149,222,353,406,150,407,227,405,163,190,228,221,192,233,226,225,82,235,234,352,366,83,85,84,53,303,176,232,350,86,365,177,189,345,364,363,362,167,302,219,175,14,81,11,13,32,10,174,31,180,80,181,349,348,12,218,217,216,188,361,183,179,481,301,79,182,427,16,430,487,429,428,0,15,455,445,19,450,448,1,260,453,484,446,464,442,485,432,439,479,456,438,431,451,447,449,467,470,28,452,436,462,458,465,473,461,422,20,476,433,488,257,468,437,474,256,459,471,477,454,517,457,509,259,444,423,258,486,480,482,483,506,187,508,359,21,185,24,184,22,186,23,25,360,26,498,528,30,425,29,27,324,489,322,325,388,323,510,526,527,525,390,490,503,391,499,515,321,389,505,504,507,426,500,434,435,497,523,516,533,529,424,524,501,101,513,514,103,102,511,512,519,502,330,518,329,327,522,494,520,521,326,2,328,331,535,491,492,530,534,532,495,536,496,531,493,
402,369,403,404,309,69,241,311,250,254,305,310,308,306,253,304,255,247,252,246,251,410,243,242,248,249,240,245,466,478,244,463,368,90,475,295,419,469,472,307,312,460,417,293,297,298,376,286,421,409,375,281,287,239,300,292,290,299,443,420,338,198,373,214,211,415,418,339,209,203,269,416,157,202,210,398,204,205,201,200,208,207,291,289,288,98,206,212,213,50,387,334,88,385,372,384,280,383,414,178,263,262,393,395,52,49,337,93,272,441,48,146,171,164,332,47,381,165,392,294,382,386,41,285,44,45,51,284,397,379,396,380,378,147,46,278,283,282,270,394,296,145,36,38,224,37,35,39,66,40,279,43,162,42,399,400,156,94,9,230,3,333,77,100,78,440,172,265,199,197,107,161,317,264,261,266,336,160,129,58,126,229,7,236,155,112,340,238,237,95,119,128,154,223,159,273,8,122,158,127,140,193,116,91,118,168,4,169,6,142,123,132,104,120,135,138,137,136,133,97,358,106,124,111,108,139,113,131,141,117,313,92,318,105,61,411,341,319,99,342,54,274,315,408,314,344,148,62,60,320,267,316,268,356,96,153,18,351,412,134,57,413,114,121,231,125,115,130,5,110,56,72,271,191,67,65,87,277,355,89,68,76,377,71,374,17,370,74,346,275,371,276,55,367,152,73,357,109,335,75,59,196,194,343,63,195,220,70,33,215,347,166,64,173,170,401,143,34,354,144,151,149,222,353,150,406,407,227,163,405,192,228,226,221,233,190,225,82,235,234,352,84,366,83,85,303,176,53,232,350,86,189,177,365,345,364,363,302,219,167,362,14,81,175,11,10,13,32,174,31,180,80,181,349,348,12,217,216,218,188,361,183,481,179,301,79,182,427,16,430,487,429,428,0,15,455,445,19,450,448,1,453,260,446,484,464,485,442,439,432,456,479,451,438,431,449,447,470,467,28,436,452,465,462,458,473,422,461,20,433,488,476,257,459,474,256,437,477,471,468,454,517,457,509,259,423,444,258,486,480,482,483,506,187,508,359,21,185,186,24,23,22,184,25,360,26,528,498,29,30,425,27,322,489,324,388,325,323,510,526,527,503,499,391,390,525,490,515,321,389,504,505,507,426,434,500,435,497,523,516,533,529,524,424,101,501,514,102,512,511,103,513,519,502,329,327,518,330,520,494,326,521,522,328,331,2,531,491,496,532,530,535,492,493,536,534,495,
402,369,403,404,309,69,241,311,250,254,305,310,308,306,253,304,255,247,252,246,251,410,243,242,248,249,240,245,466,478,244,463,90,368,475,295,419,469,472,307,312,460,417,293,298,297,376,286,421,409,375,281,287,239,300,292,290,299,443,420,338,198,373,214,211,415,418,339,203,209,269,416,157,202,210,398,204,205,201,200,207,208,291,289,288,206,98,212,213,387,50,334,88,385,372,384,383,280,414,178,262,263,393,395,52,49,337,93,272,441,48,146,171,164,332,47,165,392,381,294,382,285,41,44,386,45,284,397,51,380,378,379,396,147,278,46,283,282,394,270,296,36,145,38,224,37,35,39,66,40,279,43,162,42,399,156,400,94,9,230,3,333,77,100,78,440,172,265,199,197,161,107,317,264,261,266,336,129,58,160,126,229,7,112,236,155,340,95,237,238,128,154,119,223,159,8,122,158,273,127,140,116,193,91,118,168,4,6,169,142,138,104,132,120,123,135,137,358,97,133,136,124,106,139,108,111,113,141,131,92,117,313,411,318,341,61,105,319,274,54,99,342,315,408,314,344,60,62,148,320,268,96,356,316,267,153,351,18,114,412,134,413,121,57,130,231,115,125,5,56,110,65,191,67,271,72,87,355,277,89,68,76,17,377,370,374,71,275,346,74,276,371,55,367,73,152,357,109,335,75,59,196,194,343,63,195,220,33,70,215,347,166,64,173,170,34,401,143,354,144,149,151,222,353,407,150,406,227,405,163,190,228,233,226,221,192,225,82,235,234,352,84,366,83,85,232,303,176,53,350,86,189,177,365,345,364,219,362,302,167,363,14,175,81,11,10,13,32,174,180,80,31,181,349,12,348,188,218,216,217,361,183,179,481,79,301,182,427,16,430,487,429,428,15,0,455,445,19,450,448,1,453,260,446,484,464,442,485,439,432,479,456,431,438,451,447,449,467,470,28,436,452,458,462,465,473,461,422,20,476,488,433,257,256,437,471,474,459,477,468,454,517,457,509,259,423,444,258,480,486,482,483,506,187,508,359,21,185,186,184,24,22,23,25,360,26,498,528,27,30,425,29,489,322,324,323,388,325,526,510,527,525,390,503,490,499,391,515,321,504,389,505,507,426,434,500,435,523,497,524,516,529,533,424,101,501,102,103,513,512,514,511,519,502,518,327,330,329,326,521,520,522,494,2,331,328,530,531,532,496,495,492,491,536,534,493,535,
402,369,403,404,309,69,241,311,250,254,305,308,310,306,253,304,255,247,252,246,251,410,243,242,248,249,240,245,466,478,244,463,368,90,475,295,419,469,472,307,312,460,417,293,297,298,376,286,421,409,375,281,287,239,300,292,290,299,443,420,338,198,373,214,211,418,415,339,209,203,416,269,157,210,202,204,398,205,201,200,207,208,291,289,288,98,206,212,213,387,50,334,88,385,372,384,280,383,414,178,263,262,393,395,52,49,337,93,441,272,146,48,171,164,332,47,165,392,381,294,44,285,41,45,382,386,284,397,51,380,396,378,379,147,278,46,283,282,270,394,296,36,145,38,224,37,35,39,40,279,66,43,162,42,399,400,156,94,230,9,3,333,77,100,78,440,172,265,199,197,107,161,317,264,261,266,336,58,129,160,126,229,7,112,236,155,340,237,95,238,128,119,154,223,159,8,158,122,273,127,116,140,193,91,118,168,4,169,6,142,132,138,104,120,123,135,136,137,133,97,358,124,106,139,108,111,131,113,141,92,313,117,411,318,341,105,61,319,54,274,99,342,408,315,314,344,62,60,148,320,356,268,96,316,267,351,18,153,134,412,413,114,57,121,115,130,231,125,5,56,110,271,67,72,65,191,355,87,277,89,76,68,374,71,377,17,370,74,346,275,371,276,55,367,73,152,357,109,75,335,59,196,194,343,195,63,220,70,33,215,166,347,64,173,170,34,143,401,354,144,151,149,353,222,406,407,150,227,163,405,190,226,221,228,233,192,82,225,235,234,352,83,366,85,84,303,176,53,232,86,350,177,189,365,345,364,219,363,362,302,167,175,81,14,11,32,13,10,174,80,180,31,181,349,348,12,218,217,216,188,361,183,179,481,79,301,182,427,16,430,487,429,428,15,0,455,445,19,450,448,1,453,260,484,464,446,485,442,439,432,479,456,438,431,451,449,447,467,470,28,452,436,465,458,462,473,422,461,20,488,433,476,257,471,474,256,477,468,459,437,454,517,457,509,423,259,444,258,482,486,480,483,506,187,508,359,21,185,24,22,186,23,184,25,360,26,528,498,27,30,29,425,489,322,324,325,323,388,510,526,527,503,391,499,390,490,525,515,321,504,389,505,507,426,500,434,435,523,497,424,529,533,524,516,501,101,514,103,512,511,102,513,519,502,329,327,330,518,494,520,326,521,522,2,328,331,496,531,536,491,493,532,534,492,495,530,535,
402,369,403,404,309,69,241,311,250,254,305,310,308,306,253,304,255,247,252,246,251,410,243,242,248,249,240,245,466,478,244,463,368,90,475,295,419,469,472,307,312,460,417,293,298,297,376,286,421,409,375,281,287,239,300,292,290,299,443,420,338,198,373,214,211,418,415,339,203,209,269,416,157,210,202,398,204,205,201,200,207,208,291,289,288,98,206,212,213,387,50,334,88,385,372,384,383,280,414,178,263,262,393,395,52,49,337,93,441,272,48,146,171,164,332,47,392,165,381,294,41,382,45,44,386,285,51,397,284,380,378,396,379,147,278,46,283,282,270,394,296,145,36,38,224,37,35,39,66,40,279,43,162,42,399,400,156,94,230,9,3,333,77,100,78,440,172,265,199,197,161,107,317,264,261,266,336,129,160,58,126,229,7,155,236,112,340,238,237,95,128,119,154,223,159,122,158,8,273,127,140,193,116,91,118,168,4,169,6,142,120,138,104,135,123,132,358,133,97,136,137,124,106,108,111,139,113,141,131,117,92,313,341,318,105,411,61,319,274,342,54,99,408,315,314,344,62,60,148,320,356,96,316,268,267,153,351,18,114,412,134,121,413,57,125,115,231,130,5,110,56,271,72,67,191,65,277,87,355,89,68,76,377,374,71,370,17,74,346,275,371,276,367,55,152,73,357,109,75,335,59,196,194,343,63,195,220,70,33,215,166,347,64,173,170,143,401,34,354,144,151,149,353,222,150,407,406,163,227,405,221,233,190,192,226,228,225,82,235,234,352,83,366,85,84,232,176,303,53,350,86,365,189,177,345,364,362,363,302,219,167,81,14,175,11,13,32,10,180,31,174,80,349,181,12,348,218,188,216,217,361,183,179,481,79,301,182,427,16,430,487,428,429,0,15,455,445,19,450,448,1,453,260,484,464,446,485,442,439,432,456,479,438,431,451,449,447,467,470,28,452,436,465,462,458,473,422,461,20,476,433,488,257,477,468,256,474,471,437,459,454,517,457,509,423,444,259,258,486,480,482,483,506,187,508,359,21,185,24,184,186,23,22,25,360,26,528,498,27,29,30,425,324,322,489,323,325,388,510,526,527,390,499,490,503,525,391,515,321,504,389,505,426,507,500,434,435,497,523,524,516,533,529,424,501,101,512,102,514,511,103,513,519,502,327,518,329,330,326,521,494,522,520,2,331,328,534,532,535,530,496,495,536,492,493,531,491,
402,369,403,404,309,69,241,311,250,254,305,310,308,306,253,304,255,247,252,246,251,410,243,242,248,249,240,245,466,478,244,463,368,90,475,295,419,469,472,307,312,460,417,293,298,297,376,286,421,409,375,281,287,239,300,292,290,299,443,420,338,198,373,214,211,415,418,339,209,203,416,269,157,202,210,204,398,205,201,200,207,208,291,289,288,206,98,212,213,387,50,334,88,385,372,384,383,280,414,178,262,263,393,395,52,49,337,93,272,441,48,146,171,164,332,47,165,392,381,294,386,45,382,41,285,44,284,51,397,396,380,379,378,147,278,46,283,282,394,270,296,145,36,38,224,37,35,39,40,66,279,43,162,42,399,156,400,94,9,230,3,333,77,78,100,440,172,265,199,197,107,161,317,264,261,266,336,58,129,160,126,229,7,236,112,155,340,237,238,95,128,119,154,223,159,8,122,158,273,127,116,140,193,91,118,4,168,169,6,142,104,120,123,135,132,138,133,137,136,97,358,106,124,111,108,139,141,113,131,117,92,313,341,318,61,411,105,319,54,274,99,342,315,408,314,344,60,148,62,320,96,316,267,268,356,351,18,153,134,57,114,413,412,121,130,231,125,115,110,5,56,191,72,271,67,65,87,355,277,89,76,68,374,377,370,17,71,346,74,275,276,371,367,55,73,152,357,109,335,75,59,196,343,194,195,63,220,215,33,70,166,347,64,173,170,34,143,401,354,144,149,151,353,222,150,406,407,163,227,405,192,221,233,226,228,190,225,82,235,234,352,83,85,366,84,53,176,232,303,86,350,177,365,189,345,364,363,302,167,362,219,175,81,14,11,13,32,10,80,31,180,174,349,181,348,12,188,216,217,218,361,183,481,179,301,79,182,427,16,430,487,428,429,0,15,455,445,450,19,448,1,260,453,446,484,464,442,485,432,439,479,456,438,451,431,449,447,467,470,28,452,436,462,465,458,473,422,461,20,476,433,488,257,477,459,468,256,474,471,437,454,517,457,509,259,423,444,258,480,486,482,483,506,187,508,359,21,185,24,186,184,22,23,25,360,26,528,498,27,30,425,29,322,324,489,388,325,323,510,526,527,490,525,390,499,503,391,515,321,504,389,505,426,507,500,434,435,497,523,533,524,529,516,424,101,501,512,103,102,514,513,511,519,502,329,330,518,327,326,521,520,494,522,331,328,2,496,534,536,532,495,492,493,535,530,491,531,
402,369,403,404,309,69,241,311,250,254,305,310,308,306,253,304,255,247,252,246,251,410,243,242,249,248,240,245,466,478,244,463,90,368,475,295,419,469,472,307,312,460,417,293,297,298,376,286,421,409,375,281,287,239,300,292,290,299,443,420,338,198,373,214,211,415,418,339,209,203,269,416,157,202,210,398,204,205,201,200,207,208,291,289,288,98,206,212,213,387,50,334,88,385,372,384,280,383,414,178,262,263,393,395,52,49,337,93,441,272,48,146,171,164,332,47,392,165,381,294,382,44,45,41,386,285,51,284,397,380,379,378,396,147,278,46,283,282,394,270,296,36,145,38,224,35,37,39,40,66,279,43,162,42,399,400,156,94,230,9,3,333,77,78,100,440,172,265,199,197,107,161,317,261,264,266,336,160,58,129,126,229,7,112,236,155,340,238,237,95,119,154,128,223,159,158,273,8,122,127,140,116,193,91,118,168,4,169,6,142,104,123,138,132,135,120,97,358,133,137,136,124,106,139,111,108,141,113,131,92,313,117,318,411,341,105,61,319,274,54,342,99,408,315,344,314,60,62,148,320,356,96,268,316,267,351,153,18,121,413,134,412,57,114,125,231,115,130,110,5,56,271,72,67,65,191,355,87,277,89,68,76,71,374,370,377,17,74,275,346,276,371,367,55,73,152,357,109,75,335,59,196,343,194,195,63,220,70,215,33,166,347,173,64,170,34,401,143,354,144,151,149,353,222,406,407,150,227,405,163,221,190,233,192,226,228,225,82,235,234,352,83,84,366,85,53,232,176,303,350,86,365,177,189,345,364,167,362,219,363,302,175,81,14,11,13,10,32,31,80,174,180,181,349,12,348,216,218,188,217,361,183,481,179,79,301,182,427,16,430,487,429,428,15,0,455,445,19,450,1,448,260,453,484,446,464,485,442,432,439,479,456,431,451,438,449,447,467,470,28,436,452,465,462,458,473,461,422,20,476,433,488,257,474,471,459,477,437,256,468,454,517,457,509,444,259,423,258,480,486,482,483,506,187,508,359,21,185,24,22,184,186,23,25,360,26,498,528,29,27,30,425,322,324,489,325,323,388,526,510,527,503,490,499,391,390,525,515,321,504,505,389,426,507,434,500,435,523,497,516,524,424,529,533,501,101,511,514,513,103,102,512,519,502,330,329,327,518,520,494,521,522,326,331,2,328,495,536,496,534,492,531,491,535,493,530,532,
402,369,403,404,309,69,241,311,250,254,305,308,310,306,253,304,255,247,252,246,251,410,243,242,248,249,240,245,466,478,244,463,368,475,90,295,419,469,472,307,312,460,417,293,298,297,376,286,421,409,375,281,287,239,300,292,290,299,443,420,338,198,373,214,211,418,415,339,209,203,269,416,157,210,202,398,204,205,201,200,208,207,291,289,288,206,98,212,213,387,50,334,88,385,372,384,383,280,414,178,263,262,393,395,52,49,337,93,272,441,146,48,171,164,332,47,392,165,381,294,41,45,44,386,382,285,397,284,51,379,396,380,378,147,278,46,283,282,270,394,296,145,36,38,224,37,35,39,279,66,40,43,162,42,399,400,156,94,230,9,3,333,77,78,100,440,172,265,199,197,161,107,317,261,264,266,336,58,129,160,126,229,7,155,236,112,340,238,237,95,119,154,128,223,159,158,8,273,122,127,116,140,193,91,118,4,168,169,6,142,138,123,132,120,135,104,97,358,137,133,136,124,106,139,111,108,141,131,113,92,117,313,411,61,341,318,105,319,274,54,99,342,315,408,314,344,62,60,148,320,267,356,96,316,268,18,351,153,413,121,57,412,114,134,130,115,125,231,5,56,110,271,65,72,191,67,355,277,87,89,68,76,71,17,374,370,377,346,74,275,371,276,367,55,152,73,357,109,75,335,59,196,343,194,195,63,220,33,215,70,347,166,173,64,170,143,34,401,354,144,149,151,222,353,407,406,150,227,163,405,190,221,226,192,228,233,82,225,234,235,352,366,85,84,83,53,303,232,176,86,350,365,177,189,364,345,302,219,363,362,167,81,175,14,11,10,13,32,80,31,174,180,349,181,348,12,218,216,188,217,361,183,481,179,301,79,182,427,16,430,487,429,428,15,0,455,445,19,450,448,1,453,260,446,484,464,442,485,439,432,479,456,451,438,431,447,449,470,467,28,452,436,462,465,458,473,461,422,20,433,488,476,257,474,468,477,471,459,256,437,454,517,457,509,259,423,444,258,482,480,486,483,506,187,508,359,21,185,184,23,22,186,24,25,360,26,498,528,425,29,30,27,322,489,324,323,325,388,526,510,527,490,503,390,499,525,391,515,321,505,504,389,507,426,434,500,435,523,497,516,524,529,424,533,101,501,512,102,511,514,103,513,519,502,327,330,329,518,520,326,522,521,494,328,2,331,531,491,534,535,536,496,492,495,493,530,532,
402,369,403,404,309,69,241,311,250,254,305,310,308,306,253,304,255,247,252,246,251,410,243,242,248,249,240,245,466,478,244,463,475,90,368,295,419,469,472,307,312,460,417,293,297,298,376,286,421,375,409,281,287,239,300,292,290,299,443,420,338,198,373,214,211,415,418,339,203,209,416,269,157,202,210,204,398,205,201,200,208,207,291,289,288,98,206,212,213,387,50,334,88,385,372,384,383,280,414,178,263,262,393,395,52,49,337,93,272,441,146,48,171,164,332,47,392,165,381,294,386,45,285,41,44,382,397,284,51,396,379,378,380,147,278,46,283,282,394,270,296,36,145,38,224,35,37,39,66,40,279,43,162,42,399,156,400,94,9,230,3,333,77,100,78,440,172,265,199,197,161,107,317,264,261,266,336,129,58,160,126,229,7,155,112,236,340,237,238,95,128,119,154,223,159,273,8,122,158,127,116,140,193,91,118,4,168,169,6,142,138,120,123,104,135,132,133,97,136,137,358,106,124,111,108,139,141,113,131,92,313,117,411,318,105,61,341,319,99,274,54,342,315,408,344,314,62,148,60,320,267,96,356,268,316,18,153,351,57,413,114,121,412,134,231,125,130,115,110,5,56,271,67,65,72,191,277,355,87,89,76,68,71,370,374,17,377,74,275,346,371,276,55,367,73,152,357,109,335,75,59,196,343,194,63,195,220,70,215,33,166,347,173,64,170,34,143,401,354,144,149,151,353,222,406,150,407,163,227,405,228,233,226,192,221,190,82,225,235,234,352,83,85,84,366,232,176,53,303,350,86,189,365,177,345,364,302,219,167,363,362,175,81,14,11,10,13,32,80,180,31,174,181,349,348,12,188,216,218,217,361,183,481,179,79,301,182,427,16,430,487,428,429,15,0,455,445,19,450,1,448,453,260,446,484,464,442,485,432,439,479,456,438,431,451,449,447,467,470,28,436,452,458,462,465,473,461,422,20,488,433,476,257,256,459,437,477,471,474,468,454,517,457,509,423,444,259,258,482,480,486,483,506,187,508,359,21,185,184,23,22,24,186,25,360,26,528,498,27,425,30,29,324,489,322,325,388,323,526,510,527,499,390,525,490,503,391,515,321,505,504,389,426,507,434,500,435,497,523,529,424,516,533,524,101,501,103,512,513,511,102,514,519,502,329,330,518,327,520,494,522,326,521,331,328,2,531,536,495,535,534,532,491,530,496,493,492,
402,369,403,404,309,69,241,311,250,254,305,308,310,306,253,304,255,247,252,246,251,410,243,242,248,249,240,245,466,478,244,463,90,368,475,295,419,469,472,307,312,460,417,293,298,297,376,286,421,375,409,281,287,239,300,292,290,299,443,420,338,198,373,214,211,415,418,339,209,203,269,416,157,202,210,398,204,205,201,200,208,207,291,289,288,98,206,212,213,387,50,334,88,385,372,384,280,383,414,178,262,263,393,395,52,49,337,93,272,441,48,146,171,164,332,47,392,165,381,294,41,386,382,285,45,44,51,284,397,380,379,378,396,147,278,46,283,282,394,270,296,36,145,38,224,35,37,39,66,279,40,43,162,42,399,400,156,94,9,230,3,333,77,100,78,440,172,265,199,197,161,107,317,261,264,266,336,160,58,129,126,229,7,236,112,155,340,237,238,95,128,119,154,223,159,158,273,8,122,127,116,193,140,91,118,4,168,6,169,142,123,135,120,138,104,132,136,137,358,133,97,106,124,139,111,108,141,131,113,117,92,313,105,61,411,318,341,319,274,99,342,54,408,315,314,344,60,62,148,320,267,356,316,268,96,351,153,18,114,134,413,57,121,412,130,115,125,231,110,56,5,65,191,72,67,271,355,277,87,89,68,76,17,377,374,71,370,275,346,74,276,371,55,367,152,73,357,109,335,75,59,196,343,194,195,63,220,215,70,33,166,347,173,64,170,143,401,34,354,144,151,149,222,353,406,150,407,163,405,227,192,226,190,221,233,228,82,225,234,235,352,84,85,366,83,303,176,232,53,86,350,365,189,177,345,364,219,363,167,302,362,175,81,14,11,32,13,10,31,180,174,80,181,349,12,348,188,217,218,216,361,183,179,481,79,301,182,427,16,430,487,429,428,15,0,455,445,450,19,448,1,260,453,484,464,446,442,485,432,439,456,479,438,451,431,447,449,467,470,28,436,452,462,465,458,473,422,461,20,433,476,488,257,471,437,459,256,468,477,474,454,517,457,509,259,423,444,258,480,486,482,483,506,187,508,359,21,185,24,22,184,186,23,25,360,26,528,498,29,30,425,27,324,322,489,323,325,388,510,526,527,503,390,499,391,490,525,515,321,504,505,389,426,507,434,500,435,523,497,424,533,516,529,524,501,101,512,511,103,514,513,102,519,502,518,327,329,330,522,326,521,520,494,328,331,2,496,535,493,492,531,534,532,495,536,530,491,
402,369,403,404,309,69,241,311,250,254,305,308,310,306,253,304,255,247,252,246,251,410,243,242,249,248,240,245,466,478,244,463,368,475,90,295,419,469,472,307,312,460,417,293,297,298,376,286,421,409,375,281,287,239,300,292,290,299,443,420,338,198,373,214,211,418,415,339,209,203,416,269,157,202,210,398,204,205,201,200,207,208,291,289,288,206,98,212,213,387,50,334,88,385,372,384,280,383,414,178,263,262,393,395,52,49,337,93,272,441,48,146,171,164,332,47,381,392,165,294,386,285,41,382,45,44,284,397,51,379,378,380,396,147,278,46,283,282,394,270,296,145,36,38,224,35,37,39,279,66,40,43,162,42,399,156,400,94,9,230,3,333,77,100,78,440,172,265,199,197,107,161,317,264,261,266,336,129,58,160,126,229,7,155,236,112,340,238,95,237,119,128,154,223,159,122,158,273,8,127,140,116,193,91,118,168,4,6,169,142,120,135,104,123,132,138,97,136,133,358,137,124,106,111,139,108,113,131,141,313,117,92,411,318,341,61,105,319,54,274,99,342,315,408,314,344,62,148,60,320,96,316,267,356,268,351,18,153,412,57,114,121,413,134,130,231,125,115,110,5,56,65,271,72,191,67,355,87,277,89,76,68,71,377,374,17,370,346,275,74,371,276,367,55,152,73,357,109,75,335,59,196,194,343,63,195,220,215,70,33,166,347,64,173,170,34,143,401,354,144,151,149,353,222,407,406,150,227,163,405,192,233,226,190,228,221,225,82,235,234,352,83,85,366,84,176,303,53,232,86,350,189,365,177,364,345,302,362,167,363,219,175,14,81,11,13,32,10,174,180,31,80,181,349,348,12,218,217,188,216,361,183,481,179,301,79,182,427,16,430,487,429,428,15,0,455,445,450,19,448,1,453,260,484,446,464,485,442,432,439,456,479,451,431,438,449,447,467,470,28,452,436,462,465,458,473,461,422,20,433,476,488,257,468,437,477,459,256,474,471,454,517,457,509,259,423,444,258,486,480,482,483,506,187,508,359,21,185,23,24,186,22,184,25,360,26,528,498,425,30,29,27,322,489,324,325,388,323,526,510,527,499,490,503,525,391,390,515,321,505,504,389,507,426,500,434,435,497,523,424,516,524,529,533,101,501,512,513,514,103,511,102,519,502,327,518,330,329,494,520,326,522,521,331,2,328,492,532,530,536,531,534,491,535,495,493,496,
402,369,403,404,309,69,241,311,250,254,305,310,308,306,253,304,255,247,252,246,251,410,243,242,249,248,240,245,466,478,244,463,90,475,368,295,419,469,472,307,312,460,417,293,298,297,376,286,421,375,409,281,287,239,300,292,290,299,443,420,338,198,373,214,211,418,415,339,209,203,416,269,157,202,210,398,204,205,201,200,208,207,291,289,288,206,98,212,213,50,387,334,88,385,372,384,280,383,414,178,262,263,393,395,52,49,337,93,441,272,146,48,171,164,332,47,392,165,381,294,285,41,44,382,386,45,51,397,284,378,379,396,380,147,278,46,283,282,394,270,296,36,145,38,224,37,35,39,66,279,40,43,162,42,399,156,400,94,9,230,3,333,77,78,100,440,172,265,199,197,107,161,317,264,261,266,336,160,58,129,126,229,7,236,155,112,340,237,238,95,119,154,128,223,159,158,273,8,122,127,193,116,140,91,118,4,168,6,169,142,135,123,132,120,104,138,358,137,136,133,97,124,106,108,111,139,113,131,141,117,92,313,411,341,61,318,105,319,54,342,99,274,315,408,314,344,148,60,62,320,356,96,316,267,268,153,18,351,57,412,134,114,413,121,115,125,130,231,56,5,110,72,67,65,191,271,277,355,87,89,76,68,17,374,71,377,370,74,275,346,276,371,55,367,73,152,357,109,75,335,59,196,194,343,63,195,220,215,70,33,347,166,173,64,170,34,143,401,354,144,149,151,222,353,407,406,150,405,227,163,221,190,192,228,233,226,82,225,235,234,352,366,83,85,84,176,232,53,303,86,350,177,365,189,345,364,167,302,219,363,362,81,14,175,11,32,10,13,174,80,180,31,181,349,12,348,218,216,188,217,361,183,481,179,79,301,182,427,16,430,487,428,429,0,15,455,445,450,19,448,1,453,260,464,484,446,485,442,439,432,479,456,451,431,438,449,447,467,470,28,452,436,462,458,465,473,461,422,20,476,488,433,257,474,468,477,471,256,459,437,454,517,457,509,423,444,259,258,482,480,486,483,506,187,508,359,21,185,186,22,23,184,24,25,360,26,498,528,425,27,29,30,322,324,489,388,323,325,510,526,527,525,503,490,499,390,391,515,321,389,505,504,426,507,500,434,435,497,523,524,529,424,516,533,101,501,512,513,102,103,514,511,519,502,329,518,327,330,520,522,326,521,494,2,328,331,492,530,535,531,495,536,491,532,496,493,534,
402,369,403,404,309,69,241,311,250,254,305,308,310,306,253,304,255,247,252,246,251,410,243,242,249,248,240,245,466,478,244,463,368,90,475,295,419,469,472,307,312,460,417,293,298,297,376,286,421,409,375,281,287,239,300,292,290,299,443,420,338,198,373,214,211,418,415,339,203,209,416,269,157,202,210,204,398,205,201,200,208,207,291,289,288,98,206,212,213,387,50,334,88,385,372,384,383,280,414,178,262,263,393,395,52,49,337,93,441,272,48,146,171,164,332,47,165,392,381,294,382,386,44,41,45,285,397,51,284,379,380,396,378,147,278,46,283,282,270,394,296,36,145,38,224,35,37,39,40,66,279,43,162,42,399,156,400,94,9,230,3,333,77,100,78,440,172,265,199,197,107,161,317,264,261,266,336,129,160,58,126,229,7,155,236,112,340,95,238,237,119,128,154,223,159,158,8,273,122,127,193,140,116,91,118,4,168,169,6,142,138,135,132,120,104,123,133,97,136,137,358,124,106,111,139,108,131,141,113,92,313,117,105,411,341,318,61,319,342,274,54,99,315,408,314,344,148,60,62,320,268,356,267,96,316,351,18,153,134,412,121,114,413,57,231,125,130,115,5,110,56,191,65,72,271,67,355,277,87,89,68,76,374,370,17,71,377,74,275,346,276,371,55,367,73,152,357,109,75,335,59,196,343,194,195,63,220,70,215,33,166,347,173,64,170,401,34,143,354,144,151,149,353,222,407,150,406,227,163,405,226,233,190,228,221,192,225,82,234,235,352,366,85,84,83,232,303,176,53,350,86,177,189,365,345,364,219,362,302,363,167,81,14,175,11,10,32,13,31,174,80,180,349,181,12,348,217,188,218,216,361,183,481,179,301,79,182,427,16,430,487,428,429,0,15,455,445,19,450,448,1,453,260,446,484,464,442,485,439,432,479,456,431,451,438,447,449,470,467,28,436,452,458,462,465,473,422,461,20,476,488,433,257,477,468,471,459,437,256,474,454,517,457,509,423,259,444,258,486,480,482,483,506,187,508,359,21,185,23,22,186,24,184,25,360,26,528,498,27,29,30,425,489,322,324,388,325,323,510,526,527,503,490,525,390,499,391,515,321,505,389,504,426,507,500,434,435,523,497,529,533,524,424,516,501,101,512,103,513,514,511,102,519,502,330,518,327,329,522,520,521,494,326,331,2,328,492,532,491,495,530,493,496,536,535,534,531,
402,369,403,404,309,69,241,311,250,254,305,310,308,306,253,304,255,247,252,246,251,410,243,242,248,249,240,245,466,478,244,463,475,368,90,295,419,469,472,307,312,460,417,293,298,297,376,286,421,409,375,281,287,239,300,292,290,299,443,420,338,198,373,214,211,418,415,339,203,209,269,416,157,210,202,398,204,205,201,200,208,207,291,289,288,206,98,212,213,50,387,334,88,385,372,384,280,383,414,178,263,262,393,395,52,49,337,93,441,272,146,48,171,164,332,47,165,381,392,294,285,382,41,44,386,45,51,284,397,380,396,379,378,147,278,46,283,282,270,394,296,36,145,38,224,37,35,39,40,66,279,43,162,42,399,156,400,94,9,230,3,333,77,78,100,440,172,265,199,197,107,161,317,261,264,266,336,58,129,160,126,229,7,155,112,236,340,237,238,95,128,154,119,223,159,273,122,8,158,127,140,116,193,91,118,4,168,169,6,142,135,138,104,123,120,132,97,358,133,137,136,124,106,111,108,139,113,141,131,92,117,313,341,411,61,318,105,319,342,99,274,54,408,315,314,344,148,60,62,320,268,316,356,267,96,153,18,351,57,412,134,121,114,413,115,130,125,231,56,110,5,191,271,72,67,65,87,355,277,89,76,68,71,374,377,17,370,346,74,275,276,371,367,55,152,73,357,109,75,335,59,196,194,343,63,195,220,70,215,33,347,166,64,173,170,401,143,34,354,144,151,149,353,222,406,407,150,163,227,405,228,226,192,221,190,233,82,225,235,234,352,85,83,366,84,303,53,176,232,86,350,177,189,365,364,345,302,219,167,362,363,14,175,81,11,10,32,13,80,31,174,180,349,181,12,348,188,218,217,216,361,183,481,179,301,79,182,427,16,430,487,429,428,15,0,455,445,450,19,448,1,453,260,464,484,446,485,442,439,432,456,479,431,438,451,447,449,470,467,28,452,436,462,465,458,473,422,461,20,433,476,488,257,477,437,459,474,256,468,471,454,517,457,509,259,423,444,258,482,486,480,483,506,187,508,359,21,185,23,22,24,184,186,25,360,26,528,498,30,425,27,29,324,322,489,323,388,325,510,526,527,525,490,503,499,390,391,515,321,504,389,505,426,507,434,500,435,497,523,424,533,524,516,529,101,501,514,511,103,512,102,513,519,502,330,329,327,518,521,326,520,494,522,331,328,2,493,535,496,530,492,534,531,532,536,491,495,
402,369,403,404,309,69,241,311,250,254,305,310,308,306,253,304,255,247,252,246,251,410,243,242,249,248,240,245,466,478,244,463,368,475,90,295,419,469,472,307,312,460,417,293,298,297,376,286,421,375,409,281,287,239,300,292,290,299,443,420,338,198,373,214,211,415,418,339,203,209,269,416,157,210,202,398,204,205,201,200,208,207,291,289,288,206,98,212,213,50,387,334,88,385,372,384,383,280,414,178,263,262,393,395,52,49,337,93,441,272,146,48,171,164,332,47,381,165,392,294,382,41,285,386,44,45,397,284,51,378,379,396,380,147,46,278,283,282,270,394,296,36,145,38,224,37,35,39,66,40,279,43,162,42,399,400,156,94,9,230,3,333,77,78,100,440,172,265,199,197,107,161,317,261,264,266,336,129,160,58,126,229,7,112,236,155,340,238,237,95,154,119,128,223,159,122,8,273,158,127,116,140,193,91,118,4,168,6,169,142,120,132,123,104,135,138,137,136,97,133,358,124,106,111,139,108,113,141,131,117,313,92,61,318,411,341,105,319,99,274,342,54,315,408,344,314,62,60,148,320,96,268,267,316,356,351,18,153,134,413,412,114,57,121,231,130,125,115,110,56,5,67,65,72,271,191,355,277,87,89,68,76,374,71,17,370,377,275,346,74,371,276,55,367,152,73,357,109,75,335,59,196,343,194,195,63,220,215,70,33,347,166,64,173,170,34,401,143,354,144,151,149,222,353,406,407,150,227,405,163,221,190,228,233,226,192,82,225,234,235,352,83,85,84,366,176,232,303,53,350,86,365,189,177,364,345,167,362,363,219,302,14,81,175,11,32,13,10,174,31,80,180,181,349,348,12,218,216,188,217,361,183,179,481,301,79,182,427,16,430,487,428,429,0,15,455,445,19,450,448,1,260,453,446,464,484,442,485,439,432,479,456,431,451,438,449,447,470,467,28,452,436,458,465,462,473,461,422,20,476,488,433,257,437,477,471,459,474,256,468,454,517,457,509,423,444,259,258,486,480,482,483,506,187,508,359,21,185,23,22,24,184,186,25,360,26,528,498,30,425,29,27,489,322,324,325,323,388,526,510,527,525,490,499,503,390,391,515,321,504,389,505,426,507,434,500,435,497,523,533,529,516,424,524,101,501,514,512,511,103,102,513,519,502,518,329,330,327,521,326,520,494,522,2,331,328,491,536,492,534,493,532,531,530,496,495,535,
402,369,403,404,309,69,241,311,250,254,305,308,310,306,253,304,255,247,252,246,251,410,243,242,248,249,240,245,466,478,244,463,368,90,475,295,419,469,472,307,312,460,417,293,298,297,376,286,421,375,409,281,287,239,300,292,290,299,443,420,338,198,373,214,211,415,418,339,209,203,416,269,157,210,202,204,398,205,201,200,208,207,291,289,288,98,206,212,213,387,50,334,88,385,372,384,383,280,414,178,263,262,393,395,52,49,337,93,272,441,48,146,171,164,332,47,381,392,165,294,382,44,41,386,45,285,284,397,51,396,379,378,380,147,278,46,283,282,394,270,296,36,145,38,224,37,35,39,66,279,40,43,162,42,399,156,400,94,9,230,3,333,77,78,100,440,172,265,199,197,107,161,317,264,261,266,336,58,129,160,126,229,7,236,112,155,340,237,95,238,154,119,128,223,159,273,158,122,8,127,116,193,140,91,118,168,4,6,169,142,123,120,135,138,104,132,136,97,358,137,133,124,106,108,139,111,141,131,113,117,92,313,411,61,318,341,105,319,342,274,54,99,315,408,344,314,62,60,148,320,267,268,356,96,316,351,18,153,134,121,413,412,114,57,125,130,231,115,110,56,5,67,271,191,65,72,277,87,355,89,68,76,370,71,377,374,17,74,275,346,276,371,55,367,152,73,357,109,75,335,59,196,343,194,63,195,220,215,33,70,347,166,173,64,170,143,34,401,354,144,149,151,353,222,150,406,407,405,163,227,233,190,226,192,228,221,225,82,234,235,352,83,84,366,85,53,232,303,176,86,350,365,189,177,345,364,362,167,302,219,363,14,175,81,11,13,32,10,180,174,80,31,349,181,12,348,217,216,218,188,361,183,481,179,79,301,182,427,16,430,487,428,429,15,0,455,445,450,19,448,1,453,260,464,446,484,485,442,439,432,479,456,431,451,438,449,447,470,467,28,452,436,458,465,462,473,461,422,20,476,433,488,257,437,468,471,477,474,256,459,454,517,457,509,259,444,423,258,480,482,486,483,506,187,508,359,21,185,24,22,184,186,23,25,360,26,498,528,27,29,30,425,324,322,489,388,323,325,526,510,527,503,390,499,490,391,525,515,321,389,505,504,426,507,434,500,435,523,497,424,529,533,524,516,101,501,512,103,513,511,102,514,519,502,518,327,330,329,494,522,520,326,521,2,328,331,534,492,531,536,532,535,530,493,491,496,495,
402,369,403,404,309,69,241,311,250,254,305,310,308,306,253,304,255,247,252,246,251,410,243,242,249,248,240,245,466,478,244,463,90,368,475,295,419,469,472,307,312,460,417,293,298,297,376,286,421,409,375,281,287,239,300,292,290,299,443,420,338,198,373,214,211,418,415,339,203,209,269,416,157,210,202,398,204,205,201,200,207,208,291,289,288,98,206,212,213,387,50,334,88,385,372,384,383,280,414,178,262,263,393,395,52,49,337,93,441,272,146,48,171,164,332,47,392,165,381,294,45,285,386,382,41,44,284,397,51,379,396,378,380,147,46,278,283,282,394,270,296,145,36,38,224,35,37,39,66,279,40,43,162,42,399,156,400,94,9,230,3,333,77,100,78,440,172,265,199,197,161,107,317,264,261,266,336,160,58,129,126,229,7,112,155,236,340,237,238,95,128,119,154,223,159,158,273,122,8,127,140,193,116,91,118,4,168,6,169,142,138,104,120,135,132,123,358,97,137,133,136,106,124,108,139,111,113,141,131,117,92,313,318,341,105,61,411,319,274,342,99,54,315,408,314,344,148,60,62,320,356,96,316,267,268,351,153,18,57,134,121,114,413,412,231,130,125,115,56,5,110,72,271,67,65,191,277,87,355,89,68,76,17,374,71,370,377,74,275,346,371,276,367,55,152,73,357,109,335,75,59,196,194,343,63,195,220,33,215,70,166,347,64,173,170,34,143,401,354,144,149,151,222,353,150,406,407,405,227,163,190,221,233,228,226,192,225,82,234,235,352,84,83,366,85,232,176,303,53,86,350,177,365,189,364,345,302,362,363,167,219,175,81,14,11,10,13,32,174,180,80,31,181,349,12,348,188,216,217,218,361,183,179,481,301,79,182,427,16,430,487,429,428,0,15,455,445,19,450,448,1,453,260,484,464,446,442,485,432,439,479,456,431,451,438,449,447,470,467,28,436,452,465,458,462,473,422,461,20,476,433,488,257,459,256,468,471,477,437,474,454,517,457,509,259,423,444,258,480,482,486,483,506,187,508,359,21,185,23,24,22,184,186,25,360,26,498,528,425,30,27,29,489,322,324,325,388,323,510,526,527,390,391,503,490,499,525,515,321,389,505,504,426,507,500,434,435,497,523,516,424,524,529,533,501,101,511,103,512,102,514,513,519,502,518,329,330,327,326,520,522,521,494,328,331,2,496,530,532,531,495,536,493,492,491,535,534,
402,369,403,404,309,69,241,311,250,254,305,310,308,306,253,304,255,247,252,246,251,410,243,242,249,248,240,245,466,478,244,463,368,475,90,295,419,469,472,307,312,460,417,293,298,297,376,286,421,375,409,281,287,239,300,292,290,299,443,420,338,198,373,214,211,418,415,339,203,209,416,269,157,210,202,398,204,205,201,200,207,208,291,289,288,206,98,212,213,387,50,334,88,385,372,384,383,280,414,178,262,263,393,395,52,49,337,93,441,272,146,48,171,164,332,47,392,381,165,294,285,386,44,41,382,45,51,397,284,380,396,379,378,147,278,46,283,282,394,270,296,36,145,38,224,37,35,39,279,40,66,43,162,42,399,156,400,94,9,230,3,333,77,78,100,440,172,265,199,197,107,161,317,264,261,266,336,58,129,160,126,229,7,236,155,112,340,238,95,237,154,128,119,223,159,273,158,8,122,127,140,116,193,91,118,168,4,169,6,142,104,138,135,123,132,120,358,97,133,136,137,106,124,111,139,108,113,131,141,313,92,117,318,411,341,105,61,319,274,342,54,99,315,408,314,344,60,62,148,320,96,268,356,267,316,351,153,18,57,134,121,412,114,413,115,125,130,231,56,110,5,67,271,65,191,72,87,355,277,89,68,76,71,17,374,377,370,74,275,346,371,276,55,367,73,152,357,109,335,75,59,196,343,194,63,195,220,33,70,215,347,166,173,64,170,34,401,143,354,144,149,151,353,222,406,407,150,227,163,405,226,192,190,233,228,221,225,82,234,235,352,366,85,84,83,232,176,303,53,86,350,365,177,189,345,364,219,167,363,362,302,81,14,175,11,13,10,32,31,174,80,180,181,349,348,12,218,188,216,217,361,183,179,481,301,79,182,427,16,430,487,429,428,15,0,455,445,19,450,448,1,260,453,446,464,484,442,485,432,439,479,456,438,431,451,449,447,467,470,28,436,452,462,458,465,473,422,461,20,488,476,433,257,468,459,474,477,471,437,256,454,517,457,509,259,423,444,258,482,486,480,483,506,187,508,359,21,185,186,22,24,184,23,25,360,26,528,498,30,425,29,27,322,324,489,323,325,388,526,510,527,390,499,391,490,525,503,515,321,504,505,389,426,507,434,500,435,497,523,524,529,424,516,533,101,501,512,514,102,513,103,511,519,502,327,329,518,330,522,520,521,326,494,328,331,2,495,535,531,491,536,496,493,532,534,530,492,
402,369,403,404,309,69,241,311,250,254,305,308,310,306,253,304,255,247,252,246,251,410,243,242,249,248,240,245,466,478,244,463,90,368,475,295,419,469,472,307,312,460,417,293,298,297,376,286,421,375,409,281,287,239,300,292,290,299,443,420,338,198,373,214,211,418,415,339,209,203,269,416,157,210,202,398,204,205,201,200,207,208,291,289,288,98,206,212,213,50,387,334,88,385,372,384,383,280,414,178,262,263,393,395,52,49,337,93,272,441,48,146,171,164,332,47,165,381,392,294,382,45,41,44,386,285,51,284,397,380,379,396,378,147,46,278,283,282,270,394,296,145,36,38,224,37,35,39,279,40,66,43,162,42,399,156,400,94,9,230,3,333,77,78,100,440,172,265,199,197,161,107,317,264,261,266,336,129,58,160,126,229,7,112,236,155,340,237,238,95,119,128,154,223,159,122,158,8,273,127,140,193,116,91,118,168,4,6,169,142,135,123,104,120,132,138,137,133,97,358,136,124,106,139,111,108,141,113,131,313,92,117,411,105,341,61,318,319,54,342,99,274,315,408,314,344,148,62,60,320,96,267,316,268,356,351,153,18,413,57,114,412,134,121,125,130,115,231,56,110,5,191,67,72,65,271,277,355,87,89,68,76,370,17,71,377,374,275,74,346,276,371,367,55,152,73,357,109,75,335,59,196,194,343,195,63,220,33,215,70,166,347,64,173,170,143,34,401,354,144,151,149,353,222,150,406,407,163,227,405,192,226,228,233,221,190,225,82,234,235,352,83,84,85,366,176,53,232,303,350,86,365,189,177,345,364,219,362,302,363,167,81,175,14,11,32,10,13,80,174,180,31,181,349,348,12,218,188,216,217,361,183,179,481,301,79,182,427,16,430,487,429,428,0,15,455,445,19,450,1,448,260,453,446,464,484,442,485,432,439,479,456,431,438,451,447,449,470,467,28,452,436,458,462,465,473,461,422,20,476,433,488,257,256,437,468,459,471,474,477,454,517,457,509,444,259,423,258,480,482,486,483,506,187,508,359,21,185,186,22,24,23,184,25,360,26,528,498,30,29,425,27,489,324,322,388,323,325,510,526,527,525,499,490,391,390,503,515,321,505,504,389,426,507,500,434,435,497,523,424,524,533,516,529,501,101,103,512,513,102,514,511,519,502,518,327,329,330,521,494,326,520,522,331,2,328,531,496,535,493,530,491,532,492,536,534,495,
402,369,403,404,309,69,241,311,250,254,305,310,308,306,253,304,255,247,252,246,251,410,243,242,249,248,240,245,466,478,244,463,475,368,90,295,419,469,472,307,312,460,417,293,297,298,376,286,421,409,375,281,287,239,300,292,290,299,443,420,338,198,373,214,211,418,415,339,209,203,416,269,157,202,210,398,204,205,201,200,208,207,291,289,288,98,206,212,213,387,50,334,88,385,372,384,383,280,414,178,263,262,393,395,52,49,337,93,272,441,146,48,171,164,332,47,165,381,392,294,382,386,41,285,44,45,284,397,51,396,378,379,380,147,278,46,283,282,394,270,296,145,36,38,224,37,35,39,40,279,66,43,162,42,399,156,400,94,230,9,3,333,77,78,100,440,172,265,199,197,107,161,317,261,264,266,336,129,160,58,126,229,7,155,112,236,340,238,237,95,154,128,119,223,159,122,158,8,273,127,193,140,116,91,118,168,4,6,169,142,123,135,120,132,104,138,136,133,97,358,137,124,106,111,139,108,113,131,141,313,92,117,341,411,318,105,61,319,274,99,54,342,315,408,314,344,148,60,62,320,267,268,96,316,356,351,153,18,134,57,413,121,114,412,125,231,130,115,110,5,56,67,191,72,271,65,87,355,277,89,76,68,71,17,370,377,374,74,275,346,276,371,367,55,152,73,357,109,335,75,59,196,194,343,63,195,220,70,215,33,347,166,64,173,170,143,401,34,354,144,151,149,353,222,150,407,406,227,163,405,226,190,228,192,233,221,82,225,235,234,352,366,85,83,84,303,176,53,232,86,350,177,189,365,364,345,219,302,362,167,363,81,14,175,11,13,10,32,174,31,80,180,181,349,348,12,216,217,188,218,361,183,481,179,79,301,182,427,16,430,487,429,428,0,15,455,445,450,19,1,448,260,453,464,446,484,442,485,439,432,456,479,431,438,451,447,449,467,470,28,452,436,462,465,458,473,422,461,20,433,476,488,257,468,471,477,437,459,256,474,454,517,457,509,259,423,444,258,486,482,480,483,506,187,508,359,21,185,186,23,22,24,184,25,360,26,528,498,27,29,30,425,489,324,322,323,388,325,526,510,527,390,490,525,503,391,499,515,321,389,505,504,507,426,434,500,435,497,523,516,424,524,533,529,501,101,511,103,102,513,512,514,519,502,330,329,518,327,494,521,520,326,522,328,331,2,491,531,532,493,536,496,534,530,492,535,495,
402,369,403,404,309,69,241,311,250,254,305,310,308,306,253,304,255,247,252,246,251,410,243,242,249,248,240,245,466,478,244,463,90,475,368,295,419,469,472,307,312,460,417,293,297,298,376,286,421,409,375,281,287,239,300,292,290,299,443,420,338,198,373,214,211,418,415,339,209,203,269,416,157,210,202,398,204,205,201,200,207,208,291,289,288,98,206,212,213,387,50,334,88,385,372,384,383,280,414,178,263,262,393,395,52,49,337,93,441,272,48,146,171,164,332,47,381,392,165,294,285,382,41,45,386,44,397,51,284,378,396,379,380,147,278,46,283,282,394,270,296,145,36,38,224,35,37,39,66,279,40,43,162,42,399,156,400,94,230,9,3,333,77,78,100,440,172,265,199,197,107,161,317,261,264,266,336,58,129,160,126,229,7,155,236,112,340,237,95,238,119,154,128,223,159,273,122,158,8,127,193,140,116,91,118,4,168,169,6,142,138,135,104,132,123,120,133,137,358,136,97,106,124,111,139,108,131,141,113,313,92,117,105,341,61,411,318,319,54,342,274,99,408,315,314,344,60,62,148,320,268,316,356,267,96,351,153,18,114,134,413,412,57,121,231,130,115,125,56,110,5,72,191,65,271,67,355,87,277,89,76,68,374,370,71,17,377,346,74,275,371,276,55,367,73,152,357,109,75,335,59,196,343,194,63,195,220,70,215,33,166,347,64,173,170,34,143,401,354,144,149,151,353,222,407,406,150,163,405,227,233,226,228,192,221,190,225,82,235,234,352,84,83,366,85,303,232,176,53,86,350,365,177,189,364,345,219,167,302,363,362,14,175,81,11,13,10,32,180,80,174,31,181,349,348,12,218,216,188,217,361,183,481,179,79,301,182,427,16,430,487,428,429,15,0,455,445,19,450,448,1,453,260,484,464,446,442,485,432,439,456,479,431,438,451,449,447,467,470,28,436,452,462,465,458,473,422,461,20,488,433,476,257,468,474,471,459,437,477,256,454,517,457,509,423,444,259,258,486,482,480,483,506,187,508,359,21,185,24,184,22,186,23,25,360,26,498,528,27,29,30,425,489,324,322,323,388,325,510,526,527,525,391,490,390,503,499,515,321,505,389,504,507,426,434,500,435,497,523,516,524,529,533,424,501,101,102,511,512,514,103,513,519,502,329,518,330,327,326,494,521,522,520,328,2,331,532,531,493,496,536,492,491,530,495,534,535,
402,369,403,404,309,69,241,311,250,254,305,310,308,306,253,304,255,247,252,246,251,410,243,242,248,249,240,245,466,478,244,463,368,475,90,295,419,469,472,307,312,460,417,293,298,297,376,286,421,375,409,281,287,239,300,292,290,299,443,420,338,198,373,214,211,418,415,339,203,209,269,416,157,202,210,398,204,205,201,200,207,208,291,289,288,206,98,212,213,50,387,334,88,385,372,384,280,383,414,178,262,263,393,395,52,49,337,93,272,441,146,48,171,164,332,47,392,165,381,294,285,41,45,382,386,44,284,51,397,396,378,379,380,147,46,278,283,282,270,394,296,145,36,38,224,35,37,39,279,40,66,43,162,42,399,156,400,94,9,230,3,333,77,100,78,440,172,265,199,197,107,161,317,264,261,266,336,129,160,58,126,229,7,112,236,155,340,95,238,237,154,128,119,223,159,158,273,122,8,127,116,193,140,91,118,4,168,6,169,142,138,104,135,123,120,132,137,136,358,133,97,106,124,139,111,108,113,141,131,92,117,313,341,411,61,105,318,319,274,54,99,342,408,315,314,344,148,60,62,320,316,268,96,267,356,153,18,351,57,134,121,114,413,412,231,115,125,130,110,5,56,65,191,72,271,67,87,277,355,89,68,76,377,370,374,71,17,74,346,275,371,276,367,55,73,152,357,109,75,335,59,196,194,343,63,195,220,33,70,215,347,166,64,173,170,34,143,401,354,144,151,149,353,222,406,407,150,227,405,163,221,192,226,190,228,233,225,82,235,234,352,366,83,85,84,53,176,232,303,350,86,189,177,365,364,345,219,363,167,362,302,175,14,81,11,13,10,32,31,80,180,174,181,349,12,348,188,218,217,216,361,183,179,481,79,301,182,427,16,430,487,429,428,15,0,455,445,450,19,448,1,453,260,484,464,446,442,485,432,439,479,456,438,451,431,447,449,467,470,28,436,452,462,465,458,473,422,461,20,488,476,433,257,471,477,459,468,437,474,256,454,517,457,509,423,259,444,258,486,482,480,483,506,187,508,359,21,185,23,186,184,24,22,25,360,26,528,498,27,29,425,30,324,489,322,323,388,325,510,526,527,391,525,490,390,499,503,515,321,389,505,504,426,507,434,500,435,497,523,424,524,516,533,529,101,501,102,512,514,103,513,511,519,502,518,327,329,330,520,522,494,521,326,328,331,2,530,536,495,492,491,534,496,535,493,531,532,
402,369,403,404,309,69,241,311,250,254,305,308,310,306,253,304,255,247,252,246,251,410,243,242,248,249,240,245,466,478,244,463,475,90,368,295,419,469,472,307,312,460,417,293,297,298,376,286,421,375,409,281,287,239,300,292,290,299,443,420,338,198,373,214,211,415,418,339,209,203,416,269,157,202,210,398,204,205,201,200,208,207,291,289,288,206,98,212,213,387,50,334,88,385,372,384,280,383,414,178,262,263,393,395,52,49,337,93,441,272,146,48,171,164,332,47,381,392,165,294,41,45,44,285,386,382,397,51,284,396,378,380,379,147,46,278,283,282,394,270,296,36,145,38,224,35,37,39,40,279,66,43,162,42,399,156,400,94,9,230,3,333,77,100,78,440,172,265,199,197,161,107,317,264,261,266,336,129,58,160,126,229,7,155,236,112,340,238,237,95,119,154,128,223,159,158,273,122,8,127,140,116,193,91,118,4,168,6,169,142,132,123,135,120,138,104,358,136,137,97,133,106,124,139,108,111,131,113,141,117,92,313,61,318,341,105,411,319,342,99,274,54,408,315,314,344,62,60,148,320,316,268,267,96,356,18,351,153,134,121,413,412,114,57,130,115,231,125,5,56,110,271,72,67,65,191,277,355,87,89,76,68,71,374,17,370,377,74,275,346,276,371,55,367,73,152,357,109,335,75,59,196,194,343,63,195,220,33,70,215,347,166,64,173,170,143,401,34,354,144,151,149,353,222,150,406,407,405,163,227,233,228,221,192,190,226,225,82,234,235,352,366,84,83,85,176,303,53,232,86,350,189,365,177,364,345,302,362,363,219,167,81,175,14,11,10,32,13,180,31,80,174,349,181,348,12,188,216,217,218,361,183,481,179,79,301,182,427,16,430,487,428,429,0,15,455,445,19,450,448,1,260,453,484,464,446,442,485,432,439,456,479,451,431,438,449,447,470,467,28,452,436,462,458,465,473,461,422,20,433,488,476,257,459,256,468,471,474,477,437,454,517,457,509,423,444,259,258,486,482,480,483,506,187,508,359,21,185,186,24,23,184,22,25,360,26,528,498,30,29,425,27,324,322,489,388,323,325,526,510,527,503,499,490,390,525,391,515,321,504,389,505,426,507,500,434,435,523,497,424,516,524,529,533,501,101,102,512,513,511,103,514,519,502,518,330,329,327,520,521,522,326,494,328,2,331,531,496,493,536,492,491,534,532,495,535,530,
402,369,403,404,309,69,241,311,250,254,305,310,308,306,253,304,255,247,252,246,251,410,243,242,248,249,240,245,466,478,244,463,90,368,475,295,419,469,472,307,312,460,417,293,297,298,376,286,421,375,409,281,287,239,300,292,290,299,443,420,338,198,373,214,211,415,418,339,209,203,416,269,157,202,210,398,204,205,201,200,208,207,291,289,288,206,98,212,213,50,387,334,88,385,372,384,383,280,414,178,263,262,393,395,52,49,337,93,272,441,48,146,171,164,332,47,165,381,392,294,382,44,285,386,45,41,284,51,397,378,396,379,380,147,278,46,283,282,270,394,296,145,36,38,224,37,35,39,66,40,279,43,162,42,399,156,400,94,230,9,3,333,77,78,100,440,172,265,199,197,107,161,317,264,261,266,336,58,160,129,126,229,7,155,236,112,340,237,95,238,128,119,154,223,159,122,273,158,8,127,193,116,140,91,118,168,4,169,6,142,123,120,104,132,135,138,133,137,358,97,136,124,106,111,108,139,141,113,131,92,117,313,105,61,411,318,341,319,274,54,342,99,315,408,314,344,62,60,148,320,267,356,96,316,268,153,18,351,413,134,412,114,57,121,130,231,125,115,110,5,56,65,67,191,271,72,277,355,87,89,76,68,17,370,374,377,71,346,275,74,276,371,367,55,152,73,357,109,335,75,59,196,343,194,63,195,220,70,215,33,347,166,173,64,170,143,34,401,354,144,149,151,222,353,150,407,406,163,227,405,226,221,228,233,190,192,225,82,234,235,352,85,84,366,83,232,53,303,176,86,350,189,177,365,364,345,167,219,302,362,363,14,81,175,11,13,10,32,180,31,80,174,181,349,12,348,188,218,216,217,361,183,481,179,79,301,182,427,16,430,487,429,428,15,0,455,445,19,450,1,448,260,453,464,484,446,442,485,439,432,479,456,438,451,431,447,449,470,467,28,436,452,458,462,465,473,422,461,20,488,476,433,257,437,474,459,256,468,471,477,454,517,457,509,423,259,444,258,480,482,486,483,506,187,508,359,21,185,184,22,23,24,186,25,360,26,528,498,29,425,27,30,324,322,489,388,325,323,510,526,527,390,391,503,525,490,499,515,321,505,504,389,507,426,500,434,435,497,523,424,529,533,524,516,101,501,102,103,513,511,512,514,519,502,330,327,518,329,522,521,494,326,520,328,2,331,491,534,496,493,531,532,530,536,535,492,495,
402,369,403,404,309,69,241,311,250,254,305,308,310,306,253,304,255,247,252,246,251,410,243,242,248,249,240,245,466,478,244,463,90,368,475,295,419,469,472,307,312,460,417,293,297,298,376,286,421,409,375,281,287,239,300,292,290,299,443,420,338,198,373,214,211,418,415,339,203,209,416,269,157,210,202,204,398,205,201,200,208,207,291,289,288,98,206,212,213,50,387,334,88,385,372,384,280,383,414,178,263,262,393,395,52,49,337,93,441,272,146,48,171,164,332,47,392,165,381,294,44,382,45,386,41,285,397,51,284,380,396,379,378,147,46,278,283,282,270,394,296,36,145,38,224,37,35,39,279,40,66,43,162,42,399,400,156,94,9,230,3,333,77,78,100,440,172,265,199,197,161,107,317,264,261,266,336,160,58,129,126,229,7,112,236,155,340,237,95,238,119,154,128,223,159,122,158,8,273,127,116,193,140,91,118,168,4,6,169,142,132,123,120,104,135,138,137,133,97,358,136,124,106,108,111,139,131,141,113,117,313,92,61,341,105,318,411,319,54,342,99,274,315,408,314,344,148,62,60,320,267,356,268,96,316,351,153,18,114,121,134,57,413,412,130,115,125,231,5,110,56,72,191,65,271,67,355,87,277,89,68,76,370,374,17,377,71,275,346,74,276,371,55,367,152,73,357,109,335,75,59,196,194,343,63,195,220,215,33,70,347,166,173,64,170,401,143,34,354,144,149,151,222,353,407,406,150,163,227,405,192,221,228,190,226,233,225,82,235,234,352,83,366,85,84,232,176,303,53,350,86,365,177,189,345,364,362,363,167,302,219,175,81,14,11,32,13,10,80,180,31,174,349,181,12,348,218,217,216,188,361,183,179,481,301,79,182,427,16,430,487,428,429,15,0,455,445,450,19,448,1,260,453,464,446,484,442,485,439,432,456,479,438,431,451,447,449,467,470,28,436,452,465,458,462,473,422,461,20,433,476,488,257,477,471,474,437,459,468,256,454,517,457,509,444,423,259,258,480,486,482,483,506,187,508,359,21,185,186,24,22,23,184,25,360,26,528,498,425,30,29,27,324,489,322,325,388,323,526,510,527,499,503,391,390,490,525,515,321,389,505,504,426,507,434,500,435,497,523,524,533,516,424,529,501,101,513,514,103,102,512,511,519,502,518,329,327,330,494,521,326,522,520,2,328,331,534,496,492,493,495,536,532,491,531,530,535,
402,369,403,404,309,69,241,311,250,254,305,310,308,306,253,304,255,247,252,246,251,410,243,242,248,249,240,245,466,478,244,463,475,368,90,295,419,469,472,307,312,460,417,293,297,298,376,286,421,375,409,281,287,239,300,292,290,299,443,420,338,198,373,214,211,418,415,339,203,209,269,416,157,210,202,204,398,205,201,200,207,208,291,289,288,98,206,212,213,387,50,334,88,385,372,384,383,280,414,178,262,263,393,395,52,49,337,93,441,272,146,48,171,164,332,47,381,392,165,294,382,41,44,45,386,285,51,397,284,378,396,380,379,147,278,46,283,282,270,394,296,36,145,38,224,35,37,39,279,40,66,43,162,42,399,156,400,94,230,9,3,333,77,100,78,440,172,265,199,197,107,161,317,264,261,266,336,129,58,160,126,229,7,112,155,236,340,238,95,237,154,128,119,223,159,158,273,8,122,127,116,140,193,91,118,168,4,169,6,142,123,132,104,138,120,135,358,133,97,137,136,124,106,139,111,108,141,113,131,92,313,117,318,105,61,411,341,319,99,54,274,342,315,408,344,314,148,62,60,320,267,96,356,268,316,351,153,18,412,114,134,121,57,413,130,125,115,231,110,5,56,67,72,65,191,271,87,277,355,89,76,68,71,370,377,17,374,74,346,275,276,371,55,367,73,152,357,109,75,335,59,196,194,343,195,63,220,33,70,215,347,166,173,64,170,401,143,34,354,144,151,149,222,353,407,150,406,405,227,163,233,221,190,226,228,192,82,225,235,234,352,84,85,366,83,53,176,232,303,86,350,177,189,365,364,345,362,167,302,219,363,81,14,175,11,13,10,32,174,31,180,80,181,349,12,348,217,216,218,188,361,183,179,481,79,301,182,427,16,430,487,428,429,15,0,455,445,450,19,448,1,453,260,464,446,484,442,485,439,432,479,456,431,438,451,447,449,467,470,28,452,436,462,458,465,473,422,461,20,488,433,476,257,459,468,471,256,477,474,437,454,517,457,509,423,444,259,258,486,482,480,483,506,187,508,359,21,185,184,23,24,186,22,25,360,26,528,498,27,29,30,425,322,324,489,325,323,388,526,510,527,490,525,391,390,499,503,515,321,505,504,389,507,426,500,434,435,497,523,533,529,424,516,524,101,501,102,512,513,514,103,511,519,502,518,330,329,327,520,494,521,326,522,331,2,328,496,495,532,492,536,530,531,534,491,535,493,
402,369,403,404,309,69,241,311,250,254,305,310,308,306,253,304,255,247,252,246,251,410,243,242,249,248,240,245,466,478,244,463,90,475,368,295,419,469,472,307,312,460,417,293,298,297,376,286,421,375,409,281,287,239,300,292,290,299,443,420,338,198,373,214,211,415,418,339,209,203,269,416,157,202,210,204,398,205,201,200,208,207,291,289,288,98,206,212,213,50,387,334,88,385,372,384,383,280,414,178,262,263,393,395,52,49,337,93,272,441,146,48,171,164,332,47,392,165,381,294,386,44,41,285,45,382,397,51,284,379,380,378,396,147,46,278,283,282,394,270,296,145,36,38,224,35,37,39,66,279,40,43,162,42,399,400,156,94,230,9,3,333,77,100,78,440,172,265,199,197,107,161,317,261,264,266,336,129,58,160,126,229,7,236,155,112,340,237,95,238,119,154,128,223,159,273,122,8,158,127,116,193,140,91,118,4,168,169,6,142,104,123,132,138,120,135,136,137,358,133,97,124,106,111,139,108,141,131,113,92,313,117,105,318,411,61,341,319,99,54,342,274,315,408,314,344,148,60,62,320,268,267,96,356,316,153,18,351,134,114,412,121,413,57,130,115,125,231,5,110,56,271,191,67,72,65,355,87,277,89,68,76,71,374,370,377,17,275,74,346,371,276,55,367,73,152,357,109,75,335,59,196,194,343,63,195,220,215,70,33,166,347,173,64,170,401,34,143,354,144,149,151,222,353,150,406,407,163,227,405,233,221,226,228,190,192,82,225,234,235,352,83,85,84,366,53,232,176,303,86,350,365,189,177,364,345,302,362,219,167,363,175,14,81,11,13,10,32,180,80,31,174,181,349,348,12,188,218,216,217,361,183,481,179,301,79,182,427,16,430,487,429,428,15,0,455,445,19,450,1,448,260,453,484,446,464,442,485,439,432,456,479,438,451,431,447,449,467,470,28,452,436,458,462,465,473,461,422,20,433,476,488,257,459,437,477,471,468,474,256,454,517,457,509,423,444,259,258,480,486,482,483,506,187,508,359,21,185,23,24,184,186,22,25,360,26,528,498,29,27,425,30,324,322,489,323,325,388,510,526,527,499,391,390,503,525,490,515,321,389,505,504,426,507,500,434,435,497,523,424,516,529,533,524,101,501,513,102,514,103,512,511,519,502,518,327,330,329,520,494,522,521,326,331,328,2,492,536,535,495,496,530,532,534,493,491,531,
402,369,403,404,309,69,241,311,250,254,305,308,310,306,253,304,255,247,252,246,251,410,243,242,249,248,240,245,466,478,244,463,368,90,475,295,419,469,472,307,312,460,417,293,298,297,376,286,421,375,409,281,287,239,300,292,290,299,443,420,338,198,373,214,211,418,415,339,203,209,416,269,157,210,202,398,204,205,201,200,208,207,291,289,288,98,206,212,213,50,387,334,88,385,372,384,383,280,414,178,262,263,393,395,52,49,337,93,272,441,146,48,171,164,332,47,381,392,165,294,285,41,45,44,382,386,397,284,51,379,380,396,378,147,278,46,283,282,270,394,296,36,145,38,224,35,37,39,66,40,279,43,162,42,399,400,156,94,9,230,3,333,77,100,78,440,172,265,199,197,161,107,317,264,261,266,336,160,58,129,126,229,7,236,112,155,340,237,95,238,128,154,119,223,159,158,122,273,8,127,193,140,116,91,118,4,168,6,169,142,138,132,123,135,104,120,136,358,133,97,137,124,106,108,111,139,141,131,113,313,117,92,411,105,318,341,61,319,99,342,274,54,408,315,344,314,60,148,62,320,316,356,96,267,268,153,18,351,134,413,412,114,121,57,125,115,130,231,5,56,110,65,72,191,271,67,87,355,277,89,76,68,71,374,377,17,370,74,275,346,276,371,367,55,152,73,357,109,335,75,59,196,194,343,63,195,220,215,33,70,347,166,64,173,170,34,143,401,354,144,149,151,353,222,407,150,406,163,405,227,228,192,221,233,226,190,225,82,235,234,352,85,366,83,84,176,303,53,232,350,86,365,177,189,364,345,362,363,302,219,167,14,175,81,11,32,13,10,31,80,174,180,181,349,12,348,216,188,218,217,361,183,179,481,79,301,182,427,16,430,487,429,428,15,0,455,445,19,450,1,448,260,453,484,464,446,442,485,439,432,456,479,438,451,431,449,447,467,470,28,436,452,458,465,462,473,422,461,20,476,488,433,257,471,468,477,256,437,474,459,454,517,457,509,423,259,444,258,486,480,482,483,506,187,508,359,21,185,24,186,23,22,184,25,360,26,528,498,425,27,30,29,322,324,489,388,323,325,526,510,527,391,499,390,490,525,503,515,321,505,504,389,507,426,434,500,435,523,497,524,516,424,529,533,101,501,102,511,513,514,512,103,519,502,327,330,518,329,326,494,520,522,521,2,328,331,531,493,530,496,534,491,536,495,492,532,535,
402,369,403,404,309,69,241,311,250,254,305,310,308,306,253,304,255,247,252,246,251,410,243,242,249,248,240,245,466,478,244,463,475,368,90,295,419,469,472,307,312,460,417,293,297,298,376,286,421,409,375,281,287,239,300,292,290,299,443,420,338,198,373,214,211,415,418,339,203,209,269,416,157,210,202,398,204,205,201,200,208,207,291,289,288,206,98,212,213,50,387,334,88,385,372,384,383,280,414,178,262,263,393,395,52,49,337,93,441,272,146,48,171,164,332,47,165,381,392,294,285,382,44,386,45,41,397,51,284,378,379,396,380,147,46,278,283,282,394,270,296,145,36,38,224,37,35,39,40,66,279,43,162,42,399,156,400,94,9,230,3,333,77,100,78,440,172,265,199,197,107,161,317,264,261,266,336,129,160,58,126,229,7,155,112,236,340,238,95,237,128,154,119,223,159,273,122,158,8,127,193,140,116,91,118,168,4,169,6,142,132,120,104,123,135,138,137,358,133,97,136,106,124,111,139,108,131,141,113,92,313,117,61,105,341,411,318,319,99,342,274,54,408,315,314,344,60,148,62,320,268,356,316,267,96,351,153,18,121,114,57,134,412,413,125,231,115,130,110,56,5,271,191,72,65,67,87,277,355,89,76,68,374,17,377,370,71,275,74,346,276,371,55,367,73,152,357,109,335,75,59,196,343,194,195,63,220,33,215,70,166,347,64,173,170,401,34,143,354,144,149,151,222,353,407,150,406,163,405,227,221,228,192,190,226,233,225,82,235,234,352,83,366,84,85,303,176,232,53,350,86,365,177,189,364,345,362,363,302,219,167,14,81,175,11,32,10,13,180,31,174,80,349,181,348,12,188,217,216,218,361,183,481,179,301,79,182,427,16,430,487,428,429,15,0,455,445,19,450,1,448,260,453,446,464,484,485,442,432,439,479,456,451,438,431,449,447,470,467,28,452,436,462,458,465,473,422,461,20,433,488,476,257,256,477,471,459,437,474,468,454,517,457,509,423,259,444,258,486,480,482,483,506,187,508,359,21,185,186,23,184,22,24,25,360,26,498,528,425,30,29,27,489,324,322,323,388,325,510,526,527,390,525,490,499,503,391,515,321,505,389,504,426,507,500,434,435,497,523,533,424,529,524,516,501,101,514,513,512,102,103,511,519,502,518,330,327,329,522,494,521,326,520,328,331,2,492,493,530,532,491,531,495,536,496,534,535,
402,369,403,404,309,69,241,311,250,254,305,310,308,306,253,304,255,247,252,246,251,410,243,242,248,249,240,245,466,478,244,463,368,475,90,295,419,469,472,307,312,460,417,293,298,297,376,286,421,409,375,281,287,239,300,292,290,299,443,420,338,198,373,214,211,418,415,339,203,209,416,269,157,210,202,204,398,205,201,200,207,208,291,289,288,98,206,212,213,50,387,334,88,385,372,384,280,383,414,178,263,262,393,395,52,49,337,93,441,272,146,48,171,164,332,47,381,165,392,294,285,41,44,382,45,386,51,397,284,378,379,380,396,147,46,278,283,282,394,270,296,145,36,38,224,37,35,39,279,40,66,43,162,42,399,400,156,94,230,9,3,333,77,100,78,440,172,265,199,197,107,161,317,261,264,266,336,129,160,58,126,229,7,236,112,155,340,95,238,237,128,119,154,223,159,273,8,122,158,127,193,116,140,91,118,168,4,6,169,142,104,120,123,132,135,138,136,137,133,358,97,124,106,139,108,111,141,131,113,92,117,313,318,61,105,341,411,319,274,99,342,54,408,315,344,314,60,62,148,320,356,268,316,96,267,153,18,351,57,412,413,121,134,114,125,231,115,130,110,5,56,191,65,67,271,72,355,277,87,89,68,76,374,377,370,17,71,74,275,346,276,371,55,367,152,73,357,109,335,75,59,196,343,194,63,195,220,215,70,33,166,347,64,173,170,34,401,143,354,144,149,151,353,222,150,407,406,163,405,227,221,192,190,226,233,228,225,82,234,235,352,84,83,85,366,232,53,303,176,350,86,365,177,189,364,345,363,302,219,362,167,14,175,81,11,32,10,13,174,31,80,180,181,349,348,12,218,217,216,188,361,183,179,481,301,79,182,427,16,430,487,428,429,0,15,455,445,19,450,1,448,453,260,446,464,484,442,485,432,439,479,456,431,438,451,447,449,470,467,28,436,452,465,458,462,473,461,422,20,433,488,476,257,477,474,468,471,256,459,437,454,517,457,509,444,259,423,258,486,482,480,483,506,187,508,359,21,185,186,22,23,184,24,25,360,26,498,528,425,27,29,30,322,324,489,323,325,388,510,526,527,390,490,391,499,525,503,515,321,504,505,389,507,426,434,500,435,523,497,516,533,529,524,424,501,101,514,102,513,512,103,511,519,502,518,329,327,330,522,521,326,520,494,2,331,328,532,531,495,492,491,493,536,535,534,530,496,
402,369,403,404,309,69,241,311,250,254,305,310,308,306,253,304,255,247,252,246,251,410,243,242,248,249,240,245,466,478,244,463,475,90,368,295,419,469,472,307,312,460,417,293,297,298,376,286,421,409,375,281,287,239,300,292,290,299,443,420,338,198,373,214,211,415,418,339,209,203,416,269,157,210,202,398,204,205,201,200,207,208,291,289,288,98,206,212,213,387,50,334,88,385,372,384,383,280,414,178,262,263,393,395,52,49,337,93,441,272,48,146,171,164,332,47,165,392,381,294,382,41,386,44,285,45,284,397,51,396,379,380,378,147,278,46,283,282,394,270,296,145,36,38,224,37,35,39,40,279,66,43,162,42,399,400,156,94,230,9,3,333,77,78,100,440,172,265,199,197,161,107,317,264,261,266,336,160,58,129,126,229,7,112,236,155,340,237,238,95,154,128,119,223,159,158,8,122,273,127,193,140,116,91,118,4,168,169,6,142,132,123,120,135,138,104,358,136,133,97,137,124,106,108,111,139,113,131,141,117,313,92,411,318,61,341,105,319,274,54,342,99,315,408,344,314,60,148,62,320,268,267,316,356,96,18,351,153,134,57,412,413,114,121,130,125,231,115,5,110,56,271,191,72,67,65,355,87,277,89,68,76,71,377,370,374,17,275,74,346,276,371,367,55,73,152,357,109,335,75,59,196,343,194,195,63,220,70,215,33,166,347,173,64,170,34,401,143,354,144,151,149,353,222,407,150,406,405,227,163,190,221,233,226,192,228,82,225,235,234,352,85,83,84,366,303,176,53,232,86,350,365,189,177,345,364,363,302,219,167,362,14,175,81,11,10,13,32,174,31,180,80,181,349,12,348,216,218,217,188,361,183,179,481,79,301,182,427,16,430,487,428,429,15,0,455,445,19,450,448,1,453,260,484,464,446,485,442,439,432,479,456,431,451,438,449,447,467,470,28,452,436,465,458,462,473,422,461,20,488,433,476,257,471,477,459,437,474,256,468,454,517,457,509,423,444,259,258,486,482,480,483,506,187,508,359,21,185,24,22,184,186,23,25,360,26,528,498,425,27,29,30,489,324,322,323,388,325,526,510,527,391,390,499,490,525,503,515,321,504,389,505,507,426,434,500,435,497,523,516,524,533,529,424,501,101,103,512,102,514,511,513,519,502,329,518,327,330,494,520,326,522,521,331,328,2,531,496,532,534,491,492,493,536,530,495,535,
402,369,403,404,309,69,241,311,250,254,305,308,310,306,253,304,255,247,252,246,251,410,243,242,249,248,240,245,466,478,244,463,90,368,475,295,419,469,472,307,312,460,417,293,298,297,376,286,421,409,375,281,287,239,300,292,290,299,443,420,338,198,373,214,211,415,418,339,209,203,416,269,157,202,210,398,204,205,201,200,207,208,291,289,288,98,206,212,213,50,387,334,88,385,372,384,280,383,414,178,262,263,393,395,52,49,337,93,272,441,48,146,171,164,332,47,165,392,381,294,285,386,382,45,41,44,51,284,397,379,380,396,378,147,278,46,283,282,394,270,296,145,36,38,224,37,35,39,40,279,66,43,162,42,399,400,156,94,230,9,3,333,77,100,78,440,172,265,199,197,107,161,317,261,264,266,336,129,160,58,126,229,7,112,236,155,340,238,237,95,128,154,119,223,159,158,8,122,273,127,116,140,193,91,118,4,168,169,6,142,123,132,135,138,120,104,133,137,358,97,136,106,124,108,139,111,131,113,141,117,313,92,411,105,341,61,318,319,342,99,274,54,408,315,314,344,60,148,62,320,268,267,316,356,96,18,153,351,114,57,121,134,413,412,125,115,130,231,110,5,56,191,72,65,271,67,355,277,87,89,68,76,374,377,71,17,370,74,346,275,371,276,55,367,152,73,357,109,335,75,59,196,343,194,63,195,220,70,215,33,166,347,173,64,170,34,143,401,354,144,149,151,222,353,406,150,407,227,405,163,190,226,221,233,228,192,225,82,235,234,352,366,85,84,83,53,303,176,232,86,350,189,177,365,364,345,167,219,302,363,362,81,14,175,11,13,10,32,174,180,31,80,181,349,348,12,216,188,218,217,361,183,179,481,301,79,182,427,16,430,487,429,428,0,15,455,445,19,450,448,1,453,260,484,446,464,442,485,439,432,479,456,451,431,438,447,449,470,467,28,436,452,465,462,458,473,422,461,20,488,433,476,257,437,468,459,256,471,477,474,454,517,457,509,444,423,259,258,482,486,480,483,506,187,508,359,21,185,23,24,186,184,22,25,360,26,528,498,30,29,425,27,324,322,489,388,323,325,510,526,527,499,525,503,490,390,391,515,321,389,505,504,507,426,500,434,435,523,497,516,533,524,424,529,501,101,512,103,102,513,511,514,519,502,330,327,329,518,326,522,520,494,521,328,2,331,491,536,493,530,531,496,532,495,534,492,535,
402,369,403,404,309,69,241,311,250,254,305,308,310,306,253,304,255,247,252,246,251,410,243,242,248,249,240,245,466,478,244,463,90,475,368,295,419,469,472,307,312,460,417,293,298,297,376,286,421,375,409,281,287,239,300,292,290,299,443,420,338,198,373,214,211,418,415,339,203,209,269,416,157,210,202,398,204,205,201,200,208,207,291,289,288,206,98,212,213,50,387,334,88,385,372,384,383,280,414,178,263,262,393,395,52,49,337,93,272,441,48,146,171,164,332,47,392,381,165,294,45,382,44,285,41,386,51,284,397,379,380,378,396,147,46,278,283,282,394,270,296,145,36,38,224,35,37,39,66,40,279,43,162,42,399,156,400,94,230,9,3,333,77,78,100,440,172,265,199,197,161,107,317,261,264,266,336,129,58,160,126,229,7,112,155,236,340,95,237,238,128,119,154,223,159,8,158,122,273,127,193,140,116,91,118,168,4,6,169,142,135,120,132,138,104,123,133,97,358,136,137,106,124,111,139,108,131,113,141,313,117,92,318,411,61,105,341,319,342,99,54,274,408,315,344,314,62,60,148,320,267,316,96,356,268,351,153,18,121,114,134,413,57,412,231,130,115,125,56,5,110,191,67,65,271,72,355,277,87,89,68,76,370,17,71,374,377,275,346,74,371,276,55,367,152,73,357,109,75,335,59,196,194,343,195,63,220,70,33,215,347,166,173,64,170,401,143,34,354,144,151,149,222,353,150,407,406,163,227,405,233,228,221,190,226,192,82,225,234,235,352,366,84,85,83,303,232,53,176,350,86,189,365,177,364,345,363,302,167,219,362,14,81,175,11,32,13,10,31,80,174,180,181,349,12,348,188,216,217,218,361,183,179,481,301,79,182,427,16,430,487,428,429,15,0,455,445,19,450,448,1,453,260,464,484,446,442,485,439,432,456,479,451,431,438,447,449,470,467,28,452,436,458,462,465,473,461,422,20,433,488,476,257,437,477,474,471,459,468,256,454,517,457,509,444,423,259,258,486,480,482,483,506,187,508,359,21,185,186,22,184,23,24,25,360,26,498,528,29,425,27,30,324,322,489,388,325,323,526,510,527,391,390,490,525,499,503,515,321,389,505,504,426,507,500,434,435,497,523,524,516,529,533,424,501,101,513,103,511,512,514,102,519,502,330,329,327,518,520,326,522,494,521,2,331,328,493,491,496,530,492,495,536,534,531,535,532,
402,369,403,404,309,69,241,311,250,254,305,310,308,306,253,304,255,247,252,246,251,410,243,242,249,248,240,245,466,478,244,463,368,475,90,295,419,469,472,307,312,460,417,293,298,297,376,286,421,409,375,281,287,239,300,292,290,299,443,420,338,198,373,214,211,415,418,339,203,209,416,269,157,202,210,398,204,205,201,200,208,207,291,289,288,206,98,212,213,387,50,334,88,385,372,384,280,383,414,178,263,262,393,395,52,49,337,93,441,272,146,48,171,164,332,47,165,381,392,294,41,386,285,44,382,45,51,284,397,380,396,379,378,147,46,278,283,282,270,394,296,145,36,38,224,35,37,39,279,40,66,43,162,42,399,400,156,94,9,230,3,333,77,78,100,440,172,265,199,197,161,107,317,264,261,266,336,160,58,129,126,229,7,155,112,236,340,238,95,237,128,119,154,223,159,273,158,8,122,127,193,140,116,91,118,4,168,6,169,142,120,123,132,104,135,138,358,133,137,97,136,124,106,139,111,108,141,131,113,313,117,92,105,341,318,411,61,319,274,54,99,342,315,408,314,344,62,60,148,320,356,316,268,267,96,18,153,351,413,121,114,134,57,412,231,115,130,125,5,56,110,67,65,72,191,271,87,355,277,89,76,68,377,17,71,374,370,346,74,275,276,371,367,55,152,73,357,109,75,335,59,196,194,343,195,63,220,70,33,215,347,166,173,64,170,401,34,143,354,144,149,151,353,222,150,406,407,405,163,227,233,228,190,226,221,192,82,225,235,234,352,366,83,85,84,53,303,176,232,350,86,365,189,177,345,364,302,219,363,362,167,175,81,14,11,10,32,13,80,31,180,174,181,349,348,12,188,218,216,217,361,183,481,179,79,301,182,427,16,430,487,429,428,15,0,455,445,450,19,1,448,260,453,446,484,464,442,485,432,439,456,479,451,438,431,449,447,467,470,28,452,436,458,462,465,473,422,461,20,476,433,488,257,471,459,468,437,474,477,256,454,517,457,509,423,444,259,258,480,486,482,483,506,187,508,359,21,185,23,186,22,184,24,25,360,26,528,498,30,27,425,29,489,322,324,323,388,325,526,510,527,525,490,503,391,390,499,515,321,504,505,389,507,426,500,434,435,497,523,529,516,533,424,524,501,101,514,511,513,512,103,102,519,502,330,327,329,518,522,494,521,326,520,2,328,331,493,536,530,495,535,534,491,531,532,496,492,
402,369,403,404,309,69,241,311,250,254,305,308,310,306,253,304,255,247,252,246,251,410,243,242,249,248,240,245,466,478,244,463,368,475,90,295,419,469,472,307,312,460,417,293,297,298,376,286,421,409,375,281,287,239,300,292,290,299,443,420,338,198,373,214,211,415,418,339,203,209,416,269,157,210,202,398,204,205,201,200,207,208,291,289,288,98,206,212,213,50,387,334,88,385,372,384,280,383,414,178,263,262,393,395,52,49,337,93,272,441,146,48,171,164,332,47,165,392,381,294,285,382,386,44,41,45,51,284,397,396,380,379,378,147,46,278,283,282,270,394,296,36,145,38,224,35,37,39,279,66,40,43,162,42,399,400,156,94,9,230,3,333,77,78,100,440,172,265,199,197,161,107,317,264,261,266,336,129,160,58,126,229,7,155,112,236,340,238,237,95,154,128,119,223,159,158,8,122,273,127,140,193,116,91,118,4,168,169,6,142,104,138,123,120,132,135,133,358,137,136,97,124,106,111,108,139,141,113,131,92,313,117,318,105,411,341,61,319,99,342,274,54,408,315,344,314,62,60,148,320,316,268,356,267,96,18,153,351,412,57,134,121,413,114,115,125,231,130,110,56,5,65,72,67,271,191,277,355,87,89,68,76,17,377,374,370,71,74,346,275,276,371,367,55,152,73,357,109,335,75,59,196,194,343,63,195,220,70,215,33,347,166,173,64,170,401,34,143,354,144,151,149,353,222,150,407,406,227,405,163,233,190,226,192,221,228,225,82,234,235,352,366,85,84,83,232,303,53,176,86,350,189,177,365,345,364,167,363,219,362,302,81,175,14,11,32,13,10,31,80,174,180,181,349,12,348,218,217,216,188,361,183,179,481,79,301,182,427,16,430,487,428,429,15,0,455,445,450,19,448,1,453,260,464,484,446,485,442,432,439,456,479,451,431,438,447,449,470,467,28,452,436,458,465,462,473,461,422,20,488,476,433,257,471,477,459,474,256,468,437,454,517,457,509,259,423,444,258,486,480,482,483,506,187,508,359,21,185,23,186,22,24,184,25,360,26,528,498,27,30,425,29,322,324,489,325,388,323,510,526,527,391,390,499,503,490,525,515,321,505,389,504,426,507,500,434,435,497,523,524,529,516,424,533,501,101,103,514,513,102,511,512,519,502,518,329,327,330,494,326,521,520,522,328,2,331,532,492,531,530,496,534,536,491,495,493,535,
402,369,403,404,309,69,241,311,250,254,305,308,310,306,253,304,255,247,252,246,251,410,243,242,249,248,240,245,466,478,244,463,475,90,368,295,419,469,472,307,312,460,417,293,297,298,376,286,421,409,375,281,287,239,300,292,290,299,443,420,338,198,373,214,211,418,415,339,209,203,416,269,157,210,202,204,398,205,201,200,207,208,291,289,288,206,98,212,213,50,387,334,88,385,372,384,280,383,414,178,263,262,393,395,52,49,337,93,272,441,146,48,171,164,332,47,381,392,165,294,45,382,44,386,285,41,51,284,397,378,396,379,380,147,46,278,283,282,394,270,296,36,145,38,224,37,35,39,40,66,279,43,162,42,399,400,156,94,9,230,3,333,77,78,100,440,172,265,199,197,107,161,317,261,264,266,336,58,160,129,126,229,7,155,236,112,340,95,237,238,119,154,128,223,159,8,158,273,122,127,193,116,140,91,118,4,168,6,169,142,123,138,132,120,135,104,358,137,133,136,97,124,106,111,139,108,131,141,113,313,92,117,105,318,341,411,61,319,274,99,54,342,315,408,314,344,62,148,60,320,316,96,268,356,267,153,18,351,134,114,412,121,57,413,130,125,115,231,110,5,56,67,271,191,72,65,355,87,277,89,76,68,370,377,71,374,17,346,275,74,371,276,55,367,73,152,357,109,75,335,59,196,343,194,63,195,220,70,33,215,166,347,64,173,170,401,34,143,354,144,149,151,353,222,407,406,150,227,405,163,192,233,221,226,190,228,225,82,234,235,352,366,85,83,84,232,303,53,176,86,350,189,365,177,364,345,167,363,362,302,219,175,14,81,11,10,32,13,80,180,31,174,181,349,348,12,218,188,217,216,361,183,179,481,79,301,182,427,16,430,487,428,429,0,15,455,445,450,19,448,1,260,453,446,484,464,485,442,432,439,456,479,431,451,438,449,447,470,467,28,452,436,462,458,465,473,461,422,20,433,488,476,257,256,474,437,477,471,468,459,454,517,457,509,259,423,444,258,482,486,480,483,506,187,508,359,21,185,22,24,184,23,186,25,360,26,528,498,27,425,29,30,489,322,324,325,323,388,510,526,527,391,490,499,525,390,503,515,321,504,389,505,426,507,434,500,435,497,523,524,533,516,529,424,101,501,512,513,102,511,514,103,519,502,330,329,518,327,521,326,494,522,520,2,331,328,530,496,493,492,495,535,531,532,536,491,534,
402,369,403,404,309,69,241,311,250,254,305,308,310,306,253,304,255,247,252,246,251,410,243,242,248,249,240,245,466,478,244,463,368,90,475,295,419,469,472,307,312,460,417,293,298,297,376,286,421,409,375,281,287,239,300,292,290,299,443,420,338,198,373,214,211,415,418,339,209,203,269,416,157,202,210,398,204,205,201,200,207,208,291,289,288,98,206,212,213,50,387,334,88,385,372,384,280,383,414,178,263,262,393,395,52,49,337,93,441,272,48,146,171,164,332,47,381,165,392,294,44,386,285,41,45,382,51,284,397,378,380,396,379,147,278,46,283,282,270,394,296,145,36,38,224,37,35,39,279,66,40,43,162,42,399,400,156,94,9,230,3,333,77,100,78,440,172,265,199,197,161,107,317,261,264,266,336,58,160,129,126,229,7,236,112,155,340,95,238,237,154,119,128,223,159,8,273,158,122,127,193,140,116,91,118,168,4,169,6,142,123,138,104,132,120,135,133,358,137,97,136,106,124,111,139,108,141,113,131,117,92,313,318,61,341,411,105,319,99,54,342,274,408,315,344,314,148,60,62,320,356,316,268,96,267,153,351,18,57,412,121,114,134,413,125,231,130,115,56,5,110,67,271,191,72,65,87,277,355,89,76,68,370,17,71,374,377,74,346,275,371,276,367,55,73,152,357,109,335,75,59,196,194,343,63,195,220,215,70,33,166,347,64,173,170,143,34,401,354,144,149,151,222,353,406,407,150,227,163,405,228,233,226,221,192,190,225,82,235,234,352,84,83,366,85,53,176,232,303,86,350,365,189,177,345,364,363,362,302,167,219,14,175,81,11,32,10,13,80,31,180,174,349,181,12,348,217,188,216,218,361,183,179,481,301,79,182,427,16,430,487,429,428,0,15,455,445,450,19,1,448,260,453,446,464,484,485,442,432,439,456,479,438,431,451,449,447,470,467,28,436,452,465,458,462,473,461,422,20,476,433,488,257,474,477,256,471,459,437,468,454,517,457,509,423,444,259,258,486,482,480,483,506,187,508,359,21,185,186,23,184,22,24,25,360,26,498,528,29,27,30,425,324,322,489,325,323,388,526,510,527,391,499,390,525,503,490,515,321,505,389,504,507,426,434,500,435,497,523,424,533,529,516,524,101,501,514,511,513,102,103,512,519,502,327,518,329,330,494,326,522,521,520,328,331,2,532,491,536,531,534,493,496,492,530,535,495,
402,369,403,404,309,69,241,311,250,254,305,308,310,306,253,304,255,247,252,246,251,410,243,242,248,249,240,245,466,478,244,463,475,368,90,295,419,469,472,307,312,460,417,293,297,298,376,286,421,409,375,281,287,239,300,292,290,299,443,420,338,198,373,214,211,418,415,339,203,209,269,416,157,202,210,398,204,205,201,200,207,208,291,289,288,206,98,212,213,50,387,334,88,385,372,384,280,383,414,178,263,262,393,395,52,49,337,93,441,272,48,146,171,164,332,47,381,165,392,294,44,285,45,382,386,41,397,51,284,380,378,379,396,147,46,278,283,282,270,394,296,36,145,38,224,37,35,39,279,66,40,43,162,42,399,400,156,94,230,9,3,333,77,78,100,440,172,265,199,197,107,161,317,264,261,266,336,58,129,160,126,229,7,236,112,155,340,237,95,238,128,154,119,223,159,158,8,122,273,127,140,116,193,91,118,168,4,169,6,142,135,120,132,104,138,123,97,136,133,137,358,124,106,108,139,111,141,113,131,117,92,313,318,61,105,411,341,319,274,99,342,54,315,408,344,314,148,62,60,320,316,267,356,96,268,18,153,351,413,134,57,114,121,412,130,231,125,115,56,5,110,191,72,67,271,65,355,87,277,89,76,68,71,370,374,17,377,275,346,74,371,276,55,367,73,152,357,109,335,75,59,196,194,343,195,63,220,33,70,215,347,166,173,64,170,34,401,143,354,144,151,149,353,222,406,150,407,163,405,227,226,192,233,221,190,228,82,225,235,234,352,85,84,366,83,232,176,53,303,350,86,177,365,189,345,364,219,302,363,362,167,81,14,175,11,13,10,32,80,31,180,174,349,181,12,348,216,218,188,217,361,183,179,481,301,79,182,427,16,430,487,428,429,0,15,455,445,450,19,1,448,453,260,464,446,484,485,442,439,432,456,479,451,438,431,447,449,467,470,28,452,436,462,458,465,473,461,422,20,476,488,433,257,477,256,459,471,474,437,468,454,517,457,509,444,259,423,258,482,486,480,483,506,187,508,359,21,185,184,24,186,23,22,25,360,26,498,528,29,30,425,27,489,324,322,325,323,388,526,510,527,499,525,503,490,391,390,515,321,389,504,505,507,426,500,434,435,497,523,516,524,533,424,529,501,101,514,511,103,513,102,512,519,502,330,327,518,329,326,520,521,522,494,2,328,331,493,496,534,536,492,535,532,491,495,531,530,
402,369,403,404,309,69,241,311,250,254,305,310,308,306,253,304,255,247,252,246,251,410,243,242,248,249,240,245,466,478,244,463,475,90,368,295,419,469,472,307,312,460,417,293,297,298,376,286,421,409,375,281,287,239,300,292,290,299,443,420,338,198,373,214,211,415,418,339,209,203,269,416,157,210,202,204,398,205,201,200,207,208,291,289,288,98,206,212,213,50,387,334,88,385,372,384,280,383,414,178,263,262,393,395,52,49,337,93,441,272,146,48,171,164,332,47,165,381,392,294,386,45,41,285,382,44,51,397,284,396,380,379,378,147,278,46,283,282,270,394,296,145,36,38,224,35,37,39,40,66,279,43,162,42,399,156,400,94,9,230,3,333,77,100,78,440,172,265,199,197,107,161,317,264,261,266,336,160,58,129,126,229,7,155,112,236,340,95,238,237,119,128,154,223,159,273,122,158,8,127,116,193,140,91,118,4,168,6,169,142,135,138,120,104,123,132,136,133,358,137,97,106,124,139,111,108,131,113,141,313,92,117,61,341,411,105,318,319,99,54,274,342,315,408,314,344,62,60,148,320,316,96,267,268,356,351,18,153,413,412,114,57,134,121,115,231,125,130,56,5,110,72,271,67,65,191,277,87,355,89,76,68,370,71,17,374,377,275,74,346,371,276,367,55,152,73,357,109,335,75,59,196,343,194,195,63,220,215,70,33,166,347,64,173,170,401,143,34,354,144,151,149,353,222,150,406,407,163,227,405,190,233,228,192,226,221,225,82,234,235,352,366,84,85,83,53,232,303,176,86,350,365,177,189,345,364,167,362,363,302,219,81,14,175,11,32,13,10,174,180,31,80,181,349,348,12,188,217,218,216,361,183,179,481,301,79,182,427,16,430,487,428,429,0,15,455,445,19,450,1,448,453,260,484,446,464,442,485,439,432,456,479,451,438,431,447,449,470,467,28,436,452,465,462,458,473,461,422,20,476,433,488,257,474,468,459,477,471,256,437,454,517,457,509,423,444,259,258,480,486,482,483,506,187,508,359,21,185,23,24,22,184,186,25,360,26,528,498,27,29,30,425,322,489,324,388,325,323,510,526,527,525,490,499,390,503,391,515,321,504,505,389,507,426,434,500,435,497,523,529,524,533,424,516,501,101,514,513,511,512,103,102,519,502,327,518,330,329,522,494,521,326,520,328,2,331,531,493,536,534,491,495,492,530,535,532,496,
402,369,403,404,309,69,241,311,250,254,305,310,308,306,253,304,255,247,252,246,251,410,243,242,249,248,240,245,466,478,244,463,368,475,90,295,419,469,472,307,312,460,417,293,298,297,376,286,421,375,409,281,287,239,300,292,290,299,443,420,338,198,373,214,211,418,415,339,203,209,269,416,157,210,202,204,398,205,201,200,207,208,291,289,288,206,98,212,213,50,387,334,88,385,372,384,280,383,414,178,262,263,393,395,52,49,337,93,441,272,48,146,171,164,332,47,392,165,381,294,386,41,382,285,44,45,397,284,51,396,379,380,378,147,278,46,283,282,270,394,296,36,145,38,224,37,35,39,40,279,66,43,162,42,399,156,400,94,9,230,3,333,77,78,100,440,172,265,199,197,161,107,317,261,264,266,336,129,160,58,126,229,7,236,112,155,340,238,237,95,119,128,154,223,159,122,8,273,158,127,193,140,116,91,118,4,168,169,6,142,132,120,104,138,135,123,137,97,133,358,136,124,106,108,111,139,113,131,141,313,92,117,411,105,61,341,318,319,342,54,99,274,408,315,314,344,60,62,148,320,356,267,268,316,96,153,18,351,57,134,412,121,114,413,130,231,115,125,110,56,5,271,72,65,191,67,87,277,355,89,76,68,374,370,71,377,17,275,74,346,276,371,55,367,73,152,357,109,335,75,59,196,194,343,63,195,220,33,70,215,166,347,64,173,170,401,143,34,354,144,149,151,222,353,407,406,150,227,405,163,226,221,233,192,228,190,82,225,234,235,352,85,366,84,83,176,303,232,53,350,86,365,189,177,345,364,302,362,167,363,219,175,14,81,11,10,32,13,174,80,180,31,181,349,12,348,216,188,217,218,361,183,481,179,79,301,182,427,16,430,487,429,428,0,15,455,445,450,19,1,448,260,453,464,446,484,485,442,439,432,479,456,451,431,438,449,447,467,470,28,436,452,458,462,465,473,461,422,20,488,433,476,257,477,459,468,256,474,471,437,454,517,457,509,423,259,444,258,486,482,480,483,506,187,508,359,21,185,22,186,24,23,184,25,360,26,498,528,425,30,27,29,324,489,322,323,325,388,526,510,527,503,391,490,390,499,525,515,321,505,504,389,426,507,434,500,435,523,497,424,516,529,533,524,101,501,514,511,512,102,513,103,519,502,329,330,327,518,520,521,494,522,326,331,2,328,493,530,534,535,492,536,496,495,531,491,532,
402,369,403,404,309,69,241,311,250,254,305,308,310,306,253,304,255,247,252,246,251,410,243,242,248,249,240,245,466,478,244,463,475,368,90,295,419,469,472,307,312,460,417,293,298,297,376,286,421,375,409,281,287,239,300,292,290,299,443,420,338,198,373,214,211,415,418,339,209,203,416,269,157,210,202,204,398,205,201,200,208,207,291,289,288,98,206,212,213,387,50,334,88,385,372,384,383,280,414,178,262,263,393,395,52,49,337,93,441,272,146,48,171,164,332,47,165,381,392,294,386,44,382,285,41,45,284,51,397,378,396,380,379,147,46,278,283,282,270,394,296,36,145,38,224,37,35,39,66,40,279,43,162,42,399,400,156,94,230,9,3,333,77,100,78,440,172,265,199,197,107,161,317,264,261,266,336,160,58,129,126,229,7,155,112,236,340,95,238,237,154,119,128,223,159,122,8,273,158,127,193,140,116,91,118,4,168,6,169,142,138,123,120,135,132,104,97,136,137,358,133,106,124,139,108,111,141,131,113,313,92,117,61,411,341,318,105,319,342,54,274,99,315,408,344,314,148,62,60,320,356,267,96,316,268,153,351,18,412,134,413,121,57,114,125,130,115,231,110,56,5,72,271,191,67,65,87,355,277,89,76,68,377,71,17,374,370,275,346,74,371,276,367,55,73,152,357,109,335,75,59,196,194,343,63,195,220,33,215,70,347,166,64,173,170,143,401,34,354,144,149,151,222,353,407,406,150,405,163,227,233,228,192,190,221,226,82,225,234,235,352,85,83,84,366,303,232,176,53,350,86,365,177,189,345,364,362,302,167,363,219,175,81,14,11,10,32,13,31,80,180,174,181,349,12,348,218,217,188,216,361,183,179,481,301,79,182,427,16,430,487,429,428,0,15,455,445,19,450,448,1,453,260,464,484,446,485,442,439,432,479,456,438,451,431,447,449,467,470,28,452,436,462,465,458,473,422,461,20,476,433,488,257,437,459,468,471,256,477,474,454,517,457,509,259,444,423,258,480,482,486,483,506,187,508,359,21,185,184,186,23,24,22,25,360,26,528,498,30,425,29,27,324,489,322,323,325,388,526,510,527,503,499,525,391,390,490,515,321,389,504,505,426,507,434,500,435,497,523,424,533,516,524,529,101,501,511,512,514,102,513,103,519,502,329,518,327,330,521,522,326,520,494,331,328,2,493,530,491,536,492,534,532,496,495,535,531,
402,369,403,404,309,69,241,311,250,254,305,310,308,306,253,304,255,247,252,246,251,410,243,242,249,248,240,245,466,478,244,463,368,90,475,295,419,469,472,307,312,460,417,293,297,298,376,286,421,375,409,281,287,239,300,292,290,299,443,420,338,198,373,214,211,415,418,339,209,203,269,416,157,202,210,398,204,205,201,200,208,207,291,289,288,206,98,212,213,387,50,334,88,385,372,384,280,383,414,178,263,262,393,395,52,49,337,93,441,272,48,146,171,164,332,47,392,381,165,294,382,386,41,285,44,45,284,397,51,378,396,379,380,147,278,46,283,282,394,270,296,145,36,38,224,35,37,39,66,279,40,43,162,42,399,400,156,94,230,9,3,333,77,100,78,440,172,265,199,197,107,161,317,264,261,266,336,58,129,160,126,229,7,236,112,155,340,238,95,237,154,128,119,223,159,158,122,273,8,127,140,116,193,91,118,4,168,169,6,142,132,123,120,138,135,104,136,97,137,133,358,106,124,108,111,139,113,131,141,313,92,117,61,318,341,411,105,319,99,274,54,342,408,315,314,344,148,60,62,320,268,356,316,96,267,351,153,18,121,114,412,413,134,57,125,130,115,231,5,110,56,67,72,271,191,65,277,355,87,89,68,76,370,17,374,377,71,346,74,275,371,276,367,55,73,152,357,109,335,75,59,196,194,343,63,195,220,33,70,215,166,347,64,173,170,143,401,34,354,144,151,149,222,353,150,407,406,227,163,405,221,233,226,192,228,190,225,82,234,235,352,83,84,366,85,303,176,232,53,86,350,177,189,365,364,345,167,363,362,302,219,14,81,175,11,32,10,13,180,80,174,31,349,181,348,12,218,188,217,216,361,183,179,481,301,79,182,427,16,430,487,428,429,0,15,455,445,19,450,1,448,260,453,484,464,446,485,442,439,432,456,479,431,438,451,449,447,467,470,28,452,436,462,465,458,473,461,422,20,488,476,433,257,256,437,477,459,471,468,474,454,517,457,509,259,444,423,258,482,480,486,483,506,187,508,359,21,185,24,186,184,23,22,25,360,26,498,528,29,30,425,27,324,489,322,323,325,388,510,526,527,490,503,525,390,391,499,515,321,505,389,504,426,507,434,500,435,523,497,424,524,516,533,529,501,101,512,103,513,102,514,511,519,502,327,329,518,330,520,521,494,522,326,2,328,331,535,492,534,495,491,531,536,496,493,532,530,
402,369,403,404,309,69,241,311,250,254,305,310,308,306,253,304,255,247,252,246,251,410,243,242,248,249,240,245,466,478,244,463,475,368,90,295,419,469,472,307,312,460,417,293,298,297,376,286,421,375,409,281,287,239,300,292,290,299,443,420,338,198,373,214,211,415,418,339,209,203,269,416,157,210,202,398,204,205,201,200,207,208,291,289,288,206,98,212,213,387,50,334,88,385,372,384,280,383,414,178,262,263,393,395,52,49,337,93,272,441,146,48,171,164,332,47,165,392,381,294,44,382,41,386,285,45,284,51,397,396,380,379,378,147,46,278,283,282,394,270,296,145,36,38,224,37,35,39,40,66,279,43,162,42,399,156,400,94,230,9,3,333,77,78,100,440,172,265,199,197,161,107,317,261,264,266,336,58,160,129,126,229,7,155,236,112,340,237,95,238,119,154,128,223,159,273,8,158,122,127,140,116,193,91,118,168,4,6,169,142,132,135,120,104,123,138,133,136,358,137,97,106,124,108,139,111,131,141,113,313,92,117,105,318,61,341,411,319,274,99,54,342,315,408,314,344,148,60,62,320,267,316,268,356,96,18,351,153,121,134,114,57,413,412,115,231,130,125,5,110,56,72,271,65,191,67,277,87,355,89,68,76,370,71,374,377,17,346,275,74,276,371,55,367,73,152,357,109,75,335,59,196,194,343,195,63,220,33,70,215,347,166,173,64,170,401,34,143,354,144,149,151,353,222,150,407,406,163,405,227,233,228,190,221,226,192,225,82,235,234,352,366,83,84,85,176,232,53,303,86,350,365,177,189,345,364,167,362,302,363,219,175,81,14,11,13,10,32,31,180,80,174,181,349,348,12,218,188,217,216,361,183,179,481,301,79,182,427,16,430,487,428,429,15,0,455,445,450,19,448,1,453,260,464,484,446,485,442,432,439,456,479,451,431,438,447,449,467,470,28,452,436,462,465,458,473,461,422,20,476,433,488,257,468,474,477,459,471,256,437,454,517,457,509,423,444,259,258,480,486,482,483,506,187,508,359,21,185,23,184,186,24,22,25,360,26,528,498,30,27,425,29,322,489,324,323,325,388,526,510,527,499,525,490,391,390,503,515,321,504,389,505,426,507,500,434,435,523,497,524,516,424,533,529,501,101,513,511,514,102,512,103,519,502,329,518,330,327,494,522,520,326,521,2,328,331,496,495,493,531,491,530,535,534,532,536,492,
402,369,403,404,309,69,241,311,250,254,305,310,308,306,253,304,255,247,252,246,251,410,243,242,248,249,240,245,466,478,244,463,90,475,368,295,419,469,472,307,312,460,417,293,298,297,376,286,421,409,375,281,287,239,300,292,290,299,443,420,338,198,373,214,211,415,418,339,209,203,416,269,157,202,210,398,204,205,201,200,207,208,291,289,288,206,98,212,213,50,387,334,88,385,372,384,383,280,414,178,263,262,393,395,52,49,337,93,441,272,48,146,171,164,332,47,392,165,381,294,386,44,382,41,45,285,51,397,284,378,396,379,380,147,278,46,283,282,270,394,296,145,36,38,224,35,37,39,40,66,279,43,162,42,399,400,156,94,9,230,3,333,77,100,78,440,172,265,199,197,161,107,317,261,264,266,336,160,129,58,126,229,7,112,236,155,340,238,237,95,128,154,119,223,159,273,8,122,158,127,116,193,140,91,118,4,168,6,169,142,104,120,132,135,138,123,97,136,358,137,133,106,124,111,139,108,113,141,131,313,117,92,341,318,411,61,105,319,99,342,54,274,315,408,344,314,62,60,148,320,267,268,356,316,96,351,153,18,134,114,57,121,413,412,115,130,231,125,110,5,56,271,65,191,72,67,277,87,355,89,76,68,370,17,374,71,377,74,275,346,371,276,55,367,152,73,357,109,335,75,59,196,194,343,195,63,220,70,33,215,347,166,173,64,170,143,34,401,354,144,149,151,353,222,407,150,406,163,405,227,221,190,192,233,226,228,225,82,235,234,352,83,85,366,84,53,303,232,176,350,86,365,189,177,345,364,302,167,219,363,362,175,14,81,11,10,13,32,174,180,31,80,181,349,12,348,217,188,216,218,361,183,179,481,79,301,182,427,16,430,487,428,429,0,15,455,445,19,450,1,448,453,260,484,446,464,442,485,439,432,479,456,451,431,438,447,449,467,470,28,436,452,458,465,462,473,461,422,20,433,488,476,257,437,474,256,468,471,459,477,454,517,457,509,423,259,444,258,482,486,480,483,506,187,508,359,21,185,184,23,186,22,24,25,360,26,498,528,29,27,425,30,489,322,324,323,325,388,526,510,527,391,499,525,390,503,490,515,321,505,504,389,507,426,500,434,435,523,497,533,424,529,524,516,501,101,102,514,103,513,511,512,519,502,329,330,518,327,521,520,494,522,326,331,328,2,532,495,530,531,493,535,536,496,534,491,492,
402,369,403,404,309,69,241,311,250,254,305,308,310,306,253,304,255,247,252,246,251,410,243,242,248,249,240,245,466,478,244,463,368,475,90,295,419,469,472,307,312,460,417,293,297,298,376,286,421,375,409,281,287,239,300,292,290,299,443,420,338,198,373,214,211,418,415,339,203,209,269,416,157,210,202,398,204,205,201,200,208,207,291,289,288,206,98,212,213,50,387,334,88,385,372,384,280,383,414,178,263,262,393,395,52,49,337,93,441,272,146,48,171,164,332,47,381,165,392,294,45,44,285,41,382,386,397,51,284,378,380,379,396,147,278,46,283,282,270,394,296,36,145,38,224,35,37,39,40,279,66,43,162,42,399,156,400,94,9,230,3,333,77,100,78,440,172,265,199,197,161,107,317,264,261,266,336,58,129,160,126,229,7,236,155,112,340,95,237,238,154,119,128,223,159,273,158,8,122,127,116,140,193,91,118,4,168,6,169,142,135,120,104,132,123,138,133,358,136,137,97,106,124,139,111,108,131,113,141,313,117,92,318,341,61,411,105,319,274,54,342,99,408,315,314,344,148,60,62,320,267,316,96,268,356,18,153,351,114,413,412,121,57,134,130,231,125,115,56,5,110,271,67,65,191,72,355,87,277,89,76,68,374,71,370,377,17,74,275,346,276,371,55,367,73,152,357,109,75,335,59,196,194,343,63,195,220,215,33,70,347,166,64,173,170,401,34,143,354,144,149,151,353,222,150,407,406,405,227,163,226,228,192,233,221,190,82,225,234,235,352,83,84,85,366,303,53,176,232,350,86,189,177,365,345,364,302,362,167,363,219,14,81,175,11,13,32,10,31,174,80,180,181,349,348,12,216,217,218,188,361,183,481,179,79,301,182,427,16,430,487,428,429,0,15,455,445,19,450,448,1,453,260,446,464,484,485,442,439,432,479,456,438,431,451,447,449,470,467,28,452,436,462,458,465,473,422,461,20,476,488,433,257,437,459,468,474,471,256,477,454,517,457,509,444,423,259,258,486,482,480,483,506,187,508,359,21,185,186,24,23,184,22,25,360,26,528,498,30,27,425,29,489,322,324,388,323,325,510,526,527,499,525,390,391,503,490,515,321,389,505,504,507,426,500,434,435,497,523,524,529,516,533,424,101,501,103,514,511,513,102,512,519,502,327,330,329,518,521,494,522,520,326,328,331,2,531,495,536,530,491,535,496,493,532,534,492,
402,369,403,404,309,69,241,311,250,254,305,308,310,306,253,304,255,247,252,246,251,410,243,242,249,248,240,245,466,478,244,463,90,368,475,295,419,469,472,307,312,460,417,293,297,298,376,286,421,409,375,281,287,239,300,292,290,299,443,420,338,198,373,214,211,418,415,339,209,203,416,269,157,202,210,398,204,205,201,200,208,207,291,289,288,98,206,212,213,387,50,334,88,385,372,384,280,383,414,178,262,263,393,395,52,49,337,93,441,272,146,48,171,164,332,47,165,392,381,294,45,44,382,285,386,41,51,397,284,396,379,380,378,147,46,278,283,282,270,394,296,145,36,38,224,37,35,39,66,40,279,43,162,42,399,400,156,94,9,230,3,333,77,100,78,440,172,265,199,197,161,107,317,261,264,266,336,129,58,160,126,229,7,155,112,236,340,237,238,95,128,119,154,223,159,158,8,122,273,127,140,116,193,91,118,4,168,169,6,142,138,123,135,120,104,132,137,133,97,136,358,106,124,108,139,111,113,141,131,92,313,117,61,341,105,411,318,319,54,342,274,99,408,315,314,344,62,60,148,320,96,356,267,268,316,153,351,18,134,121,412,114,57,413,125,231,115,130,5,56,110,271,72,191,65,67,355,87,277,89,68,76,374,377,370,17,71,275,74,346,371,276,55,367,73,152,357,109,75,335,59,196,343,194,195,63,220,33,70,215,166,347,173,64,170,401,34,143,354,144,149,151,353,222,407,150,406,405,163,227,192,190,228,233,226,221,82,225,234,235,352,84,83,366,85,176,232,53,303,86,350,189,177,365,345,364,219,363,302,167,362,175,14,81,11,10,13,32,31,174,180,80,181,349,348,12,188,216,218,217,361,183,179,481,79,301,182,427,16,430,487,428,429,0,15,455,445,450,19,448,1,453,260,484,464,446,485,442,432,439,479,456,431,451,438,447,449,467,470,28,436,452,458,465,462,473,422,461,20,433,476,488,257,256,468,477,459,437,474,471,454,517,457,509,444,259,423,258,486,482,480,483,506,187,508,359,21,185,184,23,22,24,186,25,360,26,498,528,425,29,30,27,489,322,324,323,325,388,526,510,527,390,525,499,503,391,490,515,321,505,504,389,426,507,500,434,435,523,497,516,424,529,524,533,501,101,513,102,511,514,103,512,519,502,518,330,329,327,520,522,494,326,521,331,2,328,532,495,492,530,536,534,496,531,493,491,535,
402,369,403,404,309,69,241,311,250,254,305,310,308,306,253,304,255,247,252,246,251,410,243,242,248,249,240,245,466,478,244,463,368,475,90,295,419,469,472,307,312,460,417,293,297,298,376,286,421,409,375,281,287,239,300,292,290,299,443,420,338,198,373,214,211,418,415,339,203,209,269,416,157,210,202,204,398,205,201,200,207,208,291,289,288,206,98,212,213,50,387,334,88,385,372,384,280,383,414,178,262,263,393,395,52,49,337,93,272,441,48,146,171,164,332,47,392,165,381,294,386,45,41,382,285,44,51,284,397,378,379,380,396,147,278,46,283,282,394,270,296,36,145,38,224,35,37,39,279,40,66,43,162,42,399,400,156,94,9,230,3,333,77,100,78,440,172,265,199,197,107,161,317,261,264,266,336,129,58,160,126,229,7,112,236,155,340,237,95,238,128,154,119,223,159,122,8,273,158,127,193,140,116,91,118,4,168,6,169,142,104,138,123,120,132,135,133,136,358,137,97,124,106,139,111,108,141,113,131,117,313,92,411,341,61,318,105,319,54,99,342,274,408,315,344,314,60,62,148,320,96,316,268,267,356,351,18,153,412,121,114,57,413,134,125,115,130,231,110,56,5,191,72,65,271,67,87,355,277,89,76,68,17,374,377,71,370,275,346,74,276,371,367,55,73,152,357,109,335,75,59,196,343,194,63,195,220,215,33,70,166,347,64,173,170,34,401,143,354,144,151,149,353,222,406,407,150,227,405,163,233,192,190,226,221,228,225,82,234,235,352,83,84,85,366,53,232,303,176,350,86,365,177,189,345,364,362,167,219,363,302,14,175,81,11,13,10,32,31,174,180,80,349,181,12,348,216,217,218,188,361,183,481,179,301,79,182,427,16,430,487,429,428,15,0,455,445,19,450,448,1,260,453,464,484,446,485,442,439,432,479,456,431,451,438,449,447,467,470,28,436,452,458,465,462,473,461,422,20,476,433,488,257,468,437,471,477,256,459,474,454,517,457,509,423,259,444,258,480,486,482,483,506,187,508,359,21,185,186,24,184,22,23,25,360,26,528,498,27,425,29,30,322,489,324,388,325,323,510,526,527,499,390,490,503,391,525,515,321,504,389,505,426,507,434,500,435,497,523,524,529,533,424,516,101,501,511,512,514,103,102,513,519,502,327,329,330,518,521,522,326,494,520,2,331,328,530,492,532,531,536,535,495,491,493,496,534,
402,369,403,404,309,69,241,311,250,254,305,310,308,306,253,304,255,247,252,246,251,410,243,242,248,249,240,245,466,478,244,463,475,368,90,295,419,469,472,307,312,460,417,293,297,298,376,286,421,409,375,281,287,239,300,292,290,299,443,420,338,198,373,214,211,415,418,339,203,209,269,416,157,202,210,204,398,205,201,200,207,208,291,289,288,98,206,212,213,50,387,334,88,385,372,384,280,383,414,178,263,262,393,395,52,49,337,93,441,272,146,48,171,164,332,47,165,381,392,294,41,382,285,386,44,45,397,284,51,378,380,396,379,147,46,278,283,282,270,394,296,145,36,38,224,35,37,39,66,40,279,43,162,42,399,156,400,94,230,9,3,333,77,78,100,440,172,265,199,197,107,161,317,261,264,266,336,58,129,160,126,229,7,112,155,236,340,237,95,238,128,119,154,223,159,158,8,122,273,127,140,116,193,91,118,4,168,6,169,142,123,135,132,138,120,104,136,133,97,358,137,124,106,111,139,108,131,113,141,92,313,117,61,105,318,411,341,319,342,54,99,274,408,315,344,314,148,60,62,320,268,267,316,96,356,351,18,153,134,121,413,57,412,114,231,130,125,115,110,5,56,65,271,72,191,67,87,277,355,89,68,76,17,377,71,370,374,275,346,74,276,371,55,367,73,152,357,109,75,335,59,196,194,343,63,195,220,33,70,215,166,347,64,173,170,34,401,143,354,144,151,149,222,353,407,150,406,227,405,163,226,233,221,190,192,228,225,82,235,234,352,85,83,84,366,176,303,232,53,350,86,189,365,177,345,364,167,302,219,362,363,14,175,81,11,10,13,32,31,174,180,80,181,349,12,348,188,218,217,216,361,183,481,179,79,301,182,427,16,430,487,428,429,15,0,455,445,19,450,448,1,260,453,464,484,446,485,442,432,439,479,456,451,438,431,447,449,467,470,28,452,436,465,462,458,473,422,461,20,433,488,476,257,256,437,477,471,459,468,474,454,517,457,509,259,423,444,258,480,482,486,483,506,187,508,359,21,185,22,184,24,23,186,25,360,26,528,498,425,27,29,30,489,324,322,323,388,325,510,526,527,499,391,390,490,525,503,515,321,389,505,504,507,426,500,434,435,497,523,516,424,533,524,529,501,101,512,103,513,102,511,514,519,502,329,327,330,518,521,326,520,522,494,331,2,328,491,492,532,530,493,496,534,531,535,495,536,
402,369,403,404,309,69,241,311,250,254,305,308,310,306,253,304,255,247,252,246,251,410,243,242,248,249,240,245,466,478,244,463,475,368,90,295,419,469,472,307,312,460,417,293,297,298,376,286,421,409,375,281,287,239,300,292,290,299,443,420,338,198,373,214,211,415,418,339,209,203,269,416,157,202,210,398,204,205,201,200,208,207,291,289,288,98,206,212,213,387,50,334,88,385,372,384,383,280,414,178,263,262,393,395,52,49,337,93,441,272,48,146,171,164,332,47,381,165,392,294,382,386,41,44,285,45,397,284,51,378,379,396,380,147,278,46,283,282,394,270,296,36,145,38,224,37,35,39,279,40,66,43,162,42,399,400,156,94,9,230,3,333,77,78,100,440,172,265,199,197,107,161,317,261,264,266,336,160,58,129,126,229,7,112,155,236,340,95,238,237,128,119,154,223,159,122,8,158,273,127,140,116,193,91,118,168,4,169,6,142,120,104,123,132,135,138,137,97,133,136,358,124,106,139,111,108,141,131,113,92,117,313,341,411,61,318,105,319,274,99,342,54,408,315,314,344,148,60,62,320,267,356,96,268,316,18,153,351,412,57,121,134,114,413,130,125,231,115,110,56,5,67,72,271,65,191,277,87,355,89,76,68,71,377,374,370,17,74,346,275,371,276,367,55,73,152,357,109,335,75,59,196,343,194,63,195,220,215,33,70,166,347,173,64,170,34,401,143,354,144,149,151,353,222,150,407,406,227,163,405,233,190,192,226,221,228,82,225,234,235,352,83,366,84,85,232,303,53,176,350,86,189,365,177,364,345,167,362,302,363,219,81,175,14,11,10,13,32,31,180,174,80,181,349,348,12,217,188,216,218,361,183,179,481,79,301,182,427,16,430,487,428,429,0,15,455,445,450,19,1,448,453,260,464,484,446,485,442,432,439,456,479,431,451,438,447,449,470,467,28,436,452,458,462,465,473,461,422,20,488,476,433,257,468,474,459,256,471,437,477,454,517,457,509,444,259,423,258,482,486,480,483,506,187,508,359,21,185,184,24,23,22,186,25,360,26,498,528,30,27,29,425,324,322,489,325,388,323,510,526,527,525,490,499,503,391,390,515,321,504,389,505,426,507,434,500,435,497,523,524,516,533,424,529,101,501,513,102,514,512,511,103,519,502,329,330,518,327,522,521,520,326,494,331,2,328,492,496,532,535,531,491,536,534,495,493,530,
402,369,403,404,309,69,241,311,250,254,305,310,308,306,253,304,255,247,252,246,251,410,243,242,248,249,240,245,466,478,244,463,90,368,475,295,419,469,472,307,312,460,417,293,298,297,376,286,421,409,375,281,287,239,300,292,290,299,443,420,338,198,373,214,211,415,418,339,209,203,416,269,157,202,210,204,398,205,201,200,207,208,291,289,288,98,206,212,213,387,50,334,88,385,372,384,383,280,414,178,262,263,393,395,52,49,337,93,272,441,48,146,171,164,332,47,165,392,381,294,45,41,285,386,382,44,51,397,284,380,396,379,378,147,278,46,283,282,270,394,296,36,145,38,224,35,37,39,279,40,66,43,162,42,399,400,156,94,230,9,3,333,77,100,78,440,172,265,199,197,107,161,317,264,261,266,336,129,160,58,126,229,7,236,155,112,340,237,238,95,154,119,128,223,159,158,273,8,122,127,116,193,140,91,118,4,168,169,6,142,135,104,132,120,123,138,358,133,137,97,136,124,106,108,139,111,141,131,113,92,313,117,318,105,411,341,61,319,99,54,342,274,408,315,344,314,60,62,148,320,268,267,356,316,96,18,351,153,413,114,134,412,57,121,115,130,231,125,56,5,110,271,65,191,67,72,277,355,87,89,68,76,374,370,17,71,377,74,346,275,371,276,55,367,152,73,357,109,75,335,59,196,194,343,195,63,220,33,70,215,166,347,64,173,170,143,34,401,354,144,149,151,353,222,406,407,150,405,227,163,233,190,221,226,192,228,225,82,234,235,352,84,85,366,83,303,53,232,176,86,350,177,365,189,364,345,219,363,167,302,362,175,81,14,11,13,32,10,174,31,180,80,181,349,12,348,188,217,216,218,361,183,481,179,301,79,182,427,16,430,487,428,429,15,0,455,445,450,19,1,448,260,453,484,464,446,442,485,432,439,456,479,438,431,451,449,447,470,467,28,436,452,465,458,462,473,422,461,20,488,476,433,257,468,256,437,474,459,471,477,454,517,457,509,444,259,423,258,486,480,482,483,506,187,508,359,21,185,22,24,23,186,184,25,360,26,528,498,27,30,425,29,322,489,324,388,325,323,526,510,527,490,525,391,503,499,390,515,321,504,505,389,426,507,434,500,435,497,523,524,533,529,424,516,501,101,103,513,514,102,511,512,519,502,330,329,327,518,326,520,521,494,522,2,328,331,496,532,536,495,491,534,530,531,492,493,535,
402,369,403,404,309,69,241,311,250,254,305,310,308,306,253,304,255,247,252,246,251,410,243,242,248,249,240,245,466,478,244,463,475,368,90,295,419,469,472,307,312,460,417,293,297,298,376,286,421,375,409,281,287,239,300,292,290,299,443,420,338,198,373,214,211,415,418,339,209,203,416,269,157,210,202,204,398,205,201,200,208,207,291,289,288,206,98,212,213,387,50,334,88,385,372,384,383,280,414,178,262,263,393,395,52,49,337,93,272,441,146,48,171,164,332,47,392,165,381,294,285,41,386,382,44,45,397,284,51,378,380,379,396,147,46,278,283,282,394,270,296,145,36,38,224,35,37,39,279,66,40,43,162,42,399,400,156,94,9,230,3,333,77,100,78,440,172,265,199,197,107,161,317,264,261,266,336,58,129,160,126,229,7,236,155,112,340,238,95,237,119,154,128,223,159,8,273,158,122,127,140,116,193,91,118,168,4,169,6,142,123,138,120,135,104,132,136,137,97,358,133,106,124,108,139,111,113,131,141,313,117,92,105,341,411,61,318,319,342,99,54,274,408,315,314,344,60,62,148,320,96,267,268,316,356,153,18,351,413,57,412,121,114,134,130,231,125,115,56,110,5,191,271,67,72,65,87,277,355,89,76,68,374,17,71,370,377,275,346,74,371,276,367,55,73,152,357,109,75,335,59,196,343,194,63,195,220,215,33,70,347,166,64,173,170,143,34,401,354,144,149,151,222,353,407,406,150,405,163,227,228,226,233,192,190,221,225,82,234,235,352,84,85,366,83,53,303,176,232,86,350,189,365,177,345,364,302,362,363,219,167,175,81,14,11,13,32,10,174,31,180,80,181,349,12,348,188,216,218,217,361,183,179,481,79,301,182,427,16,430,487,428,429,15,0,455,445,450,19,1,448,260,453,446,484,464,485,442,432,439,456,479,438,431,451,447,449,467,470,28,436,452,458,462,465,473,461,422,20,476,433,488,257,468,459,477,437,474,471,256,454,517,457,509,444,259,423,258,480,482,486,483,506,187,508,359,21,185,23,24,22,184,186,25,360,26,498,528,30,29,27,425,324,489,322,325,388,323,510,526,527,503,390,499,525,391,490,515,321,505,389,504,426,507,434,500,435,497,523,524,424,529,516,533,101,501,511,514,513,103,512,102,519,502,518,329,327,330,494,520,326,522,521,2,328,331,530,531,495,496,536,493,491,492,534,532,535,
402,369,403,404,309,69,241,311,250,254,305,308,310,306,253,304,255,247,252,246,251,410,243,242,249,248,240,245,466,478,244,463,90,368,475,295,419,469,472,307,312,460,417,293,298,297,376,286,421,375,409,281,287,239,300,292,290,299,443,420,338,198,373,214,211,415,418,339,203,209,416,269,157,210,202,204,398,205,201,200,207,208,291,289,288,98,206,212,213,387,50,334,88,385,372,384,280,383,414,178,262,263,393,395,52,49,337,93,441,272,48,146,171,164,332,47,392,381,165,294,285,41,382,44,45,386,284,397,51,380,379,396,378,147,278,46,283,282,270,394,296,145,36,38,224,37,35,39,66,40,279,43,162,42,399,400,156,94,9,230,3,333,77,100,78,440,172,265,199,197,161,107,317,261,264,266,336,58,160,129,126,229,7,112,236,155,340,237,95,238,128,154,119,223,159,158,273,122,8,127,140,116,193,91,118,4,168,6,169,142,123,120,132,104,135,138,358,137,133,136,97,106,124,139,108,111,131,113,141,313,117,92,105,61,411,341,318,319,54,342,274,99,315,408,344,314,60,148,62,320,316,267,356,268,96,18,351,153,57,412,134,413,114,121,130,125,115,231,110,5,56,191,72,65,67,271,87,355,277,89,76,68,374,71,17,370,377,74,275,346,371,276,367,55,73,152,357,109,335,75,59,196,194,343,195,63,220,70,215,33,347,166,64,173,170,401,34,143,354,144,149,151,353,222,407,150,406,163,405,227,228,233,190,221,226,192,82,225,235,234,352,83,84,85,366,176,232,53,303,350,86,177,365,189,345,364,363,302,362,219,167,175,14,81,11,10,13,32,31,180,174,80,181,349,348,12,218,217,188,216,361,183,481,179,301,79,182,427,16,430,487,429,428,15,0,455,445,19,450,448,1,260,453,464,446,484,485,442,439,432,479,456,451,438,431,447,449,470,467,28,436,452,465,458,462,473,422,461,20,433,476,488,257,477,459,471,468,474,437,256,454,517,457,509,423,444,259,258,480,482,486,483,506,187,508,359,21,185,23,186,22,184,24,25,360,26,528,498,425,29,27,30,489,322,324,388,325,323,510,526,527,499,525,503,391,490,390,515,321,505,504,389,426,507,434,500,435,497,523,529,533,424,524,516,501,101,103,511,512,513,514,102,519,502,330,327,518,329,326,494,521,522,520,2,328,331,535,493,532,492,534,495,531,491,530,496,536,
402,369,403,404,309,69,241,311,250,254,305,310,308,306,253,304,255,247,252,246,251,410,243,242,249,248,240,245,466,478,244,463,90,475,368,295,419,469,472,307,312,460,417,293,298,297,376,286,421,375,409,281,287,239,300,292,290,299,443,420,338,198,373,214,211,415,418,339,209,203,416,269,157,202,210,204,398,205,201,200,207,208,291,289,288,206,98,212,213,387,50,334,88,385,372,384,383,280,414,178,262,263,393,395,52,49,337,93,441,272,48,146,171,164,332,47,381,392,165,294,41,386,285,382,45,44,51,397,284,378,379,380,396,147,278,46,283,282,270,394,296,36,145,38,224,35,37,39,279,66,40,43,162,42,399,400,156,94,9,230,3,333,77,78,100,440,172,265,199,197,107,161,317,261,264,266,336,160,129,58,126,229,7,155,112,236,340,95,237,238,119,128,154,223,159,8,122,273,158,127,140,116,193,91,118,168,4,6,169,142,123,120,138,135,104,132,358,133,136,137,97,106,124,108,139,111,131,141,113,117,313,92,341,61,318,411,105,319,54,99,342,274,408,315,314,344,60,62,148,320,267,316,356,96,268,153,351,18,134,413,114,412,57,121,115,231,125,130,56,5,110,271,65,191,72,67,355,277,87,89,76,68,71,370,17,377,374,346,74,275,371,276,367,55,73,152,357,109,75,335,59,196,194,343,63,195,220,70,33,215,347,166,173,64,170,34,401,143,354,144,151,149,222,353,150,406,407,163,227,405,192,228,226,233,190,221,225,82,235,234,352,366,85,83,84,53,232,176,303,350,86,189,177,365,345,364,302,167,219,363,362,81,175,14,11,13,32,10,31,80,180,174,181,349,12,348,216,188,217,218,361,183,481,179,301,79,182,427,16,430,487,428,429,15,0,455,445,450,19,448,1,453,260,464,446,484,442,485,439,432,479,456,431,451,438,449,447,470,467,28,452,436,458,462,465,473,461,422,20,433,488,476,257,471,468,256,477,459,437,474,454,517,457,509,444,423,259,258,480,486,482,483,506,187,508,359,21,185,186,23,184,24,22,25,360,26,528,498,425,29,30,27,489,322,324,388,323,325,510,526,527,490,503,525,390,391,499,515,321,504,389,505,507,426,434,500,435,497,523,516,529,533,524,424,101,501,512,103,514,102,513,511,519,502,327,329,518,330,326,520,494,521,522,2,331,328,536,535,492,532,531,496,534,491,530,493,495,
402,369,403,404,309,69,241,311,250,254,305,308,310,306,253,304,255,247,252,246,251,410,243,242,249,248,240,245,466,478,244,463,475,90,368,295,419,469,472,307,312,460,417,293,297,298,376,286,421,409,375,281,287,239,300,292,290,299,443,420,338,198,373,214,211,415,418,339,203,209,269,416,157,210,202,204,398,205,201,200,207,208,291,289,288,206,98,212,213,50,387,334,88,385,372,384,280,383,414,178,263,262,393,395,52,49,337,93,441,272,48,146,171,164,332,47,392,165,381,294,44,382,285,41,45,386,51,284,397,380,379,396,378,147,46,278,283,282,270,394,296,145,36,38,224,37,35,39,66,279,40,43,162,42,399,156,400,94,9,230,3,333,77,78,100,440,172,265,199,197,161,107,317,261,264,266,336,58,129,160,126,229,7,155,236,112,340,238,95,237,154,119,128,223,159,8,273,158,122,127,116,140,193,91,118,168,4,6,169,142,120,104,138,135,123,132,137,136,97,358,133,106,124,111,139,108,131,113,141,92,313,117,318,105,341,61,411,319,99,342,54,274,408,315,344,314,60,62,148,320,267,316,268,96,356,18,351,153,121,114,134,413,57,412,231,115,125,130,110,5,56,65,191,271,67,72,87,277,355,89,76,68,377,71,370,374,17,346,275,74,371,276,55,367,73,152,357,109,335,75,59,196,194,343,63,195,220,70,33,215,166,347,173,64,170,143,34,401,354,144,149,151,353,222,406,150,407,405,227,163,228,233,226,221,190,192,82,225,235,234,352,84,83,366,85,303,53,232,176,86,350,189,365,177,345,364,219,362,363,167,302,175,14,81,11,10,13,32,180,31,80,174,349,181,348,12,216,217,188,218,361,183,179,481,301,79,182,427,16,430,487,428,429,0,15,455,445,450,19,448,1,260,453,446,484,464,485,442,439,432,456,479,431,451,438,449,447,470,467,28,452,436,462,465,458,473,422,461,20,433,488,476,257,477,459,471,468,256,437,474,454,517,457,509,423,444,259,258,482,486,480,483,506,187,508,359,21,185,186,24,22,23,184,25,360,26,498,528,27,29,30,425,489,324,322,388,325,323,526,510,527,525,390,499,391,490,503,515,321,389,504,505,426,507,500,434,435,497,523,516,533,524,424,529,501,101,514,512,102,513,511,103,519,502,330,329,327,518,521,520,494,522,326,331,328,2,493,530,495,531,536,534,496,532,491,492,535,
402,369,403,404,309,69,241,311,250,254,305,308,310,306,253,304,255,247,252,246,251,410,243,242,249,248,240,245,466,478,244,463,368,475,90,295,419,469,472,307,312,460,417,293,297,298,376,286,421,375,409,281,287,239,300,292,290,299,443,420,338,198,373,214,211,415,418,339,209,203,269,416,157,210,202,204,398,205,201,200,208,207,291,289,288,206,98,212,213,50,387,334,88,385,372,384,280,383,414,178,262,263,393,395,52,49,337,93,272,441,48,146,171,164,332,47,165,381,392,294,285,45,41,386,44,382,397,51,284,378,379,396,380,147,278,46,283,282,394,270,296,36,145,38,224,35,37,39,40,66,279,43,162,42,399,156,400,94,230,9,3,333,77,78,100,440,172,265,199,197,161,107,317,264,261,266,336,160,129,58,126,229,7,112,236,155,340,95,237,238,154,119,128,223,159,273,8,158,122,127,193,140,116,91,118,4,168,6,169,142,123,135,132,120,104,138,133,97,358,136,137,106,124,139,111,108,131,141,113,92,117,313,411,341,105,61,318,319,342,54,274,99,315,408,314,344,62,148,60,320,267,316,268,96,356,18,153,351,121,57,413,412,134,114,125,115,130,231,110,56,5,271,65,67,191,72,87,277,355,89,68,76,377,71,17,370,374,74,346,275,371,276,367,55,73,152,357,109,335,75,59,196,343,194,195,63,220,33,215,70,347,166,64,173,170,143,401,34,354,144,151,149,353,222,406,150,407,163,405,227,226,221,190,192,233,228,225,82,234,235,352,84,83,366,85,176,53,232,303,86,350,177,189,365,364,345,363,362,219,302,167,81,175,14,11,10,13,32,174,80,31,180,349,181,348,12,216,218,188,217,361,183,481,179,79,301,182,427,16,430,487,428,429,15,0,455,445,450,19,448,1,453,260,464,446,484,442,485,439,432,456,479,431,438,451,449,447,470,467,28,452,436,465,462,458,473,422,461,20,433,476,488,257,459,471,437,474,468,256,477,454,517,457,509,423,444,259,258,486,482,480,483,506,187,508,359,21,185,22,24,186,23,184,25,360,26,528,498,29,27,425,30,489,322,324,388,323,325,510,526,527,390,503,391,499,490,525,515,321,504,505,389,507,426,434,500,435,497,523,529,533,524,424,516,501,101,512,511,514,103,102,513,519,502,518,330,329,327,326,521,520,522,494,2,328,331,495,493,491,496,532,492,530,535,536,534,531,
402,369,403,404,309,69,241,311,250,254,305,308,310,306,253,304,255,247,252,246,251,410,243,242,248,249,240,245,466,478,244,463,90,368,475,295,419,469,472,307,312,460,417,293,298,297,376,286,421,375,409,281,287,239,300,292,290,299,443,420,338,198,373,214,211,415,418,339,203,209,416,269,157,210,202,398,204,205,201,200,208,207,291,289,288,98,206,212,213,387,50,334,88,385,372,384,280,383,414,178,263,262,393,395,52,49,337,93,272,441,146,48,171,164,332,47,392,381,165,294,41,44,386,285,45,382,284,397,51,396,380,378,379,147,278,46,283,282,270,394,296,145,36,38,224,37,35,39,40,279,66,43,162,42,399,400,156,94,9,230,3,333,77,100,78,440,172,265,199,197,161,107,317,261,264,266,336,58,160,129,126,229,7,236,155,112,340,237,95,238,154,119,128,223,159,8,273,158,122,127,140,116,193,91,118,168,4,169,6,142,104,120,135,138,132,123,133,137,97,136,358,106,124,111,139,108,141,131,113,92,313,117,318,105,341,411,61,319,342,274,99,54,315,408,344,314,60,148,62,320,96,316,267,268,356,18,351,153,121,57,114,413,412,134,130,231,115,125,110,56,5,67,72,191,65,271,355,87,277,89,68,76,377,370,374,71,17,275,74,346,371,276,55,367,73,152,357,109,335,75,59,196,194,343,195,63,220,70,215,33,347,166,173,64,170,143,34,401,354,144,151,149,222,353,406,407,150,227,163,405,192,228,190,226,221,233,225,82,234,235,352,366,85,83,84,232,176,53,303,350,86,189,177,365,364,345,302,219,362,363,167,81,14,175,11,13,10,32,31,174,180,80,181,349,12,348,217,218,216,188,361,183,179,481,79,301,182,427,16,430,487,429,428,15,0,455,445,19,450,448,1,260,453,484,464,446,442,485,439,432,479,456,451,431,438,447,449,467,470,28,452,436,465,462,458,473,422,461,20,488,433,476,257,468,477,471,256,437,459,474,454,517,457,509,423,444,259,258,482,486,480,483,506,187,508,359,21,185,186,23,22,24,184,25,360,26,498,528,27,425,30,29,489,322,324,388,323,325,526,510,527,391,525,490,390,499,503,515,321,389,505,504,426,507,500,434,435,497,523,533,424,524,529,516,501,101,103,102,514,513,511,512,519,502,327,330,329,518,521,522,494,520,326,328,2,331,531,491,530,492,534,535,536,493,495,496,532,
402,369,403,404,309,69,241,311,250,254,305,308,310,306,253,304,255,247,252,246,251,410,243,242,248,249,240,245,466,478,244,463,368,90,475,295,419,469,472,307,312,460,417,293,298,297,376,286,421,409,375,281,287,239,300,292,290,299,443,420,338,198,373,214,211,415,418,339,203,209,269,416,157,210,202,204,398,205,201,200,208,207,291,289,288,98,206,212,213,50,387,334,88,385,372,384,280,383,414,178,263,262,393,395,52,49,337,93,441,272,146,48,171,164,332,47,165,381,392,294,44,285,41,386,45,382,51,284,397,380,378,379,396,147,46,278,283,282,394,270,296,36,145,38,224,35,37,39,66,279,40,43,162,42,399,400,156,94,9,230,3,333,77,78,100,440,172,265,199,197,107,161,317,261,264,266,336,58,160,129,126,229,7,155,112,236,340,95,237,238,128,119,154,223,159,158,273,122,8,127,140,116,193,91,118,4,168,169,6,142,138,104,132,120,135,123,136,137,133,97,358,106,124,111,139,108,113,131,141,92,313,117,61,411,105,318,341,319,54,342,99,274,315,408,344,314,62,60,148,320,356,316,96,267,268,153,18,351,114,412,121,57,134,413,115,231,125,130,110,5,56,67,191,65,271,72,355,277,87,89,68,76,377,370,71,374,17,74,275,346,276,371,55,367,152,73,357,109,75,335,59,196,194,343,195,63,220,33,70,215,166,347,64,173,170,143,34,401,354,144,149,151,353,222,150,407,406,405,163,227,221,190,192,233,228,226,82,225,235,234,352,83,366,84,85,53,303,232,176,86,350,177,189,365,345,364,167,362,219,363,302,81,175,14,11,32,10,13,174,80,180,31,181,349,348,12,188,216,217,218,361,183,179,481,301,79,182,427,16,430,487,428,429,15,0,455,445,450,19,448,1,453,260,464,484,446,485,442,439,432,479,456,451,438,431,449,447,467,470,28,452,436,458,465,462,473,461,422,20,488,476,433,257,459,474,256,468,437,471,477,454,517,457,509,444,423,259,258,482,486,480,483,506,187,508,359,21,185,184,22,24,23,186,25,360,26,528,498,27,29,425,30,322,489,324,388,325,323,526,510,527,490,525,503,391,390,499,515,321,504,505,389,426,507,500,434,435,523,497,524,516,424,529,533,501,101,514,102,513,511,103,512,519,502,518,327,330,329,520,494,521,326,522,2,328,331,535,491,496,534,532,530,536,495,492,531,493,
402,369,403,404,309,69,241,311,250,254,305,310,308,306,253,304,255,247,252,246,251,410,243,242,249,248,240,245,466,478,244,463,475,90,368,295,419,469,472,307,312,460,417,293,298,297,376,286,421,409,375,281,287,239,300,292,290,299,443,420,338,198,373,214,211,415,418,339,203,209,269,416,157,210,202,204,398,205,201,200,207,208,291,289,288,206,98,212,213,387,50,334,88,385,372,384,383,280,414,178,263,262,393,395,52,49,337,93,272,441,146,48,171,164,332,47,392,165,381,294,386,44,41,45,382,285,397,51,284,379,378,380,396,147,46,278,283,282,394,270,296,145,36,38,224,35,37,39,66,40,279,43,162,42,399,400,156,94,9,230,3,333,77,78,100,440,172,265,199,197,161,107,317,261,264,266,336,58,129,160,126,229,7,112,236,155,340,238,237,95,154,119,128,223,159,122,273,158,8,127,193,140,116,91,118,168,4,6,169,142,123,132,138,135,104,120,133,358,136,137,97,124,106,108,139,111,141,113,131,92,313,117,105,61,318,411,341,319,274,99,342,54,315,408,344,314,62,60,148,320,268,356,316,267,96,351,18,153,57,134,121,412,114,413,115,231,125,130,5,110,56,67,65,191,271,72,277,87,355,89,68,76,374,17,377,370,71,74,275,346,371,276,367,55,73,152,357,109,75,335,59,196,194,343,63,195,220,70,33,215,347,166,64,173,170,401,34,143,354,144,149,151,353,222,407,150,406,163,405,227,233,192,228,221,190,226,225,82,235,234,352,85,84,366,83,176,303,53,232,86,350,189,365,177,345,364,362,302,219,167,363,175,14,81,11,32,10,13,180,80,174,31,349,181,12,348,218,188,217,216,361,183,179,481,301,79,182,427,16,430,487,429,428,15,0,455,445,19,450,1,448,260,453,464,484,446,485,442,432,439,456,479,438,451,431,449,447,470,467,28,436,452,465,462,458,473,422,461,20,476,433,488,257,477,474,471,468,437,256,459,454,517,457,509,423,259,444,258,482,480,486,483,506,187,508,359,21,185,186,24,23,22,184,25,360,26,498,528,30,27,425,29,322,324,489,388,323,325,526,510,527,490,390,503,499,391,525,515,321,505,389,504,426,507,500,434,435,497,523,524,516,529,424,533,101,501,514,102,103,512,511,513,519,502,329,518,327,330,520,521,522,494,326,331,328,2,493,536,496,530,492,491,532,531,534,535,495,
402,369,403,404,309,69,241,311,250,254,305,310,308,306,253,304,255,247,252,246,251,410,243,242,249,248,240,245,466,478,244,463,368,90,475,295,419,469,472,307,312,460,417,293,298,297,376,286,421,375,409,281,287,239,300,292,290,299,443,420,338,198,373,214,211,415,418,339,203,209,416,269,157,202,210,204,398,205,201,200,208,207,291,289,288,206,98,212,213,387,50,334,88,385,372,384,280,383,414,178,262,263,393,395,52,49,337,93,272,441,146,48,171,164,332,47,392,381,165,294,45,285,386,382,44,41,397,51,284,396,378,379,380,147,46,278,283,282,394,270,296,36,145,38,224,37,35,39,40,279,66,43,162,42,399,156,400,94,9,230,3,333,77,100,78,440,172,265,199,197,107,161,317,261,264,266,336,129,160,58,126,229,7,155,112,236,340,95,238,237,154,119,128,223,159,158,8,273,122,127,116,140,193,91,118,4,168,169,6,142,120,104,132,135,138,123,137,133,97,358,136,124,106,111,139,108,141,131,113,117,313,92,341,411,318,61,105,319,54,274,342,99,408,315,344,314,62,148,60,320,356,268,96,267,316,153,18,351,413,134,57,121,114,412,231,125,115,130,110,56,5,271,65,191,67,72,277,355,87,89,68,76,377,17,374,370,71,346,74,275,371,276,55,367,73,152,357,109,75,335,59,196,194,343,63,195,220,215,33,70,166,347,64,173,170,401,143,34,354,144,149,151,353,222,407,150,406,405,163,227,226,221,228,190,192,233,82,225,234,235,352,366,83,84,85,303,53,176,232,86,350,365,189,177,345,364,362,167,219,363,302,175,14,81,11,13,32,10,180,174,31,80,181,349,348,12,218,188,216,217,361,183,481,179,79,301,182,427,16,430,487,428,429,0,15,455,445,19,450,448,1,453,260,484,446,464,442,485,432,439,456,479,438,451,431,447,449,467,470,28,452,436,458,465,462,473,422,461,20,476,433,488,257,437,468,471,474,256,459,477,454,517,457,509,259,444,423,258,482,480,486,483,506,187,508,359,21,185,186,184,23,22,24,25,360,26,528,498,27,29,30,425,489,324,322,323,388,325,510,526,527,490,499,391,503,525,390,515,321,505,389,504,507,426,434,500,435,497,523,516,424,524,529,533,101,501,513,512,102,514,103,511,519,502,327,329,330,518,494,326,522,521,520,331,2,328,532,491,493,535,495,492,531,536,496,530,534,
402,369,403,404,309,69,241,311,250,254,305,310,308,306,253,304,255,247,252,246,251,410,243,242,249,248,240,245,466,478,244,463,90,368,475,295,419,469,472,307,312,460,417,293,297,298,376,286,421,409,375,281,287,239,300,292,290,299,443,420,338,198,373,214,211,418,415,339,209,203,416,269,157,202,210,398,204,205,201,200,207,208,291,289,288,98,206,212,213,50,387,334,88,385,372,384,383,280,414,178,262,263,393,395,52,49,337,93,272,441,48,146,171,164,332,47,165,392,381,294,45,41,382,386,44,285,397,51,284,378,396,380,379,147,278,46,283,282,270,394,296,36,145,38,224,37,35,39,40,66,279,43,162,42,399,156,400,94,230,9,3,333,77,100,78,440,172,265,199,197,161,107,317,261,264,266,336,58,160,129,126,229,7,236,112,155,340,237,238,95,154,119,128,223,159,158,273,122,8,127,116,193,140,91,118,168,4,169,6,142,123,104,132,138,120,135,133,358,136,97,137,106,124,139,108,111,141,131,113,313,117,92,411,318,105,61,341,319,342,99,54,274,408,315,344,314,60,62,148,320,316,268,96,356,267,18,351,153,57,121,413,412,114,134,231,115,125,130,110,5,56,72,271,65,67,191,355,87,277,89,68,76,377,370,71,17,374,275,346,74,276,371,367,55,152,73,357,109,335,75,59,196,343,194,63,195,220,215,70,33,347,166,173,64,170,143,401,34,354,144,149,151,353,222,150,406,407,227,163,405,228,226,221,190,192,233,225,82,235,234,352,366,84,85,83,303,176,232,53,86,350,189,365,177,345,364,167,302,362,219,363,14,81,175,11,13,10,32,174,180,80,31,349,181,348,12,217,216,218,188,361,183,179,481,79,301,182,427,16,430,487,428,429,0,15,455,445,19,450,448,1,260,453,464,484,446,485,442,439,432,479,456,438,451,431,449,447,470,467,28,436,452,465,458,462,473,422,461,20,488,433,476,257,256,468,459,471,437,477,474,454,517,457,509,444,259,423,258,486,480,482,483,506,187,508,359,21,185,24,186,23,184,22,25,360,26,498,528,29,425,27,30,322,324,489,325,388,323,526,510,527,525,391,503,490,499,390,515,321,389,504,505,426,507,500,434,435,497,523,529,533,516,524,424,501,101,514,102,512,103,513,511,519,502,327,518,330,329,326,522,521,494,520,2,331,328,532,530,535,534,531,536,496,492,495,493,491,
402,369,403,404,309,69,241,311,250,254,305,310,308,306,253,304,255,247,252,246,251,410,243,242,249,248,240,245,466,478,244,463,368,475,90,295,419,469,472,307,312,460,417,293,297,298,376,286,421,375,409,281,287,239,300,292,290,299,443,420,338,198,373,214,211,415,418,339,203,209,416,269,157,202,210,398,204,205,201,200,208,207,291,289,288,206,98,212,213,387,50,334,88,385,372,384,383,280,414,178,262,263,393,395,52,49,337,93,441,272,48,146,171,164,332,47,392,165,381,294,382,285,41,44,45,386,397,51,284,380,396,379,378,147,278,46,283,282,394,270,296,36,145,38,224,37,35,39,40,279,66,43,162,42,399,400,156,94,9,230,3,333,77,78,100,440,172,265,199,197,107,161,317,264,261,266,336,160,58,129,126,229,7,236,112,155,340,238,95,237,154,119,128,223,159,122,273,158,8,127,193,116,140,91,118,168,4,6,169,142,104,135,123,138,132,120,97,358,136,137,133,106,124,139,111,108,131,141,113,313,117,92,105,61,411,318,341,319,274,342,99,54,315,408,314,344,60,62,148,320,96,356,316,268,267,351,153,18,413,114,134,121,57,412,231,130,115,125,56,5,110,271,72,67,191,65,355,277,87,89,68,76,71,370,374,377,17,346,275,74,276,371,55,367,73,152,357,109,75,335,59,196,343,194,195,63,220,33,215,70,347,166,173,64,170,34,401,143,354,144,151,149,353,222,407,406,150,163,405,227,221,190,192,228,226,233,82,225,234,235,352,366,84,85,83,232,53,303,176,86,350,189,177,365,364,345,167,362,219,302,363,14,81,175,11,10,32,13,80,31,174,180,349,181,12,348,217,216,218,188,361,183,481,179,79,301,182,427,16,430,487,429,428,0,15,455,445,450,19,448,1,260,453,464,446,484,485,442,439,432,479,456,431,451,438,447,449,470,467,28,436,452,462,458,465,473,461,422,20,476,488,433,257,474,437,468,471,256,459,477,454,517,457,509,444,259,423,258,480,486,482,483,506,187,508,359,21,185,184,186,24,22,23,25,360,26,498,528,30,29,425,27,324,322,489,323,388,325,510,526,527,499,390,525,503,490,391,515,321,504,505,389,426,507,500,434,435,497,523,524,529,516,533,424,501,101,514,511,512,102,513,103,519,502,330,518,329,327,522,520,494,326,521,331,2,328,492,495,534,496,531,530,491,535,532,493,536,
402,369,403,404,309,69,241,311,250,254,305,310,308,306,253,304,255,247,252,246,251,410,243,242,249,248,240,245,466,478,244,463,368,475,90,295,419,469,472,307,312,460,417,293,297,298,376,286,421,375,409,281,287,239,300,292,290,299,443,420,338,198,373,214,211,415,418,339,203,209,416,269,157,202,210,398,204,205,201,200,208,207,291,289,288,206,98,212,213,387,50,334,88,385,372,384,280,383,414,178,263,262,393,395,52,49,337,93,441,272,146,48,171,164,332,47,392,381,165,294,41,285,45,44,386,382,284,397,51,379,378,396,380,147,46,278,283,282,270,394,296,36,145,38,224,37,35,39,66,279,40,43,162,42,399,400,156,94,230,9,3,333,77,100,78,440,172,265,199,197,161,107,317,264,261,266,336,129,58,160,126,229,7,155,112,236,340,95,237,238,128,154,119,223,159,273,122,158,8,127,116,193,140,91,118,4,168,169,6,142,135,132,120,138,104,123,97,137,133,136,358,124,106,139,111,108,141,131,113,117,313,92,105,318,411,341,61,319,274,342,99,54,408,315,314,344,62,60,148,320,96,267,268,316,356,18,351,153,412,57,114,134,413,121,130,115,231,125,56,110,5,72,67,191,65,271,87,277,355,89,68,76,374,370,71,377,17,74,346,275,371,276,367,55,73,152,357,109,335,75,59,196,343,194,63,195,220,215,70,33,166,347,173,64,170,143,34,401,354,144,151,149,353,222,150,407,406,163,405,227,192,221,228,190,226,233,225,82,234,235,352,366,83,85,84,232,176,303,53,350,86,189,365,177,345,364,363,362,167,219,302,14,81,175,11,13,10,32,174,31,80,180,181,349,348,12,188,217,216,218,361,183,481,179,79,301,182,427,16,430,487,429,428,15,0,455,445,19,450,1,448,453,260,464,484,446,485,442,432,439,479,456,438,431,451,447,449,470,467,28,436,452,462,458,465,473,461,422,20,476,433,488,257,468,477,437,474,256,459,471,454,517,457,509,423,259,444,258,482,486,480,483,506,187,508,359,21,185,23,22,24,186,184,25,360,26,528,498,27,29,425,30,489,324,322,388,325,323,510,526,527,503,391,490,525,499,390,515,321,505,504,389,426,507,500,434,435,497,523,529,533,524,516,424,501,101,512,513,103,102,514,511,519,502,327,330,518,329,520,522,521,326,494,2,331,328,491,535,532,496,534,531,536,495,530,492,493,
402,369,403,404,309,69,241,311,250,254,305,310,308,306,253,304,255,247,252,246,251,410,243,242,249,248,240,245,466,478,244,463,475,368,90,295,419,469,472,307,312,460,417,293,297,298,376,286,421,375,409,281,287,239,300,292,290,299,443,420,338,198,373,214,211,418,415,339,209,203,269,416,157,202,210,204,398,205,201,200,207,208,291,289,288,98,206,212,213,387,50,334,88,385,372,384,280,383,414,178,262,263,393,395,52,49,337,93,272,441,48,146,171,164,332,47,392,165,381,294,45,285,382,44,41,386,397,51,284,379,380,396,378,147,46,278,283,282,270,394,296,36,145,38,224,35,37,39,66,40,279,43,162,42,399,156,400,94,9,230,3,333,77,78,100,440,172,265,199,197,161,107,317,261,264,266,336,160,129,58,126,229,7,155,112,236,340,95,237,238,154,119,128,223,159,273,8,158,122,127,116,140,193,91,118,4,168,169,6,142,104,135,123,138,120,132,137,358,97,133,136,106,124,111,108,139,141,131,113,92,313,117,105,411,61,318,341,319,54,274,342,99,315,408,344,314,60,62,148,320,316,267,356,96,268,153,18,351,114,121,413,57,412,134,231,125,130,115,56,110,5,65,191,72,271,67,277,87,355,89,76,68,370,17,71,377,374,346,275,74,276,371,55,367,73,152,357,109,75,335,59,196,194,343,195,63,220,33,70,215,347,166,64,173,170,143,34,401,354,144,151,149,222,353,406,407,150,227,405,163,190,233,226,228,192,221,82,225,234,235,352,84,366,83,85,176,53,303,232,86,350,177,365,189,364,345,167,302,362,363,219,175,14,81,11,32,13,10,174,31,180,80,349,181,348,12,216,188,217,218,361,183,179,481,79,301,182,427,16,430,487,429,428,15,0,455,445,450,19,448,1,453,260,484,446,464,442,485,439,432,456,479,431,438,451,447,449,467,470,28,436,452,465,462,458,473,461,422,20,488,476,433,257,468,459,437,477,474,471,256,454,517,457,509,423,444,259,258,480,482,486,483,506,187,508,359,21,185,24,184,186,22,23,25,360,26,528,498,425,29,30,27,322,324,489,325,323,388,526,510,527,503,390,391,499,525,490,515,321,504,389,505,426,507,500,434,435,497,523,524,533,516,529,424,101,501,102,511,512,514,513,103,519,502,518,327,330,329,521,326,494,522,520,2,331,328,532,535,496,531,491,493,534,492,495,536,530,
402,369,403,404,309,69,241,311,250,254,305,308,310,306,253,304,255,247,252,246,251,410,243,242,248,249,240,245,466,478,244,463,475,368,90,295,419,469,472,307,312,460,417,293,298,297,376,286,421,409,375,281,287,239,300,292,290,299,443,420,338,198,373,214,211,418,415,339,203,209,416,269,157,202,210,204,398,205,201,200,207,208,291,289,288,98,206,212,213,50,387,334,88,385,372,384,383,280,414,178,263,262,393,395,52,49,337,93,272,441,48,146,171,164,332,47,392,165,381,294,285,44,41,386,45,382,284,51,397,378,379,396,380,147,46,278,283,282,394,270,296,145,36,38,224,37,35,39,40,279,66,43,162,42,399,156,400,94,230,9,3,333,77,78,100,440,172,265,199,197,161,107,317,261,264,266,336,58,129,160,126,229,7,236,112,155,340,238,237,95,128,119,154,223,159,273,158,122,8,127,140,116,193,91,118,168,4,6,169,142,132,135,120,138,104,123,137,136,133,358,97,124,106,108,111,139,141,113,131,92,313,117,411,61,318,105,341,319,342,54,99,274,408,315,314,344,62,148,60,320,356,96,268,267,316,351,153,18,134,57,114,412,413,121,125,231,130,115,56,5,110,72,67,271,191,65,87,277,355,89,68,76,377,71,374,17,370,74,275,346,276,371,367,55,73,152,357,109,75,335,59,196,194,343,195,63,220,70,33,215,166,347,173,64,170,34,401,143,354,144,149,151,353,222,406,150,407,227,405,163,233,221,190,226,192,228,82,225,234,235,352,85,83,84,366,176,53,303,232,350,86,177,365,189,364,345,167,302,219,363,362,81,14,175,11,10,13,32,180,174,31,80,181,349,348,12,216,188,217,218,361,183,179,481,79,301,182,427,16,430,487,429,428,0,15,455,445,450,19,1,448,453,260,446,484,464,485,442,439,432,479,456,438,451,431,449,447,467,470,28,452,436,465,462,458,473,422,461,20,433,476,488,257,477,471,468,474,437,459,256,454,517,457,509,444,259,423,258,486,482,480,483,506,187,508,359,21,185,22,24,184,186,23,25,360,26,498,528,425,29,27,30,324,489,322,388,325,323,526,510,527,525,391,490,390,499,503,515,321,389,504,505,426,507,434,500,435,523,497,424,529,533,516,524,501,101,514,511,102,512,103,513,519,502,518,330,327,329,522,326,520,521,494,328,331,2,531,496,495,491,532,534,535,493,530,492,536,
402,369,403,404,309,69,241,311,250,254,305,310,308,306,253,304,255,247,252,246,251,410,243,242,248,249,240,245,466,478,244,463,368,90,475,295,419,469,472,307,312,460,417,293,297,298,376,286,421,375,409,281,287,239,300,292,290,299,443,420,338,198,373,214,211,418,415,339,203,209,416,269,157,202,210,204,398,205,201,200,208,207,291,289,288,206,98,212,213,387,50,334,88,385,372,384,383,280,414,178,262,263,393,395,52,49,337,93,272,441,146,48,171,164,332,47,392,381,165,294,386,44,41,45,382,285,397,51,284,379,378,396,380,147,278,46,283,282,270,394,296,36,145,38,224,35,37,39,66,279,40,43,162,42,399,156,400,94,230,9,3,333,77,78,100,440,172,265,199,197,107,161,317,264,261,266,336,160,129,58,126,229,7,112,236,155,340,95,237,238,119,128,154,223,159,158,8,122,273,127,140,193,116,91,118,168,4,169,6,142,135,104,120,132,138,123,136,133,97,137,358,124,106,111,108,139,141,131,113,92,117,313,61,105,341,318,411,319,342,274,54,99,408,315,344,314,148,62,60,320,267,268,96,316,356,18,153,351,114,134,121,413,412,57,231,125,115,130,110,5,56,72,191,65,67,271,277,355,87,89,68,76,17,377,370,374,71,275,346,74,371,276,367,55,73,152,357,109,75,335,59,196,343,194,195,63,220,215,33,70,347,166,64,173,170,34,143,401,354,144,151,149,222,353,407,150,406,405,227,163,192,226,233,228,221,190,82,225,234,235,352,85,83,366,84,232,303,176,53,350,86,189,177,365,364,345,302,219,167,363,362,81,14,175,11,13,10,32,180,31,80,174,181,349,12,348,188,218,217,216,361,183,179,481,301,79,182,427,16,430,487,428,429,15,0,455,445,19,450,448,1,453,260,446,464,484,485,442,439,432,479,456,431,451,438,449,447,467,470,28,436,452,458,462,465,473,461,422,20,433,476,488,257,474,437,477,256,459,468,471,454,517,457,509,444,423,259,258,482,486,480,483,506,187,508,359,21,185,23,24,22,186,184,25,360,26,498,528,30,29,27,425,324,322,489,388,325,323,526,510,527,503,490,525,390,391,499,515,321,504,389,505,426,507,500,434,435,497,523,424,533,524,529,516,101,501,514,102,512,513,103,511,519,502,329,518,327,330,522,494,326,521,520,331,2,328,532,492,535,531,496,495,530,534,493,491,536,
402,369,403,404,309,69,241,311,250,254,305,310,308,306,253,304,255,247,252,246,251,410,243,242,248,249,240,245,466,478,244,463,475,368,90,295,419,469,472,307,312,460,417,293,297,298,376,286,421,375,409,281,287,239,300,292,290,299,443,420,338,198,373,214,211,415,418,339,209,203,416,269,157,210,202,204,398,205,201,200,207,208,291,289,288,206,98,212,213,50,387,334,88,385,372,384,383,280,414,178,263,262,393,395,52,49,337,93,272,441,146,48,171,164,332,47,392,381,165,294,44,45,41,382,386,285,397,51,284,379,378,396,380,147,278,46,283,282,394,270,296,36,145,38,224,35,37,39,40,66,279,43,162,42,399,400,156,94,230,9,3,333,77,78,100,440,172,265,199,197,107,161,317,261,264,266,336,58,160,129,126,229,7,112,236,155,340,95,237,238,154,128,119,223,159,273,158,122,8,127,116,193,140,91,118,4,168,169,6,142,135,120,132,104,123,138,97,358,133,136,137,124,106,108,111,139,131,141,113,313,92,117,105,318,61,411,341,319,99,274,54,342,408,315,344,314,60,62,148,320,316,268,267,356,96,153,351,18,57,121,413,134,114,412,130,115,125,231,56,5,110,72,191,65,67,271,277,355,87,89,68,76,377,71,17,370,374,74,275,346,371,276,55,367,152,73,357,109,75,335,59,196,194,343,195,63,220,70,33,215,347,166,64,173,170,143,34,401,354,144,149,151,353,222,407,150,406,405,163,227,233,190,192,226,228,221,82,225,235,234,352,366,85,84,83,232,303,53,176,86,350,189,365,177,345,364,362,302,167,363,219,14,81,175,11,32,10,13,31,80,180,174,349,181,12,348,188,218,217,216,361,183,179,481,79,301,182,427,16,430,487,428,429,15,0,455,445,19,450,448,1,453,260,464,446,484,442,485,432,439,456,479,431,451,438,449,447,470,467,28,436,452,458,465,462,473,461,422,20,488,476,433,257,256,471,437,459,477,474,468,454,517,457,509,444,423,259,258,486,480,482,483,506,187,508,359,21,185,22,23,24,184,186,25,360,26,498,528,30,27,425,29,489,324,322,388,325,323,510,526,527,503,525,499,391,390,490,515,321,505,389,504,507,426,500,434,435,523,497,524,424,529,533,516,101,501,102,513,511,103,512,514,519,502,330,327,518,329,521,520,522,326,494,2,328,331,492,495,532,493,491,531,535,536,496,530,534,
402,369,403,404,309,69,241,311,250,254,305,310,308,306,253,304,255,247,252,246,251,410,243,242,249,248,240,245,466,478,244,463,475,90,368,295,419,469,472,307,312,460,417,293,297,298,376,286,421,409,375,281,287,239,300,292,290,299,443,420,338,198,373,214,211,418,415,339,203,209,416,269,157,202,210,204,398,205,201,200,207,208,291,289,288,98,206,212,213,387,50,334,88,385,372,384,383,280,414,178,262,263,393,395,52,49,337,93,441,272,146,48,171,164,332,47,165,381,392,294,382,44,285,41,386,45,284,51,397,378,379,396,380,147,278,46,283,282,394,270,296,36,145,38,224,35,37,39,40,279,66,43,162,42,399,156,400,94,230,9,3,333,77,100,78,440,172,265,199,197,161,107,317,264,261,266,336,58,129,160,126,229,7,112,155,236,340,95,237,238,154,128,119,223,159,273,122,158,8,127,116,193,140,91,118,4,168,169,6,142,135,123,132,104,138,120,358,133,137,97,136,124,106,108,139,111,113,131,141,92,117,313,411,341,318,61,105,319,274,99,342,54,408,315,344,314,60,62,148,320,96,356,316,267,268,153,18,351,121,412,57,413,134,114,130,115,125,231,5,110,56,72,271,65,67,191,355,277,87,89,76,68,370,377,71,17,374,346,275,74,371,276,367,55,152,73,357,109,75,335,59,196,194,343,63,195,220,70,33,215,347,166,64,173,170,34,401,143,354,144,149,151,222,353,150,406,407,227,405,163,228,226,192,233,221,190,82,225,235,234,352,366,85,84,83,53,232,176,303,86,350,177,365,189,345,364,302,219,167,362,363,175,81,14,11,13,10,32,180,174,80,31,349,181,348,12,216,217,188,218,361,183,179,481,79,301,182,427,16,430,487,428,429,0,15,455,445,19,450,448,1,260,453,446,484,464,485,442,432,439,456,479,431,451,438,449,447,470,467,28,436,452,462,465,458,473,422,461,20,476,433,488,257,437,471,474,459,477,256,468,454,517,457,509,423,444,259,258,486,482,480,483,506,187,508,359,21,185,23,184,22,186,24,25,360,26,498,528,27,29,425,30,489,322,324,325,323,388,526,510,527,390,490,525,503,499,391,515,321,504,389,505,507,426,500,434,435,497,523,516,533,524,424,529,101,501,512,511,103,514,513,102,519,502,329,518,327,330,520,522,521,326,494,328,2,331,495,531,532,493,492,496,530,535,534,536,491,
402,369,403,404,309,69,241,311,250,254,305,308,310,306,253,304,255,247,252,246,251,410,243,242,248,249,240,245,466,478,244,463,90,475,368,295,419,469,472,307,312,460,417,293,297,298,376,286,421,409,375,281,287,239,300,292,290,299,443,420,338,198,373,214,211,418,415,339,203,209,269,416,157,210,202,398,204,205,201,200,207,208,291,289,288,98,206,212,213,50,387,334,88,385,372,384,383,280,414,178,263,262,393,395,52,49,337,93,441,272,146,48,171,164,332,47,392,381,165,294,285,386,382,45,44,41,51,284,397,378,380,379,396,147,46,278,283,282,270,394,296,145,36,38,224,37,35,39,279,66,40,43,162,42,399,156,400,94,230,9,3,333,77,100,78,440,172,265,199,197,107,161,317,264,261,266,336,58,129,160,126,229,7,236,112,155,340,237,238,95,119,154,128,223,159,122,158,273,8,127,193,140,116,91,118,4,168,169,6,142,138,135,123,132,120,104,136,358,97,133,137,124,106,111,108,139,131,141,113,117,92,313,411,61,341,105,318,319,274,342,99,54,315,408,314,344,62,148,60,320,356,316,268,96,267,153,351,18,412,57,134,413,114,121,130,125,231,115,110,5,56,271,65,72,67,191,355,277,87,89,68,76,374,17,377,370,71,74,346,275,371,276,367,55,73,152,357,109,75,335,59,196,194,343,195,63,220,33,215,70,166,347,64,173,170,34,401,143,354,144,151,149,353,222,150,407,406,405,163,227,233,228,221,192,190,226,225,82,234,235,352,83,84,366,85,176,53,303,232,86,350,189,177,365,345,364,363,167,219,362,302,81,175,14,11,10,32,13,31,174,180,80,349,181,348,12,218,217,188,216,361,183,179,481,301,79,182,427,16,430,487,428,429,0,15,455,445,450,19,1,448,453,260,464,484,446,485,442,439,432,456,479,438,451,431,449,447,470,467,28,452,436,465,462,458,473,422,461,20,488,433,476,257,256,477,474,459,437,468,471,454,517,457,509,423,259,444,258,480,486,482,483,506,187,508,359,21,185,186,22,184,23,24,25,360,26,528,498,27,425,29,30,324,322,489,325,323,388,510,526,527,390,499,391,503,490,525,515,321,505,504,389,426,507,500,434,435,523,497,533,424,529,516,524,501,101,103,102,512,514,511,513,519,502,329,518,330,327,520,326,522,521,494,328,2,331,493,495,531,534,492,536,532,530,535,496,491,
402,369,403,404,309,69,241,311,250,254,305,310,308,306,253,304,255,247,252,246,251,410,243,242,248,249,240,245,466,478,244,463,90,368,475,295,419,469,472,307,312,460,417,293,297,298,376,286,421,409,375,281,287,239,300,292,290,299,443,420,338,198,373,214,211,418,415,339,209,203,269,416,157,202,210,204,398,205,201,200,208,207,291,289,288,206,98,212,213,50,387,334,88,385,372,384,280,383,414,178,263,262,393,395,52,49,337,93,441,272,48,146,171,164,332,47,165,392,381,294,44,45,285,41,382,386,397,51,284,378,379,396,380,147,278,46,283,282,270,394,296,36,145,38,224,37,35,39,279,66,40,43,162,42,399,400,156,94,9,230,3,333,77,78,100,440,172,265,199,197,161,107,317,261,264,266,336,160,129,58,126,229,7,236,155,112,340,237,238,95,128,119,154,223,159,122,8,158,273,127,140,193,116,91,118,4,168,6,169,142,138,120,132,135,123,104,97,358,136,137,133,124,106,111,108,139,131,113,141,92,313,117,318,411,105,341,61,319,99,342,274,54,315,408,344,314,62,60,148,320,316,267,356,96,268,351,18,153,134,57,121,413,114,412,231,130,115,125,110,56,5,271,67,191,72,65,355,277,87,89,68,76,377,370,71,374,17,346,74,275,371,276,367,55,73,152,357,109,335,75,59,196,343,194,195,63,220,70,215,33,166,347,173,64,170,143,401,34,354,144,149,151,222,353,406,150,407,163,227,405,192,221,190,226,233,228,82,225,235,234,352,366,84,85,83,176,53,303,232,86,350,189,365,177,364,345,363,219,167,362,302,175,14,81,11,32,13,10,174,180,31,80,181,349,348,12,218,217,188,216,361,183,481,179,79,301,182,427,16,430,487,429,428,15,0,455,445,450,19,1,448,453,260,446,484,464,442,485,432,439,479,456,451,438,431,447,449,467,470,28,452,436,458,462,465,473,461,422,20,433,488,476,257,471,256,437,468,477,459,474,454,517,457,509,444,423,259,258,482,480,486,483,506,187,508,359,21,185,23,22,186,184,24,25,360,26,528,498,30,29,27,425,324,322,489,325,388,323,526,510,527,503,525,499,490,390,391,515,321,505,504,389,426,507,434,500,435,497,523,424,529,516,524,533,501,101,511,512,514,102,103,513,519,502,329,518,327,330,521,522,520,326,494,331,2,328,531,532,493,536,495,534,492,535,496,491,530,
402,369,403,404,309,69,241,311,250,254,305,310,308,306,253,304,255,247,252,246,251,410,243,242,248,249,240,245,466,478,244,463,475,90,368,295,419,469,472,307,312,460,417,293,297,298,376,286,421,375,409,281,287,239,300,292,290,299,443,420,338,198,373,214,211,415,418,339,203,209,416,269,157,210,202,204,398,205,201,200,208,207,291,289,288,206,98,212,213,387,50,334,88,385,372,384,383,280,414,178,262,263,393,395,52,49,337,93,272,441,48,146,171,164,332,47,381,165,392,294,45,285,41,382,44,386,397,51,284,379,378,380,396,147,278,46,283,282,270,394,296,145,36,38,224,35,37,39,40,66,279,43,162,42,399,156,400,94,9,230,3,333,77,100,78,440,172,265,199,197,107,161,317,261,264,266,336,160,58,129,126,229,7,236,155,112,340,238,237,95,119,128,154,223,159,8,122,273,158,127,140,116,193,91,118,168,4,6,169,142,120,138,123,104,135,132,97,136,358,133,137,124,106,111,139,108,113,141,131,92,313,117,341,318,105,411,61,319,99,274,342,54,315,408,344,314,60,62,148,320,96,316,356,267,268,18,351,153,121,413,134,412,114,57,125,130,115,231,56,5,110,191,65,67,271,72,277,87,355,89,76,68,370,17,71,374,377,74,346,275,276,371,367,55,73,152,357,109,335,75,59,196,343,194,63,195,220,33,215,70,166,347,64,173,170,401,143,34,354,144,151,149,222,353,150,406,407,405,163,227,192,190,228,226,233,221,225,82,234,235,352,83,366,85,84,303,232,176,53,86,350,189,365,177,345,364,363,362,167,302,219,81,14,175,11,32,13,10,80,174,180,31,349,181,12,348,188,218,217,216,361,183,179,481,301,79,182,427,16,430,487,429,428,0,15,455,445,19,450,448,1,453,260,464,446,484,485,442,439,432,456,479,451,431,438,447,449,470,467,28,436,452,465,458,462,473,461,422,20,476,488,433,257,477,468,471,256,459,437,474,454,517,457,509,259,444,423,258,482,480,486,483,506,187,508,359,21,185,22,186,184,24,23,25,360,26,528,498,425,29,30,27,489,322,324,323,388,325,526,510,527,503,525,499,390,391,490,515,321,504,389,505,426,507,434,500,435,497,523,529,533,424,524,516,501,101,513,103,102,514,512,511,519,502,327,329,330,518,326,522,494,521,520,331,2,328,491,531,495,532,536,496,530,493,534,535,492,
402,369,403,404,309,69,241,311,250,254,305,308,310,306,253,304,255,247,252,246,251,410,243,242,249,248,240,245,466,478,244,463,368,90,475,295,419,469,472,307,312,460,417,293,297,298,376,286,421,375,409,281,287,239,300,292,290,299,443,420,338,198,373,214,211,418,415,339,203,209,269,416,157,202,210,398,204,205,201,200,207,208,291,289,288,206,98,212,213,387,50,334,88,385,372,384,383,280,414,178,263,262,393,395,52,49,337,93,272,441,146,48,171,164,332,47,381,165,392,294,45,285,44,386,41,382,284,397,51,378,396,380,379,147,46,278,283,282,394,270,296,36,145,38,224,37,35,39,279,40,66,43,162,42,399,156,400,94,230,9,3,333,77,78,100,440,172,265,199,197,161,107,317,264,261,266,336,129,58,160,126,229,7,155,236,112,340,95,238,237,154,119,128,223,159,158,122,8,273,127,140,193,116,91,118,4,168,6,169,142,135,123,138,132,120,104,137,358,136,133,97,106,124,108,111,139,131,141,113,313,92,117,318,411,341,105,61,319,54,274,342,99,315,408,314,344,60,62,148,320,268,96,316,267,356,153,351,18,412,57,134,413,114,121,125,231,130,115,110,5,56,271,65,67,191,72,87,355,277,89,68,76,374,17,370,71,377,275,74,346,371,276,55,367,152,73,357,109,335,75,59,196,194,343,195,63,220,33,215,70,166,347,173,64,170,143,401,34,354,144,151,149,222,353,150,406,407,163,405,227,192,221,228,233,190,226,82,225,235,234,352,85,83,366,84,176,303,53,232,86,350,177,189,365,345,364,363,302,362,167,219,14,81,175,11,32,13,10,174,180,80,31,349,181,348,12,188,216,218,217,361,183,481,179,301,79,182,427,16,430,487,428,429,15,0,455,445,450,19,1,448,453,260,464,446,484,442,485,439,432,456,479,451,438,431,449,447,467,470,28,436,452,462,458,465,473,422,461,20,433,488,476,257,474,256,459,477,437,471,468,454,517,457,509,423,444,259,258,480,486,482,483,506,187,508,359,21,185,24,184,23,186,22,25,360,26,498,528,29,425,27,30,322,324,489,388,325,323,510,526,527,391,503,499,525,490,390,515,321,504,389,505,507,426,434,500,435,523,497,533,516,424,529,524,501,101,513,102,514,512,103,511,519,502,330,327,518,329,494,326,522,521,520,2,331,328,535,536,532,491,495,534,496,530,493,531,492,
402,369,403,404,309,69,241,311,250,254,305,308,310,306,253,304,255,247,252,246,251,410,243,242,249,248,240,245,466,478,244,463,475,90,368,295,419,469,472,307,312,460,417,293,298,297,376,286,421,409,375,281,287,239,300,292,290,299,443,420,338,198,373,214,211,415,418,339,203,209,416,269,157,210,202,204,398,205,201,200,208,207,291,289,288,206,98,212,213,387,50,334,88,385,372,384,383,280,414,178,263,262,393,395,52,49,337,93,441,272,146,48,171,164,332,47,381,165,392,294,45,285,382,386,41,44,397,51,284,379,378,380,396,147,278,46,283,282,394,270,296,36,145,38,224,35,37,39,279,40,66,43,162,42,399,156,400,94,9,230,3,333,77,78,100,440,172,265,199,197,161,107,317,261,264,266,336,129,58,160,126,229,7,112,155,236,340,95,238,237,119,128,154,223,159,8,122,158,273,127,116,193,140,91,118,168,4,169,6,142,135,120,104,132,123,138,133,97,358,137,136,124,106,139,108,111,131,113,141,313,117,92,105,341,411,318,61,319,342,99,54,274,408,315,344,314,60,148,62,320,96,267,316,268,356,18,351,153,412,413,114,57,134,121,231,115,125,130,5,110,56,271,65,72,67,191,277,355,87,89,68,76,370,17,71,374,377,74,346,275,276,371,55,367,73,152,357,109,335,75,59,196,194,343,63,195,220,33,70,215,166,347,173,64,170,34,401,143,354,144,149,151,353,222,407,150,406,227,163,405,228,190,226,221,233,192,225,82,235,234,352,84,85,366,83,232,53,303,176,350,86,177,189,365,345,364,302,363,167,219,362,175,81,14,11,10,13,32,80,174,180,31,181,349,348,12,216,188,217,218,361,183,179,481,301,79,182,427,16,430,487,429,428,15,0,455,445,19,450,1,448,260,453,484,446,464,442,485,432,439,479,456,431,451,438,449,447,470,467,28,452,436,465,462,458,473,461,422,20,476,433,488,257,256,468,477,474,471,459,437,454,517,457,509,259,444,423,258,486,482,480,483,506,187,508,359,21,185,184,23,24,186,22,25,360,26,528,498,27,30,29,425,322,324,489,325,388,323,510,526,527,525,490,390,503,499,391,515,321,504,505,389,426,507,434,500,435,523,497,533,529,524,424,516,501,101,512,514,513,511,103,102,519,502,330,518,327,329,521,520,522,494,326,331,328,2,492,536,532,491,530,495,534,496,493,535,531,
402,369,403,404,309,69,241,311,250,254,305,308,310,306,253,304,255,247,252,246,251,410,243,242,249,248,240,245,466,478,244,463,90,475,368,295,419,469,472,307,312,460,417,293,298,297,376,286,421,409,375,281,287,239,300,292,290,299,443,420,338,198,373,214,211,415,418,339,203,209,269,416,157,202,210,204,398,205,201,200,207,208,291,289,288,206,98,212,213,50,387,334,88,385,372,384,383,280,414,178,263,262,393,395,52,49,337,93,272,441,146,48,171,164,332,47,392,165,381,294,45,41,285,386,382,44,284,397,51,378,380,379,396,147,46,278,283,282,394,270,296,145,36,38,224,35,37,39,66,279,40,43,162,42,399,400,156,94,230,9,3,333,77,100,78,440,172,265,199,197,161,107,317,261,264,266,336,160,58,129,126,229,7,236,155,112,340,95,237,238,154,119,128,223,159,8,158,273,122,127,116,140,193,91,118,4,168,6,169,142,132,135,138,123,120,104,133,97,358,137,136,124,106,108,139,111,141,131,113,313,117,92,411,61,105,341,318,319,99,274,342,54,315,408,314,344,62,148,60,320,356,316,267,268,96,18,153,351,412,134,57,114,413,121,231,125,115,130,110,5,56,65,271,72,191,67,87,355,277,89,76,68,377,17,71,374,370,275,74,346,276,371,367,55,73,152,357,109,75,335,59,196,194,343,195,63,220,70,215,33,166,347,173,64,170,34,401,143,354,144,149,151,222,353,407,150,406,227,405,163,226,228,221,233,192,190,82,225,235,234,352,85,366,84,83,232,303,176,53,350,86,365,189,177,345,364,167,363,362,302,219,175,14,81,11,13,32,10,80,174,180,31,349,181,12,348,216,217,188,218,361,183,179,481,301,79,182,427,16,430,487,429,428,15,0,455,445,450,19,448,1,260,453,464,446,484,442,485,439,432,479,456,438,451,431,447,449,470,467,28,436,452,465,458,462,473,422,461,20,488,433,476,257,437,477,474,459,471,468,256,454,517,457,509,423,444,259,258,486,482,480,483,506,187,508,359,21,185,184,186,24,23,22,25,360,26,498,528,30,29,27,425,489,322,324,388,323,325,526,510,527,503,525,499,390,490,391,515,321,389,504,505,507,426,500,434,435,523,497,529,424,516,524,533,501,101,512,103,513,511,514,102,519,502,330,518,327,329,326,520,494,522,521,331,328,2,530,492,495,535,536,496,491,534,531,493,532,
402,369,403,404,309,69,241,311,250,254,305,310,308,306,253,304,255,247,252,246,251,410,243,242,248,249,240,245,466,478,244,463,368,90,475,295,419,469,472,307,312,460,417,293,298,297,376,286,421,409,375,281,287,239,300,292,290,299,443,420,338,198,373,214,211,418,415,339,209,203,269,416,157,202,210,204,398,205,201,200,207,208,291,289,288,98,206,212,213,387,50,334,88,385,372,384,280,383,414,178,263,262,393,395,52,49,337,93,441,272,146,48,171,164,332,47,165,392,381,294,382,285,44,41,45,386,51,284,397,396,378,380,379,147,46,278,283,282,270,394,296,36,145,38,224,37,35,39,279,40,66,43,162,42,399,156,400,94,230,9,3,333,77,100,78,440,172,265,199,197,161,107,317,261,264,266,336,58,129,160,126,229,7,236,155,112,340,238,237,95,119,154,128,223,159,158,122,8,273,127,116,140,193,91,118,168,4,6,169,142,138,132,104,123,120,135,97,358,133,136,137,106,124,111,108,139,131,113,141,313,92,117,411,61,341,318,105,319,274,54,342,99,315,408,344,314,60,148,62,320,268,96,356,267,316,153,18,351,57,134,413,121,412,114,130,231,115,125,5,56,110,72,67,65,191,271,87,277,355,89,76,68,377,374,17,370,71,74,275,346,276,371,55,367,152,73,357,109,335,75,59,196,194,343,63,195,220,70,33,215,347,166,173,64,170,401,143,34,354,144,149,151,222,353,150,406,407,405,227,163,192,190,233,221,228,226,225,82,234,235,352,366,83,84,85,232,303,53,176,86,350,189,365,177,364,345,362,219,363,167,302,175,81,14,11,10,32,13,180,174,31,80,181,349,12,348,217,216,218,188,361,183,179,481,79,301,182,427,16,430,487,429,428,0,15,455,445,450,19,1,448,260,453,446,484,464,485,442,439,432,456,479,438,451,431,447,449,467,470,28,452,436,458,465,462,473,422,461,20,488,476,433,257,474,256,471,477,468,437,459,454,517,457,509,423,444,259,258,486,482,480,483,506,187,508,359,21,185,23,22,184,186,24,25,360,26,498,528,30,425,27,29,324,322,489,323,388,325,526,510,527,391,499,390,503,490,525,515,321,389,505,504,507,426,500,434,435,497,523,524,516,529,424,533,501,101,513,514,512,102,511,103,519,502,327,330,329,518,522,494,520,326,521,2,328,331,535,534,496,531,491,492,530,493,495,532,536,
402,369,403,404,309,69,241,311,250,254,305,310,308,306,253,304,255,247,252,246,251,410,243,242,248,249,240,245,466,478,244,463,90,368,475,295,419,469,472,307,312,460,417,293,297,298,376,286,421,375,409,281,287,239,300,292,290,299,443,420,338,198,373,214,211,418,415,339,209,203,269,416,157,210,202,204,398,205,201,200,208,207,291,289,288,206,98,212,213,50,387,334,88,385,372,384,280,383,414,178,262,263,393,395,52,49,337,93,441,272,48,146,171,164,332,47,392,165,381,294,45,41,285,382,386,44,397,284,51,380,396,378,379,147,46,278,283,282,394,270,296,36,145,38,224,35,37,39,279,40,66,43,162,42,399,400,156,94,230,9,3,333,77,100,78,440,172,265,199,197,107,161,317,261,264,266,336,129,58,160,126,229,7,236,155,112,340,237,95,238,128,154,119,223,159,273,158,8,122,127,140,193,116,91,118,4,168,6,169,142,132,138,135,123,120,104,136,133,358,137,97,106,124,108,111,139,113,131,141,313,92,117,341,411,318,105,61,319,99,342,274,54,408,315,344,314,60,148,62,320,96,268,267,356,316,18,153,351,57,412,114,121,134,413,125,231,130,115,5,110,56,65,271,191,67,72,355,87,277,89,68,76,374,377,370,71,17,346,74,275,276,371,367,55,152,73,357,109,75,335,59,196,343,194,195,63,220,215,33,70,347,166,64,173,170,401,143,34,354,144,149,151,222,353,406,407,150,227,163,405,226,228,221,192,233,190,225,82,235,234,352,366,84,85,83,53,303,176,232,350,86,189,365,177,364,345,362,219,363,302,167,81,175,14,11,32,10,13,180,31,80,174,349,181,12,348,216,217,188,218,361,183,179,481,301,79,182,427,16,430,487,429,428,0,15,455,445,450,19,448,1,260,453,464,446,484,442,485,432,439,479,456,438,431,451,449,447,467,470,28,452,436,465,462,458,473,461,422,20,433,476,488,257,477,437,474,256,459,471,468,454,517,457,509,423,444,259,258,482,480,486,483,506,187,508,359,21,185,186,22,184,23,24,25,360,26,498,528,29,27,425,30,489,324,322,388,323,325,510,526,527,390,499,503,525,391,490,515,321,504,389,505,507,426,500,434,435,523,497,529,533,524,424,516,501,101,513,102,514,103,512,511,519,502,330,518,327,329,522,494,521,326,520,328,2,331,492,535,491,534,532,495,536,531,496,493,530,
402,369,403,404,309,69,241,311,250,254,305,308,310,306,253,304,255,247,252,246,251,410,243,242,248,249,240,245,466,478,244,463,368,475,90,295,419,469,472,307,312,460,417,293,298,297,376,286,421,375,409,281,287,239,300,292,290,299,443,420,338,198,373,214,211,415,418,339,209,203,269,416,157,210,202,398,204,205,201,200,208,207,291,289,288,206,98,212,213,50,387,334,88,385,372,384,280,383,414,178,263,262,393,395,52,49,337,93,272,441,146,48,171,164,332,47,165,392,381,294,41,45,285,382,386,44,397,51,284,396,378,379,380,147,46,278,283,282,270,394,296,145,36,38,224,37,35,39,40,66,279,43,162,42,399,156,400,94,230,9,3,333,77,78,100,440,172,265,199,197,107,161,317,261,264,266,336,160,129,58,126,229,7,236,112,155,340,237,238,95,154,119,128,223,159,158,8,122,273,127,193,116,140,91,118,168,4,6,169,142,138,120,132,104,135,123,97,358,133,137,136,124,106,108,139,111,141,113,131,117,313,92,105,341,411,318,61,319,54,274,99,342,315,408,344,314,148,62,60,320,96,316,356,267,268,351,18,153,413,114,121,412,57,134,231,125,115,130,110,56,5,271,191,72,67,65,277,355,87,89,68,76,374,71,17,377,370,74,346,275,371,276,367,55,73,152,357,109,335,75,59,196,194,343,195,63,220,33,215,70,347,166,64,173,170,34,401,143,354,144,149,151,353,222,150,406,407,405,163,227,190,226,228,233,192,221,225,82,235,234,352,84,83,366,85,53,176,232,303,350,86,177,189,365,345,364,302,219,363,362,167,81,14,175,11,10,32,13,180,174,80,31,181,349,348,12,217,218,216,188,361,183,179,481,301,79,182,427,16,430,487,429,428,15,0,455,445,450,19,1,448,260,453,484,446,464,485,442,432,439,479,456,438,431,451,447,449,467,470,28,436,452,465,462,458,473,461,422,20,476,433,488,257,468,256,477,459,471,437,474,454,517,457,509,259,444,423,258,482,486,480,483,506,187,508,359,21,185,24,184,23,22,186,25,360,26,498,528,30,27,29,425,324,489,322,325,323,388,510,526,527,525,503,391,490,390,499,515,321,505,504,389,426,507,434,500,435,497,523,529,516,524,533,424,101,501,102,103,514,511,513,512,519,502,329,330,518,327,522,326,494,521,520,328,331,2,492,534,536,531,496,495,535,532,491,530,493,
402,369,403,404,309,69,241,311,250,254,305,310,308,306,253,304,255,247,252,246,251,410,243,242,248,249,240,245,466,478,244,463,368,90,475,295,419,469,472,307,312,460,417,293,297,298,376,286,421,375,409,281,287,239,300,292,290,299,443,420,338,198,373,214,211,418,415,339,203,209,269,416,157,210,202,204,398,205,201,200,207,208,291,289,288,206,98,212,213,50,387,334,88,385,372,384,280,383,414,178,263,262,393,395,52,49,337,93,272,441,146,48,171,164,332,47,381,392,165,294,382,386,41,285,44,45,51,284,397,378,396,380,379,147,278,46,283,282,270,394,296,36,145,38,224,35,37,39,66,279,40,43,162,42,399,156,400,94,9,230,3,333,77,100,78,440,172,265,199,197,161,107,317,261,264,266,336,58,129,160,126,229,7,155,112,236,340,237,238,95,119,128,154,223,159,8,122,273,158,127,193,140,116,91,118,4,168,169,6,142,135,132,138,120,104,123,358,136,137,97,133,124,106,108,111,139,141,131,113,313,92,117,411,318,61,105,341,319,274,342,99,54,315,408,314,344,62,148,60,320,316,356,267,96,268,351,153,18,134,57,121,412,413,114,125,231,115,130,5,110,56,271,65,191,72,67,355,277,87,89,76,68,377,370,17,374,71,346,275,74,276,371,55,367,73,152,357,109,75,335,59,196,194,343,63,195,220,215,70,33,347,166,173,64,170,143,401,34,354,144,151,149,353,222,406,407,150,227,405,163,233,192,221,190,226,228,82,225,234,235,352,85,366,84,83,303,176,53,232,350,86,189,365,177,345,364,363,302,167,219,362,14,81,175,11,32,10,13,174,31,80,180,181,349,12,348,188,217,216,218,361,183,481,179,301,79,182,427,16,430,487,428,429,15,0,455,445,19,450,448,1,453,260,484,446,464,485,442,439,432,456,479,438,451,431,449,447,467,470,28,452,436,465,462,458,473,422,461,20,488,433,476,257,474,471,459,256,477,437,468,454,517,457,509,444,423,259,258,482,486,480,483,506,187,508,359,21,185,186,23,24,22,184,25,360,26,528,498,27,30,425,29,322,489,324,325,323,388,526,510,527,391,503,499,390,525,490,515,321,504,505,389,426,507,500,434,435,497,523,516,533,424,524,529,101,501,512,511,513,103,514,102,519,502,329,327,330,518,522,494,521,326,520,331,2,328,493,495,530,534,496,492,536,531,491,535,532,
402,369,403,404,309,69,241,311,250,254,305,310,308,306,253,304,255,247,252,246,251,410,243,242,248,249,240,245,466,478,244,463,90,475,368,295,419,469,472,307,312,460,417,293,297,298,376,286,421,409,375,281,287,239,300,292,290,299,443,420,338,198,373,214,211,415,418,339,203,209,416,269,157,210,202,204,398,205,201,200,208,207,291,289,288,206,98,212,213,50,387,334,88,385,372,384,280,383,414,178,262,263,393,395,52,49,337,93,272,441,48,146,171,164,332,47,392,381,165,294,382,45,44,285,386,41,284,51,397,380,396,378,379,147,278,46,283,282,270,394,296,145,36,38,224,35,37,39,279,66,40,43,162,42,399,156,400,94,230,9,3,333,77,100,78,440,172,265,199,197,107,161,317,264,261,266,336,129,58,160,126,229,7,112,236,155,340,95,237,238,154,119,128,223,159,8,273,122,158,127,116,193,140,91,118,4,168,169,6,142,135,123,120,132,104,138,133,137,358,136,97,124,106,108,111,139,131,141,113,117,92,313,318,61,341,411,105,319,99,54,274,342,315,408,314,344,62,148,60,320,268,267,96,316,356,153,351,18,412,114,413,57,134,121,130,115,231,125,110,5,56,67,65,72,191,271,87,277,355,89,68,76,377,370,374,71,17,74,346,275,371,276,55,367,152,73,357,109,335,75,59,196,343,194,63,195,220,215,70,33,347,166,173,64,170,401,143,34,354,144,149,151,222,353,407,406,150,163,405,227,221,190,233,226,192,228,82,225,235,234,352,83,84,85,366,53,303,232,176,86,350,365,189,177,345,364,302,363,219,362,167,14,81,175,11,32,10,13,80,180,174,31,181,349,12,348,216,217,188,218,361,183,481,179,301,79,182,427,16,430,487,429,428,15,0,455,445,450,19,448,1,453,260,484,464,446,485,442,439,432,456,479,438,451,431,447,449,470,467,28,452,436,458,465,462,473,422,461,20,476,433,488,257,471,477,256,437,474,459,468,454,517,457,509,444,259,423,258,486,480,482,483,506,187,508,359,21,185,24,23,184,186,22,25,360,26,528,498,425,30,27,29,322,324,489,325,323,388,510,526,527,490,390,503,499,391,525,515,321,389,504,505,426,507,434,500,435,523,497,516,529,424,524,533,501,101,512,511,513,103,514,102,519,502,330,329,518,327,522,326,494,521,520,331,328,2,493,530,536,492,535,534,495,531,532,491,496,
402,369,403,404,309,69,241,311,250,254,305,310,308,306,253,304,255,247,252,246,251,410,243,242,249,248,240,245,466,478,244,463,368,90,475,295,419,469,472,307,312,460,417,293,297,298,376,286,421,375,409,281,287,239,300,292,290,299,443,420,338,198,373,214,211,415,418,339,203,209,269,416,157,202,210,398,204,205,201,200,208,207,291,289,288,206,98,212,213,387,50,334,88,385,372,384,280,383,414,178,263,262,393,395,52,49,337,93,272,441,48,146,171,164,332,47,381,165,392,294,41,382,45,44,386,285,284,51,397,396,378,380,379,147,46,278,283,282,270,394,296,36,145,38,224,37,35,39,40,66,279,43,162,42,399,156,400,94,9,230,3,333,77,100,78,440,172,265,199,197,161,107,317,261,264,266,336,129,160,58,126,229,7,236,155,112,340,237,95,238,128,154,119,223,159,8,122,158,273,127,140,193,116,91,118,168,4,169,6,142,120,104,135,132,123,138,136,137,133,97,358,106,124,139,111,108,141,131,113,313,92,117,105,61,318,341,411,319,54,274,99,342,408,315,344,314,60,62,148,320,268,316,356,96,267,351,153,18,412,57,121,413,134,114,231,130,125,115,110,56,5,65,72,271,191,67,355,277,87,89,76,68,17,71,370,374,377,346,74,275,276,371,367,55,73,152,357,109,75,335,59,196,343,194,63,195,220,70,215,33,347,166,64,173,170,143,401,34,354,144,151,149,222,353,407,150,406,163,227,405,233,221,226,192,228,190,82,225,234,235,352,83,366,85,84,53,176,303,232,86,350,177,189,365,345,364,167,363,302,362,219,14,175,81,11,32,13,10,80,31,180,174,181,349,12,348,216,217,188,218,361,183,481,179,301,79,182,427,16,430,487,428,429,0,15,455,445,19,450,448,1,453,260,446,464,484,485,442,432,439,456,479,431,451,438,449,447,467,470,28,436,452,458,462,465,473,461,422,20,433,476,488,257,471,437,474,459,477,468,256,454,517,457,509,444,423,259,258,482,480,486,483,506,187,508,359,21,185,184,186,22,24,23,25,360,26,528,498,29,30,27,425,324,489,322,388,323,325,526,510,527,390,490,525,503,499,391,515,321,504,389,505,426,507,434,500,435,497,523,516,529,424,533,524,101,501,512,103,511,514,513,102,519,502,330,327,329,518,522,520,521,326,494,328,2,331,532,536,530,491,535,493,531,534,495,492,496,
402,369,403,404,309,69,241,311,250,254,305,310,308,306,253,304,255,247,252,246,251,410,243,242,248,249,240,245,466,478,244,463,368,475,90,295,419,469,472,307,312,460,417,293,298,297,376,286,421,409,375,281,287,239,300,292,290,299,443,420,338,198,373,214,211,415,418,339,203,209,269,416,157,210,202,204,398,205,201,200,208,207,291,289,288,206,98,212,213,50,387,334,88,385,372,384,383,280,414,178,262,263,393,395,52,49,337,93,272,441,48,146,171,164,332,47,165,392,381,294,285,382,44,386,41,45,397,51,284,380,379,396,378,147,46,278,283,282,270,394,296,145,36,38,224,37,35,39,279,40,66,43,162,42,399,156,400,94,230,9,3,333,77,78,100,440,172,265,199,197,107,161,317,261,264,266,336,129,160,58,126,229,7,112,236,155,340,95,238,237,128,119,154,223,159,273,122,8,158,127,140,193,116,91,118,4,168,6,169,142,132,104,120,123,135,138,133,137,136,358,97,106,124,139,111,108,113,131,141,117,313,92,318,341,411,105,61,319,342,274,54,99,315,408,314,344,148,60,62,320,268,356,267,96,316,18,351,153,121,413,134,57,114,412,125,231,115,130,110,5,56,191,271,67,72,65,277,87,355,89,76,68,377,374,370,71,17,346,275,74,276,371,367,55,152,73,357,109,335,75,59,196,343,194,195,63,220,215,70,33,166,347,64,173,170,34,143,401,354,144,149,151,222,353,406,407,150,405,227,163,190,226,233,228,221,192,82,225,235,234,352,85,84,366,83,303,176,53,232,86,350,189,177,365,345,364,363,302,362,219,167,175,14,81,11,32,10,13,180,80,31,174,349,181,12,348,216,188,218,217,361,183,179,481,79,301,182,427,16,430,487,429,428,0,15,455,445,450,19,1,448,453,260,464,446,484,442,485,439,432,479,456,438,451,431,449,447,467,470,28,452,436,462,465,458,473,422,461,20,476,488,433,257,459,256,468,477,471,437,474,454,517,457,509,444,423,259,258,482,480,486,483,506,187,508,359,21,185,22,184,186,24,23,25,360,26,528,498,425,30,29,27,322,324,489,325,323,388,526,510,527,490,525,499,390,503,391,515,321,505,389,504,507,426,434,500,435,523,497,529,533,424,524,516,101,501,103,513,512,102,514,511,519,502,518,330,327,329,521,326,520,522,494,2,331,328,534,536,535,532,530,493,531,495,491,492,496,
402,369,403,404,309,69,241,311,250,254,305,308,310,306,253,304,255,247,252,246,251,410,243,242,249,248,240,245,466,478,244,463,368,90,475,295,419,469,472,307,312,460,417,293,298,297,376,286,421,375,409,281,287,239,300,292,290,299,443,420,338,198,373,214,211,415,418,339,203,209,269,416,157,210,202,204,398,205,201,200,208,207,291,289,288,98,206,212,213,387,50,334,88,385,372,384,280,383,414,178,262,263,393,395,52,49,337,93,441,272,146,48,171,164,332,47,165,381,392,294,41,285,44,382,45,386,284,397,51,396,380,378,379,147,278,46,283,282,270,394,296,145,36,38,224,35,37,39,279,40,66,43,162,42,399,156,400,94,230,9,3,333,77,78,100,440,172,265,199,197,161,107,317,261,264,266,336,160,58,129,126,229,7,155,236,112,340,238,237,95,128,119,154,223,159,273,158,8,122,127,140,193,116,91,118,4,168,6,169,142,135,120,132,123,138,104,133,136,97,137,358,106,124,111,139,108,131,141,113,117,313,92,318,105,341,411,61,319,342,99,54,274,315,408,314,344,148,60,62,320,316,268,356,96,267,153,351,18,412,114,57,413,134,121,130,115,231,125,5,110,56,271,65,72,191,67,355,87,277,89,76,68,17,377,370,71,374,275,74,346,276,371,367,55,152,73,357,109,75,335,59,196,343,194,195,63,220,33,215,70,166,347,64,173,170,143,401,34,354,144,149,151,222,353,406,407,150,405,163,227,226,190,192,228,221,233,82,225,235,234,352,83,84,85,366,303,53,232,176,350,86,177,189,365,345,364,363,362,219,167,302,14,175,81,11,13,10,32,31,80,174,180,181,349,348,12,218,188,217,216,361,183,179,481,301,79,182,427,16,430,487,428,429,0,15,455,445,450,19,448,1,453,260,446,464,484,442,485,439,432,456,479,431,451,438,447,449,470,467,28,436,452,465,458,462,473,461,422,20,488,476,433,257,459,471,256,477,468,474,437,454,517,457,509,444,423,259,258,482,480,486,483,506,187,508,359,21,185,24,184,22,186,23,25,360,26,498,528,425,30,29,27,324,322,489,323,388,325,510,526,527,391,499,490,503,525,390,515,321,505,389,504,507,426,434,500,435,523,497,516,424,529,524,533,501,101,512,102,514,511,513,103,519,502,518,327,329,330,494,521,326,520,522,331,2,328,532,496,491,495,493,534,535,536,531,530,492,
402,369,403,404,309,69,241,311,250,254,305,310,308,306,253,304,255,247,252,246,251,410,243,242,248,249,240,245,466,478,244,463,368,475,90,295,419,469,472,307,312,460,417,293,297,298,376,286,421,375,409,281,287,239,300,292,290,299,443,420,338,198,373,214,211,415,418,339,209,203,416,269,157,210,202,398,204,205,201,200,208,207,291,289,288,206,98,212,213,50,387,334,88,385,372,384,280,383,414,178,263,262,393,395,52,49,337,93,272,441,48,146,171,164,332,47,381,392,165,294,382,285,41,44,45,386,51,284,397,378,396,379,380,147,46,278,283,282,270,394,296,36,145,38,224,35,37,39,40,66,279,43,162,42,399,156,400,94,9,230,3,333,77,78,100,440,172,265,199,197,161,107,317,264,261,266,336,129,58,160,126,229,7,112,236,155,340,95,237,238,119,128,154,223,159,8,122,273,158,127,140,193,116,91,118,4,168,169,6,142,135,132,123,104,120,138,137,133,358,97,136,106,124,108,139,111,131,113,141,117,313,92,411,61,318,341,105,319,342,99,274,54,408,315,314,344,62,60,148,320,316,356,96,267,268,153,351,18,134,412,57,114,413,121,125,231,115,130,56,110,5,271,72,191,65,67,355,277,87,89,76,68,17,370,374,377,71,74,275,346,276,371,367,55,152,73,357,109,335,75,59,196,194,343,63,195,220,215,33,70,347,166,173,64,170,143,34,401,354,144,149,151,353,222,406,150,407,405,163,227,192,221,233,226,190,228,82,225,235,234,352,366,83,85,84,232,176,53,303,86,350,189,365,177,364,345,362,167,302,219,363,175,81,14,11,13,10,32,180,80,31,174,181,349,12,348,188,218,216,217,361,183,179,481,79,301,182,427,16,430,487,428,429,15,0,455,445,450,19,448,1,260,453,446,484,464,485,442,432,439,479,456,431,451,438,449,447,467,470,28,436,452,465,458,462,473,461,422,20,488,476,433,257,459,474,256,477,437,468,471,454,517,457,509,259,423,444,258,482,480,486,483,506,187,508,359,21,185,186,23,22,24,184,25,360,26,498,528,29,27,425,30,322,324,489,325,388,323,526,510,527,525,499,490,391,390,503,515,321,389,504,505,426,507,434,500,435,497,523,524,529,533,516,424,101,501,512,513,514,103,102,511,519,502,329,330,327,518,520,494,326,522,521,331,328,2,495,532,491,496,530,535,531,492,493,534,536,
402,369,403,404,309,69,241,311,250,254,305,308,310,306,253,304,255,247,252,246,251,410,243,242,248,249,240,245,466,478,244,463,475,90,368,295,419,469,472,307,312,460,417,293,298,297,376,286,421,375,409,281,287,239,300,292,290,299,443,420,338,198,373,214,211,415,418,339,203,209,416,269,157,202,210,398,204,205,201,200,208,207,291,289,288,98,206,212,213,387,50,334,88,385,372,384,280,383,414,178,262,263,393,395,52,49,337,93,272,441,146,48,171,164,332,47,165,381,392,294,45,386,41,44,382,285,397,51,284,378,396,380,379,147,46,278,283,282,394,270,296,145,36,38,224,37,35,39,279,66,40,43,162,42,399,400,156,94,230,9,3,333,77,78,100,440,172,265,199,197,161,107,317,264,261,266,336,129,160,58,126,229,7,155,236,112,340,237,238,95,128,154,119,223,159,158,8,122,273,127,116,193,140,91,118,4,168,169,6,142,135,123,132,120,104,138,133,137,358,136,97,124,106,108,111,139,141,113,131,117,313,92,318,61,411,105,341,319,54,342,99,274,408,315,344,314,62,60,148,320,96,267,268,316,356,18,153,351,114,57,134,413,412,121,231,115,130,125,56,5,110,67,271,72,65,191,355,87,277,89,76,68,71,377,370,374,17,74,275,346,276,371,55,367,152,73,357,109,335,75,59,196,343,194,195,63,220,215,33,70,166,347,64,173,170,143,401,34,354,144,151,149,222,353,150,406,407,405,163,227,192,226,233,228,190,221,225,82,234,235,352,85,366,84,83,176,53,232,303,86,350,189,365,177,364,345,219,362,363,302,167,81,14,175,11,10,13,32,174,180,80,31,349,181,348,12,216,217,188,218,361,183,481,179,79,301,182,427,16,430,487,429,428,15,0,455,445,450,19,448,1,260,453,464,484,446,485,442,432,439,456,479,451,431,438,449,447,467,470,28,452,436,458,465,462,473,461,422,20,476,488,433,257,477,474,471,256,459,437,468,454,517,457,509,444,259,423,258,486,480,482,483,506,187,508,359,21,185,184,186,22,24,23,25,360,26,528,498,30,29,27,425,324,489,322,325,323,388,526,510,527,490,525,503,391,390,499,515,321,389,504,505,426,507,500,434,435,523,497,424,529,524,533,516,101,501,511,103,512,513,102,514,519,502,518,327,329,330,326,521,522,520,494,2,328,331,491,536,492,493,531,535,530,496,532,534,495,
402,369,403,404,309,69,241,311,250,254,305,308,310,306,253,304,255,247,252,246,251,410,243,242,249,248,240,245,466,478,244,463,368,475,90,295,419,469,472,307,312,460,417,293,298,297,376,286,421,409,375,281,287,239,300,292,290,299,443,420,338,198,373,214,211,418,415,339,203,209,269,416,157,202,210,204,398,205,201,200,207,208,291,289,288,206,98,212,213,387,50,334,88,385,372,384,383,280,414,178,262,263,393,395,52,49,337,93,272,441,48,146,171,164,332,47,381,165,392,294,44,41,285,382,386,45,397,284,51,379,396,378,380,147,46,278,283,282,394,270,296,36,145,38,224,37,35,39,66,40,279,43,162,42,399,400,156,94,230,9,3,333,77,100,78,440,172,265,199,197,107,161,317,264,261,266,336,160,129,58,126,229,7,112,155,236,340,237,95,238,128,154,119,223,159,273,158,8,122,127,193,116,140,91,118,4,168,169,6,142,135,132,120,138,104,123,358,133,137,97,136,124,106,111,108,139,113,131,141,92,117,313,341,318,411,61,105,319,54,342,274,99,315,408,344,314,62,148,60,320,268,96,316,267,356,351,18,153,413,134,114,57,412,121,130,125,115,231,56,5,110,191,271,72,67,65,355,87,277,89,76,68,71,17,377,370,374,346,74,275,371,276,55,367,152,73,357,109,335,75,59,196,343,194,195,63,220,215,33,70,166,347,64,173,170,34,143,401,354,144,149,151,353,222,406,407,150,405,227,163,192,221,233,226,190,228,82,225,235,234,352,85,83,366,84,232,176,303,53,86,350,189,177,365,345,364,167,302,363,219,362,175,14,81,11,13,32,10,80,180,31,174,349,181,348,12,217,188,218,216,361,183,481,179,301,79,182,427,16,430,487,429,428,0,15,455,445,450,19,448,1,260,453,464,446,484,442,485,439,432,479,456,451,431,438,449,447,467,470,28,452,436,462,465,458,473,422,461,20,476,433,488,257,437,468,474,459,477,256,471,454,517,457,509,444,259,423,258,482,480,486,483,506,187,508,359,21,185,186,24,22,23,184,25,360,26,498,528,29,425,30,27,324,322,489,388,325,323,526,510,527,390,525,490,391,499,503,515,321,504,505,389,507,426,434,500,435,497,523,529,533,516,524,424,101,501,514,511,102,103,513,512,519,502,330,327,329,518,326,522,494,520,521,328,331,2,531,495,496,493,536,492,535,534,532,491,530,
402,369,403,404,309,69,241,311,250,254,305,310,308,306,253,304,255,247,252,246,251,410,243,242,249,248,240,245,466,478,244,463,475,90,368,295,419,469,472,307,312,460,417,293,298,297,376,286,421,409,375,281,287,239,300,292,290,299,443,420,338,198,373,214,211,415,418,339,209,203,416,269,157,210,202,204,398,205,201,200,207,208,291,289,288,206,98,212,213,50,387,334,88,385,372,384,280,383,414,178,262,263,393,395,52,49,337,93,272,441,48,146,171,164,332,47,165,392,381,294,44,285,41,386,45,382,284,397,51,396,380,379,378,147,46,278,283,282,270,394,296,36,145,38,224,35,37,39,66,40,279,43,162,42,399,400,156,94,9,230,3,333,77,100,78,440,172,265,199,197,107,161,317,264,261,266,336,129,160,58,126,229,7,112,155,236,340,238,237,95,128,154,119,223,159,8,122,158,273,127,140,193,116,91,118,4,168,169,6,142,104,135,123,132,138,120,137,133,136,358,97,106,124,111,108,139,131,141,113,117,92,313,318,411,61,105,341,319,274,99,54,342,408,315,344,314,148,62,60,320,96,356,268,316,267,351,153,18,121,57,412,114,413,134,130,125,231,115,110,56,5,65,191,67,271,72,87,355,277,89,76,68,71,377,370,17,374,74,275,346,371,276,55,367,73,152,357,109,335,75,59,196,343,194,63,195,220,215,33,70,166,347,173,64,170,401,34,143,354,144,151,149,353,222,407,406,150,163,227,405,221,228,226,190,192,233,225,82,235,234,352,83,85,84,366,176,53,303,232,86,350,365,177,189,364,345,363,362,219,302,167,81,14,175,11,32,13,10,180,174,80,31,181,349,348,12,218,216,188,217,361,183,179,481,79,301,182,427,16,430,487,429,428,15,0,455,445,19,450,1,448,260,453,484,446,464,485,442,432,439,479,456,431,451,438,447,449,467,470,28,436,452,458,462,465,473,422,461,20,476,488,433,257,471,468,256,477,474,459,437,454,517,457,509,423,259,444,258,482,486,480,483,506,187,508,359,21,185,23,24,22,184,186,25,360,26,528,498,30,27,29,425,324,322,489,323,388,325,526,510,527,503,499,490,525,391,390,515,321,504,505,389,507,426,500,434,435,523,497,524,424,529,516,533,101,501,511,103,512,514,513,102,519,502,329,327,518,330,520,522,521,326,494,328,2,331,496,532,491,493,530,534,531,535,492,536,495,
402,369,403,404,309,69,241,311,250,254,305,308,310,306,253,304,255,247,252,246,251,410,243,242,248,249,240,245,466,478,244,463,475,368,90,295,419,469,472,307,312,460,417,293,297,298,376,286,421,375,409,281,287,239,300,292,290,299,443,420,338,198,373,214,211,418,415,339,203,209,416,269,157,210,202,398,204,205,201,200,207,208,291,289,288,206,98,212,213,50,387,334,88,385,372,384,383,280,414,178,263,262,393,395,52,49,337,93,272,441,146,48,171,164,332,47,392,165,381,294,41,45,386,382,285,44,284,397,51,396,378,380,379,147,278,46,283,282,270,394,296,145,36,38,224,37,35,39,40,279,66,43,162,42,399,156,400,94,230,9,3,333,77,78,100,440,172,265,199,197,107,161,317,261,264,266,336,129,58,160,126,229,7,236,155,112,340,237,238,95,128,119,154,223,159,122,158,8,273,127,193,116,140,91,118,4,168,169,6,142,120,123,132,138,135,104,137,136,358,133,97,106,124,111,108,139,141,113,131,117,313,92,411,105,318,341,61,319,54,342,274,99,408,315,344,314,148,60,62,320,96,267,316,356,268,153,18,351,57,114,412,121,134,413,231,115,130,125,56,110,5,191,65,67,271,72,87,277,355,89,76,68,17,377,370,71,374,346,275,74,276,371,367,55,73,152,357,109,75,335,59,196,194,343,195,63,220,215,33,70,166,347,64,173,170,34,143,401,354,144,149,151,353,222,407,406,150,227,405,163,190,221,192,226,228,233,82,225,234,235,352,83,366,84,85,176,303,232,53,86,350,177,189,365,345,364,362,302,219,363,167,175,81,14,11,32,13,10,174,31,80,180,349,181,12,348,188,217,216,218,361,183,481,179,301,79,182,427,16,430,487,429,428,15,0,455,445,19,450,1,448,453,260,446,484,464,485,442,439,432,479,456,451,431,438,447,449,470,467,28,452,436,462,465,458,473,422,461,20,476,488,433,257,468,459,471,437,474,256,477,454,517,457,509,444,259,423,258,480,486,482,483,506,187,508,359,21,185,22,184,186,23,24,25,360,26,528,498,29,425,27,30,324,322,489,323,325,388,510,526,527,390,525,391,503,490,499,515,321,504,389,505,507,426,434,500,435,523,497,524,424,529,533,516,101,501,511,103,513,514,102,512,519,502,327,329,330,518,494,521,522,326,520,2,331,328,534,531,535,495,491,530,532,496,492,493,536,
402,369,403,404,309,69,241,311,250,254,305,308,310,306,253,304,255,247,252,246,251,410,243,242,249,248,240,245,466,478,244,463,368,475,90,295,419,469,472,307,312,460,417,293,298,297,376,286,421,409,375,281,287,239,300,292,290,299,443,420,338,198,373,214,211,418,415,339,209,203,416,269,157,210,202,398,204,205,201,200,208,207,291,289,288,206,98,212,213,387,50,334,88,385,372,384,280,383,414,178,263,262,393,395,52,49,337,93,272,441,146,48,171,164,332,47,165,392,381,294,45,41,44,285,382,386,284,51,397,378,379,396,380,147,46,278,283,282,270,394,296,36,145,38,224,35,37,39,279,66,40,43,162,42,399,156,400,94,230,9,3,333,77,78,100,440,172,265,199,197,107,161,317,261,264,266,336,129,58,160,126,229,7,155,112,236,340,95,238,237,128,154,119,223,159,158,122,8,273,127,193,116,140,91,118,4,168,6,169,142,138,135,123,132,104,120,97,137,358,133,136,124,106,139,111,108,113,131,141,313,117,92,318,105,341,61,411,319,274,99,342,54,408,315,314,344,148,62,60,320,268,267,96,316,356,18,153,351,57,121,134,412,413,114,115,125,231,130,5,110,56,271,67,72,65,191,87,277,355,89,76,68,377,374,370,71,17,346,275,74,276,371,55,367,152,73,357,109,335,75,59,196,343,194,195,63,220,33,70,215,347,166,173,64,170,34,143,401,354,144,149,151,353,222,407,406,150,227,405,163,226,190,221,233,228,192,225,82,234,235,352,84,83,85,366,303,176,53,232,86,350,365,189,177,364,345,219,302,363,362,167,175,81,14,11,13,10,32,80,31,174,180,181,349,348,12,218,217,188,216,361,183,179,481,301,79,182,427,16,430,487,428,429,15,0,455,445,450,19,448,1,260,453,446,484,464,485,442,439,432,479,456,451,431,438,449,447,467,470,28,436,452,465,458,462,473,422,461,20,476,433,488,257,474,437,477,459,471,468,256,454,517,457,509,444,423,259,258,480,486,482,483,506,187,508,359,21,185,24,186,22,184,23,25,360,26,528,498,27,29,425,30,322,489,324,325,323,388,510,526,527,390,525,499,490,503,391,515,321,505,504,389,507,426,434,500,435,497,523,524,529,424,516,533,501,101,511,512,513,102,103,514,519,502,329,330,327,518,494,326,522,520,521,2,331,328,493,536,532,496,495,535,531,534,530,492,491,
402,369,403,404,309,69,241,311,250,254,305,308,310,306,253,304,255,247,252,246,251,410,243,242,249,248,240,245,466,478,244,463,475,368,90,295,419,469,472,307,312,460,417,293,298,297,376,286,421,409,375,281,287,239,300,292,290,299,443,420,338,198,373,214,211,418,415,339,209,203,269,416,157,202,210,204,398,205,201,200,208,207,291,289,288,98,206,212,213,50,387,334,88,385,372,384,383,280,414,178,263,262,393,395,52,49,337,93,272,441,48,146,171,164,332,47,381,392,165,294,44,386,285,382,45,41,397,284,51,379,380,378,396,147,46,278,283,282,394,270,296,36,145,38,224,37,35,39,279,40,66,43,162,42,399,400,156,94,230,9,3,333,77,78,100,440,172,265,199,197,107,161,317,264,261,266,336,129,160,58,126,229,7,155,236,112,340,237,238,95,119,154,128,223,159,158,8,122,273,127,140,116,193,91,118,168,4,169,6,142,123,138,132,135,120,104,358,137,97,136,133,106,124,108,139,111,113,131,141,92,117,313,341,411,61,105,318,319,342,99,274,54,315,408,344,314,148,62,60,320,316,356,268,267,96,351,153,18,413,134,57,412,121,114,125,130,231,115,56,110,5,65,271,67,191,72,87,355,277,89,68,76,374,71,17,377,370,275,74,346,371,276,367,55,152,73,357,109,75,335,59,196,194,343,195,63,220,33,215,70,347,166,64,173,170,34,401,143,354,144,149,151,222,353,150,406,407,227,163,405,192,221,233,228,226,190,82,225,235,234,352,84,83,366,85,176,232,53,303,350,86,365,177,189,345,364,362,219,167,363,302,81,175,14,11,32,10,13,180,174,80,31,181,349,348,12,217,218,216,188,361,183,481,179,301,79,182,427,16,430,487,429,428,15,0,455,445,19,450,1,448,260,453,446,464,484,485,442,439,432,479,456,431,438,451,449,447,467,470,28,452,436,458,462,465,473,422,461,20,488,476,433,257,459,437,474,471,256,468,477,454,517,457,509,444,423,259,258,480,486,482,483,506,187,508,359,21,185,184,24,23,22,186,25,360,26,528,498,29,27,30,425,489,322,324,325,323,388,510,526,527,525,503,390,391,490,499,515,321,505,504,389,426,507,500,434,435,523,497,516,424,533,524,529,501,101,102,512,514,511,513,103,519,502,330,329,327,518,521,520,326,522,494,328,331,2,536,535,496,534,495,530,532,492,531,491,493,
402,369,403,404,309,69,241,311,250,254,305,308,310,306,253,304,255,247,252,246,251,410,243,242,249,248,240,245,466,478,244,463,475,90,368,295,419,469,472,307,312,460,417,293,297,298,376,286,421,375,409,281,287,239,300,292,290,299,443,420,338,198,373,214,211,415,418,339,209,203,416,269,157,210,202,398,204,205,201,200,208,207,291,289,288,98,206,212,213,50,387,334,88,385,372,384,383,280,414,178,263,262,393,395,52,49,337,93,272,441,48,146,171,164,332,47,165,381,392,294,45,44,41,386,382,285,51,284,397,396,379,378,380,147,46,278,283,282,270,394,296,145,36,38,224,37,35,39,66,279,40,43,162,42,399,400,156,94,9,230,3,333,77,100,78,440,172,265,199,197,161,107,317,264,261,266,336,58,129,160,126,229,7,236,155,112,340,238,237,95,154,128,119,223,159,8,158,273,122,127,116,140,193,91,118,168,4,169,6,142,123,135,120,104,132,138,97,136,133,137,358,124,106,139,108,111,113,131,141,92,313,117,411,341,61,105,318,319,342,99,274,54,315,408,314,344,62,60,148,320,316,356,267,96,268,153,351,18,114,134,412,57,121,413,231,115,130,125,5,110,56,271,67,72,65,191,355,277,87,89,68,76,71,370,17,374,377,74,346,275,276,371,367,55,152,73,357,109,335,75,59,196,343,194,195,63,220,70,33,215,347,166,173,64,170,34,401,143,354,144,149,151,353,222,406,150,407,227,405,163,233,192,190,228,226,221,225,82,235,234,352,85,366,84,83,232,303,53,176,350,86,177,189,365,345,364,302,363,362,219,167,14,81,175,11,32,10,13,80,174,180,31,349,181,12,348,217,216,188,218,361,183,481,179,301,79,182,427,16,430,487,429,428,0,15,455,445,19,450,1,448,260,453,446,484,464,485,442,439,432,479,456,438,431,451,447,449,470,467,28,452,436,465,462,458,473,461,422,20,488,433,476,257,256,474,468,477,471,437,459,454,517,457,509,423,444,259,258,486,482,480,483,506,187,508,359,21,185,24,23,184,186,22,25,360,26,528,498,425,29,27,30,489,324,322,388,323,325,510,526,527,503,499,390,391,525,490,515,321,389,504,505,507,426,500,434,435,497,523,533,516,424,529,524,101,501,513,102,514,512,103,511,519,502,329,330,518,327,521,520,522,494,326,331,2,328,491,536,532,531,492,534,495,496,493,530,535,
402,369,403,404,309,69,241,311,250,254,305,310,308,306,253,304,255,247,252,246,251,410,243,242,249,248,240,245,466,478,244,463,368,90,475,295,419,469,472,307,312,460,417,293,298,297,376,286,421,409,375,281,287,239,300,292,290,299,443,420,338,198,373,214,211,415,418,339,209,203,269,416,157,210,202,398,204,205,201,200,207,208,291,289,288,98,206,212,213,50,387,334,88,385,372,384,280,383,414,178,263,262,393,395,52,49,337,93,272,441,146,48,171,164,332,47,165,392,381,294,386,45,44,382,285,41,397,284,51,380,396,379,378,147,46,278,283,282,394,270,296,36,145,38,224,37,35,39,40,279,66,43,162,42,399,156,400,94,9,230,3,333,77,100,78,440,172,265,199,197,107,161,317,261,264,266,336,160,58,129,126,229,7,112,236,155,340,237,95,238,119,128,154,223,159,273,122,158,8,127,140,193,116,91,118,4,168,6,169,142,138,104,120,132,135,123,136,97,137,358,133,124,106,108,139,111,131,141,113,313,92,117,411,318,341,105,61,319,99,342,274,54,315,408,314,344,60,62,148,320,268,267,356,96,316,18,351,153,134,412,57,413,114,121,130,231,125,115,5,110,56,271,191,72,65,67,87,277,355,89,68,76,377,374,71,17,370,74,275,346,371,276,55,367,73,152,357,109,335,75,59,196,343,194,195,63,220,33,70,215,166,347,173,64,170,401,34,143,354,144,151,149,353,222,407,150,406,227,163,405,228,226,233,221,190,192,82,225,235,234,352,83,84,85,366,303,176,53,232,86,350,189,365,177,345,364,219,362,167,363,302,175,14,81,11,10,32,13,174,180,31,80,181,349,348,12,218,188,217,216,361,183,179,481,79,301,182,427,16,430,487,428,429,15,0,455,445,450,19,1,448,260,453,484,464,446,442,485,432,439,479,456,431,451,438,447,449,467,470,28,436,452,462,458,465,473,422,461,20,433,476,488,257,474,437,459,471,256,477,468,454,517,457,509,423,259,444,258,486,482,480,483,506,187,508,359,21,185,24,22,186,184,23,25,360,26,498,528,29,425,30,27,322,324,489,325,323,388,526,510,527,525,503,499,390,391,490,515,321,504,389,505,426,507,500,434,435,523,497,529,533,516,424,524,501,101,511,514,513,512,103,102,519,502,330,327,329,518,494,520,326,522,521,2,328,331,492,530,493,531,491,536,495,535,534,532,496,
402,369,403,404,309,69,241,311,250,254,305,308,310,306,253,304,255,247,252,246,251,410,243,242,248,249,240,245,466,478,244,463,368,475,90,295,419,469,472,307,312,460,417,293,298,297,376,286,421,409,375,281,287,239,300,292,290,299,443,420,338,198,373,214,211,415,418,339,209,203,416,269,157,210,202,398,204,205,201,200,207,208,291,289,288,206,98,212,213,50,387,334,88,385,372,384,383,280,414,178,263,262,393,395,52,49,337,93,272,441,48,146,171,164,332,47,392,381,165,294,45,386,382,41,285,44,284,397,51,380,379,396,378,147,278,46,283,282,394,270,296,36,145,38,224,35,37,39,279,66,40,43,162,42,399,400,156,94,230,9,3,333,77,78,100,440,172,265,199,197,161,107,317,261,264,266,336,129,58,160,126,229,7,112,155,236,340,95,238,237,119,154,128,223,159,8,122,273,158,127,140,193,116,91,118,168,4,169,6,142,138,104,123,132,135,120,136,97,133,137,358,106,124,111,139,108,141,113,131,117,92,313,61,318,105,341,411,319,274,342,54,99,315,408,344,314,148,60,62,320,268,267,316,96,356,153,351,18,57,121,134,412,413,114,231,130,115,125,5,56,110,65,191,67,271,72,87,277,355,89,76,68,374,71,370,377,17,275,346,74,276,371,367,55,152,73,357,109,75,335,59,196,343,194,63,195,220,70,215,33,347,166,64,173,170,34,401,143,354,144,151,149,222,353,407,150,406,405,227,163,228,226,233,192,221,190,225,82,235,234,352,85,83,366,84,232,53,176,303,86,350,189,365,177,345,364,302,167,362,219,363,81,14,175,11,13,32,10,80,174,31,180,349,181,12,348,188,216,217,218,361,183,179,481,301,79,182,427,16,430,487,429,428,0,15,455,445,19,450,448,1,260,453,464,484,446,442,485,439,432,479,456,431,438,451,449,447,470,467,28,452,436,462,458,465,473,461,422,20,476,488,433,257,468,474,471,477,256,459,437,454,517,457,509,259,423,444,258,486,480,482,483,506,187,508,359,21,185,23,22,24,184,186,25,360,26,528,498,425,27,29,30,324,489,322,388,323,325,510,526,527,499,390,503,490,525,391,515,321,505,389,504,507,426,434,500,435,523,497,424,529,516,533,524,101,501,511,512,103,102,514,513,519,502,327,518,330,329,326,521,494,522,520,2,331,328,491,496,531,532,536,492,493,535,495,530,534,
402,369,403,404,309,69,241,311,250,254,305,308,310,306,253,304,255,247,252,246,251,410,243,242,249,248,240,245,466,478,244,463,475,368,90,295,419,469,472,307,312,460,417,293,297,298,376,286,421,409,375,281,287,239,300,292,290,299,443,420,338,198,373,214,211,418,415,339,203,209,269,416,157,202,210,204,398,205,201,200,207,208,291,289,288,206,98,212,213,387,50,334,88,385,372,384,383,280,414,178,262,263,393,395,52,49,337,93,441,272,146,48,171,164,332,47,392,381,165,294,386,285,45,41,44,382,284,51,397,378,379,396,380,147,46,278,283,282,270,394,296,36,145,38,224,35,37,39,40,279,66,43,162,42,399,400,156,94,9,230,3,333,77,100,78,440,172,265,199,197,107,161,317,264,261,266,336,58,129,160,126,229,7,112,155,236,340,237,95,238,154,119,128,223,159,158,122,8,273,127,193,140,116,91,118,4,168,169,6,142,132,120,123,104,135,138,133,136,137,97,358,124,106,108,139,111,131,141,113,117,313,92,341,411,61,318,105,319,99,342,274,54,408,315,344,314,62,148,60,320,267,356,268,96,316,18,351,153,134,413,57,121,114,412,125,231,130,115,5,110,56,271,67,72,65,191,87,355,277,89,76,68,374,370,17,377,71,346,74,275,276,371,55,367,73,152,357,109,75,335,59,196,194,343,195,63,220,33,215,70,166,347,173,64,170,143,34,401,354,144,151,149,353,222,407,150,406,227,163,405,226,221,190,233,228,192,82,225,235,234,352,84,85,366,83,53,303,232,176,350,86,177,189,365,364,345,219,167,363,302,362,81,14,175,11,10,13,32,80,174,180,31,349,181,348,12,218,217,188,216,361,183,179,481,79,301,182,427,16,430,487,429,428,15,0,455,445,450,19,1,448,453,260,464,484,446,485,442,439,432,479,456,451,438,431,447,449,467,470,28,436,452,458,465,462,473,422,461,20,476,433,488,257,468,471,437,474,256,459,477,454,517,457,509,259,444,423,258,486,480,482,483,506,187,508,359,21,185,184,23,186,22,24,25,360,26,498,528,30,425,27,29,324,322,489,323,325,388,510,526,527,390,503,391,525,490,499,515,321,504,505,389,507,426,434,500,435,497,523,529,424,524,516,533,101,501,512,514,513,511,102,103,519,502,518,329,330,327,521,326,520,494,522,2,331,328,495,530,534,531,492,496,536,535,493,532,491,
402,369,403,404,309,69,241,311,250,254,305,310,308,306,253,304,255,247,252,246,251,410,243,242,248,249,240,245,466,478,244,463,475,368,90,295,419,469,472,307,312,460,417,293,297,298,376,286,421,375,409,281,287,239,300,292,290,299,443,420,338,198,373,214,211,415,418,339,209,203,269,416,157,210,202,398,204,205,201,200,208,207,291,289,288,206,98,212,213,50,387,334,88,385,372,384,383,280,414,178,262,263,393,395,52,49,337,93,272,441,48,146,171,164,332,47,392,381,165,294,285,41,386,382,44,45,51,397,284,378,396,380,379,147,278,46,283,282,270,394,296,36,145,38,224,37,35,39,279,40,66,43,162,42,399,156,400,94,230,9,3,333,77,100,78,440,172,265,199,197,161,107,317,264,261,266,336,58,160,129,126,229,7,236,112,155,340,238,237,95,154,128,119,223,159,122,273,8,158,127,193,140,116,91,118,168,4,169,6,142,138,120,132,104,135,123,358,137,136,133,97,124,106,108,111,139,141,113,131,117,313,92,105,318,341,61,411,319,99,54,274,342,408,315,344,314,148,60,62,320,96,268,267,356,316,153,18,351,57,114,413,121,412,134,130,115,231,125,5,56,110,67,271,65,191,72,87,355,277,89,68,76,377,17,374,370,71,275,346,74,371,276,55,367,73,152,357,109,335,75,59,196,194,343,63,195,220,70,33,215,347,166,64,173,170,401,143,34,354,144,149,151,353,222,150,406,407,405,227,163,233,192,228,190,226,221,225,82,234,235,352,85,83,366,84,53,232,176,303,86,350,365,189,177,364,345,167,362,219,302,363,14,81,175,11,13,32,10,180,174,80,31,349,181,348,12,218,188,216,217,361,183,481,179,301,79,182,427,16,430,487,428,429,0,15,455,445,450,19,1,448,453,260,484,464,446,485,442,432,439,479,456,438,431,451,447,449,470,467,28,436,452,462,458,465,473,422,461,20,476,433,488,257,256,459,474,437,471,477,468,454,517,457,509,444,423,259,258,486,482,480,483,506,187,508,359,21,185,23,186,184,24,22,25,360,26,498,528,27,425,29,30,489,322,324,388,325,323,510,526,527,390,490,503,391,525,499,515,321,505,389,504,426,507,500,434,435,497,523,524,529,424,516,533,501,101,513,103,514,102,511,512,519,502,518,329,330,327,326,494,522,521,520,331,2,328,535,493,531,536,532,495,496,492,534,530,491,
402,369,403,404,309,69,241,311,250,254,305,308,310,306,253,304,255,247,252,246,251,410,243,242,248,249,240,245,466,478,244,463,90,475,368,295,419,469,472,307,312,460,417,293,297,298,376,286,421,409,375,281,287,239,300,292,290,299,443,420,338,198,373,214,211,418,415,339,203,209,269,416,157,202,210,204,398,205,201,200,208,207,291,289,288,206,98,212,213,50,387,334,88,385,372,384,280,383,414,178,262,263,393,395,52,49,337,93,272,441,48,146,171,164,332,47,381,392,165,294,386,382,285,41,44,45,397,284,51,379,396,378,380,147,46,278,283,282,394,270,296,145,36,38,224,37,35,39,66,40,279,43,162,42,399,400,156,94,230,9,3,333,77,78,100,440,172,265,199,197,161,107,317,264,261,266,336,160,129,58,126,229,7,155,236,112,340,95,237,238,154,119,128,223,159,273,8,158,122,127,140,193,116,91,118,168,4,169,6,142,132,104,123,138,120,135,137,358,136,133,97,106,124,139,111,108,141,131,113,92,117,313,318,411,61,341,105,319,342,54,99,274,315,408,344,314,62,60,148,320,268,316,356,267,96,18,153,351,134,412,413,114,57,121,130,115,125,231,110,56,5,271,191,65,67,72,355,277,87,89,68,76,374,370,71,377,17,275,346,74,371,276,55,367,73,152,357,109,335,75,59,196,194,343,63,195,220,33,215,70,347,166,173,64,170,34,401,143,354,144,149,151,222,353,407,150,406,163,405,227,233,228,192,226,221,190,82,225,234,235,352,366,85,83,84,176,232,303,53,86,350,177,189,365,364,345,363,167,219,362,302,14,175,81,11,32,10,13,180,80,31,174,181,349,348,12,216,188,217,218,361,183,179,481,301,79,182,427,16,430,487,428,429,0,15,455,445,450,19,1,448,260,453,464,484,446,442,485,432,439,479,456,438,451,431,449,447,470,467,28,452,436,465,458,462,473,422,461,20,476,488,433,257,437,471,256,474,477,468,459,454,517,457,509,444,423,259,258,486,482,480,483,506,187,508,359,21,185,22,24,186,23,184,25,360,26,498,528,29,30,27,425,324,489,322,325,388,323,526,510,527,503,525,490,499,390,391,515,321,505,504,389,426,507,434,500,435,497,523,533,516,529,524,424,101,501,512,514,103,511,102,513,519,502,330,329,327,518,521,326,494,522,520,328,331,2,496,495,532,535,493,530,534,491,492,531,536,
402,369,403,404,309,69,241,311,250,254,305,308,310,306,253,304,255,247,252,246,251,410,243,242,248,249,240,245,466,478,244,463,475,90,368,295,419,469,472,307,312,460,417,293,298,297,376,286,421,375,409,281,287,239,300,292,290,299,443,420,338,198,373,214,211,415,418,339,203,209,269,416,157,202,210,204,398,205,201,200,208,207,291,289,288,206,98,212,213,387,50,334,88,385,372,384,383,280,414,178,262,263,393,395,52,49,337,93,272,441,146,48,171,164,332,47,392,381,165,294,386,45,41,44,285,382,284,397,51,380,378,379,396,147,46,278,283,282,270,394,296,145,36,38,224,37,35,39,66,279,40,43,162,42,399,400,156,94,230,9,3,333,77,100,78,440,172,265,199,197,107,161,317,261,264,266,336,160,58,129,126,229,7,112,155,236,340,237,95,238,119,128,154,223,159,8,122,158,273,127,140,116,193,91,118,168,4,169,6,142,138,120,132,104,123,135,137,97,136,133,358,106,124,108,139,111,113,141,131,117,313,92,318,105,411,341,61,319,342,54,99,274,315,408,344,314,148,60,62,320,96,356,267,316,268,153,351,18,121,413,412,57,114,134,130,231,115,125,110,5,56,65,271,191,72,67,277,355,87,89,76,68,370,374,71,377,17,275,346,74,276,371,367,55,152,73,357,109,335,75,59,196,194,343,195,63,220,33,215,70,166,347,173,64,170,34,401,143,354,144,149,151,222,353,150,406,407,405,227,163,228,192,221,226,233,190,225,82,234,235,352,85,84,83,366,176,53,232,303,86,350,365,177,189,364,345,302,219,362,167,363,175,81,14,11,32,10,13,31,174,180,80,349,181,12,348,218,216,217,188,361,183,481,179,79,301,182,427,16,430,487,428,429,0,15,455,445,19,450,1,448,453,260,464,484,446,442,485,439,432,456,479,438,451,431,449,447,470,467,28,452,436,458,462,465,473,422,461,20,476,433,488,257,474,471,468,256,477,459,437,454,517,457,509,423,444,259,258,486,482,480,483,506,187,508,359,21,185,184,186,24,23,22,25,360,26,528,498,27,425,30,29,324,322,489,388,325,323,510,526,527,503,390,525,391,499,490,515,321,504,505,389,507,426,500,434,435,497,523,424,524,533,529,516,501,101,513,514,103,102,512,511,519,502,329,327,518,330,494,520,522,521,326,2,328,331,530,492,536,493,535,531,534,532,496,495,491,
402,369,403,404,309,69,241,311,250,254,305,308,310,306,253,304,255,247,252,246,251,410,243,242,249,248,240,245,466,478,244,463,368,90,475,295,419,469,472,307,312,460,417,293,297,298,376,286,421,409,375,281,287,239,300,292,290,299,443,420,338,198,373,214,211,418,415,339,203,209,416,269,157,210,202,398,204,205,201,200,207,208,291,289,288,98,206,212,213,50,387,334,88,385,372,384,383,280,414,178,262,263,393,395,52,49,337,93,441,272,48,146,171,164,332,47,392,165,381,294,44,382,45,41,386,285,284,51,397,379,380,378,396,147,46,278,283,282,270,394,296,36,145,38,224,35,37,39,66,279,40,43,162,42,399,400,156,94,230,9,3,333,77,78,100,440,172,265,199,197,161,107,317,264,261,266,336,160,129,58,126,229,7,236,112,155,340,237,238,95,128,154,119,223,159,273,122,8,158,127,193,140,116,91,118,168,4,6,169,142,120,135,132,104,138,123,136,137,133,97,358,106,124,111,139,108,113,141,131,92,117,313,318,411,341,61,105,319,99,342,274,54,408,315,344,314,62,148,60,320,316,268,267,356,96,153,18,351,413,134,121,412,114,57,130,231,125,115,5,56,110,65,72,271,191,67,87,277,355,89,68,76,71,374,377,17,370,74,275,346,276,371,367,55,73,152,357,109,335,75,59,196,194,343,195,63,220,33,215,70,347,166,64,173,170,143,34,401,354,144,149,151,353,222,407,150,406,227,163,405,221,228,192,226,190,233,82,225,234,235,352,83,84,366,85,303,176,232,53,86,350,177,189,365,345,364,302,363,362,167,219,81,14,175,11,32,13,10,80,31,174,180,181,349,348,12,188,218,216,217,361,183,179,481,79,301,182,427,16,430,487,428,429,0,15,455,445,19,450,1,448,260,453,484,464,446,485,442,432,439,479,456,431,451,438,449,447,470,467,28,436,452,458,462,465,473,422,461,20,476,488,433,257,474,256,468,437,459,477,471,454,517,457,509,444,423,259,258,482,486,480,483,506,187,508,359,21,185,184,186,24,23,22,25,360,26,528,498,425,27,29,30,322,324,489,323,325,388,510,526,527,503,499,390,525,490,391,515,321,389,505,504,426,507,500,434,435,497,523,533,529,524,424,516,501,101,103,514,511,513,512,102,519,502,327,330,518,329,521,520,522,494,326,328,331,2,531,495,536,535,534,496,530,492,491,493,532,
402,369,403,404,309,69,241,311,250,254,305,310,308,306,253,304,255,247,252,246,251,410,243,242,248,249,240,245,466,478,244,463,90,368,475,295,419,469,472,307,312,460,417,293,297,298,376,286,421,409,375,281,287,239,300,292,290,299,443,420,338,198,373,214,211,415,418,339,203,209,269,416,157,210,202,204,398,205,201,200,208,207,291,289,288,98,206,212,213,387,50,334,88,385,372,384,383,280,414,178,263,262,393,395,52,49,337,93,441,272,146,48,171,164,332,47,165,392,381,294,285,382,44,386,41,45,397,284,51,378,396,379,380,147,278,46,283,282,394,270,296,145,36,38,224,35,37,39,279,66,40,43,162,42,399,400,156,94,230,9,3,333,77,100,78,440,172,265,199,197,161,107,317,264,261,266,336,129,160,58,126,229,7,236,155,112,340,237,238,95,128,154,119,223,159,122,8,158,273,127,140,193,116,91,118,168,4,6,169,142,132,120,138,104,135,123,97,136,358,133,137,124,106,139,111,108,113,131,141,92,117,313,341,61,411,105,318,319,342,54,99,274,408,315,314,344,62,60,148,320,96,268,267,356,316,153,351,18,134,121,413,114,57,412,231,130,115,125,56,110,5,72,191,65,67,271,277,355,87,89,76,68,71,17,377,374,370,346,74,275,371,276,367,55,152,73,357,109,335,75,59,196,343,194,195,63,220,33,70,215,347,166,64,173,170,34,401,143,354,144,149,151,353,222,407,406,150,227,405,163,190,228,221,233,226,192,82,225,235,234,352,84,85,366,83,176,53,232,303,350,86,365,177,189,345,364,302,362,363,167,219,81,175,14,11,10,32,13,80,174,31,180,181,349,12,348,217,216,188,218,361,183,481,179,301,79,182,427,16,430,487,428,429,15,0,455,445,450,19,448,1,453,260,446,464,484,485,442,432,439,479,456,451,431,438,447,449,467,470,28,436,452,462,458,465,473,461,422,20,488,433,476,257,477,474,437,256,471,459,468,454,517,457,509,444,423,259,258,486,482,480,483,506,187,508,359,21,185,23,22,184,24,186,25,360,26,528,498,27,425,29,30,322,489,324,388,323,325,526,510,527,525,390,503,490,499,391,515,321,389,505,504,507,426,500,434,435,497,523,533,424,524,529,516,501,101,513,511,102,514,103,512,519,502,327,518,329,330,521,494,326,520,522,331,2,328,532,536,492,535,530,493,496,534,491,495,531,
402,369,403,404,309,69,241,311,250,254,305,308,310,306,253,304,255,247,252,246,251,410,243,242,248,249,240,245,466,478,244,463,368,90,475,295,419,469,472,307,312,460,417,293,298,297,376,286,421,409,375,281,287,239,300,292,290,299,443,420,338,198,373,214,211,415,418,339,203,209,269,416,157,210,202,204,398,205,201,200,208,207,291,289,288,206,98,212,213,387,50,334,88,385,372,384,280,383,414,178,263,262,393,395,52,49,337,93,272,441,48,146,171,164,332,47,392,381,165,294,41,285,45,382,386,44,51,284,397,380,379,396,378,147,278,46,283,282,394,270,296,36,145,38,224,35,37,39,66,40,279,43,162,42,399,400,156,94,9,230,3,333,77,100,78,440,172,265,199,197,107,161,317,264,261,266,336,58,160,129,126,229,7,236,112,155,340,238,95,237,154,119,128,223,159,273,8,122,158,127,140,116,193,91,118,4,168,169,6,142,123,135,132,120,138,104,137,97,136,358,133,106,124,108,139,111,131,113,141,117,313,92,105,61,318,341,411,319,342,274,99,54,408,315,314,344,148,62,60,320,316,267,96,268,356,153,351,18,114,412,121,413,134,57,115,125,130,231,56,5,110,67,65,72,271,191,87,355,277,89,76,68,374,370,17,377,71,74,346,275,371,276,367,55,152,73,357,109,335,75,59,196,343,194,195,63,220,70,33,215,347,166,64,173,170,143,34,401,354,144,149,151,222,353,150,406,407,405,163,227,226,221,192,233,228,190,82,225,235,234,352,85,366,83,84,232,176,53,303,86,350,365,177,189,345,364,167,219,302,362,363,175,81,14,11,13,10,32,31,80,180,174,349,181,12,348,188,218,216,217,361,183,481,179,301,79,182,427,16,430,487,429,428,15,0,455,445,450,19,1,448,453,260,464,446,484,485,442,432,439,456,479,451,438,431,447,449,467,470,28,452,436,458,462,465,473,461,422,20,488,433,476,257,471,474,437,477,468,459,256,454,517,457,509,444,259,423,258,482,486,480,483,506,187,508,359,21,185,24,22,23,184,186,25,360,26,528,498,27,30,29,425,324,489,322,325,388,323,526,510,527,391,503,525,490,390,499,515,321,504,505,389,426,507,500,434,435,497,523,533,529,424,516,524,501,101,511,103,514,513,102,512,519,502,330,329,327,518,494,522,326,521,520,2,331,328,535,532,495,531,536,491,496,534,492,493,530,
402,369,403,404,309,69,241,311,250,254,305,308,310,306,253,304,255,247,252,246,251,410,243,242,248,249,240,245,466,478,244,463,475,368,90,295,419,469,472,307,312,460,417,293,298,297,376,286,421,375,409,281,287,239,300,292,290,299,443,420,338,198,373,214,211,415,418,339,209,203,416,269,157,210,202,398,204,205,201,200,208,207,291,289,288,98,206,212,213,387,50,334,88,385,372,384,280,383,414,178,263,262,393,395,52,49,337,93,272,441,146,48,171,164,332,47,381,165,392,294,44,386,45,382,285,41,397,284,51,379,380,396,378,147,278,46,283,282,394,270,296,36,145,38,224,37,35,39,279,40,66,43,162,42,399,156,400,94,9,230,3,333,77,78,100,440,172,265,199,197,161,107,317,264,261,266,336,129,160,58,126,229,7,112,236,155,340,95,238,237,119,128,154,223,159,273,158,122,8,127,140,193,116,91,118,168,4,169,6,142,120,123,138,132,135,104,358,97,133,137,136,106,124,108,111,139,113,131,141,117,313,92,318,341,105,61,411,319,274,54,342,99,315,408,314,344,60,62,148,320,316,356,267,268,96,351,18,153,134,57,114,121,413,412,231,125,115,130,5,110,56,191,72,67,271,65,355,277,87,89,68,76,370,17,71,377,374,275,74,346,371,276,55,367,152,73,357,109,75,335,59,196,194,343,63,195,220,70,33,215,347,166,173,64,170,401,143,34,354,144,149,151,353,222,407,406,150,163,227,405,226,190,233,192,221,228,225,82,234,235,352,366,83,85,84,176,53,303,232,350,86,365,189,177,364,345,363,302,219,167,362,175,14,81,11,32,13,10,31,174,180,80,349,181,348,12,216,188,218,217,361,183,481,179,301,79,182,427,16,430,487,428,429,15,0,455,445,19,450,1,448,260,453,446,484,464,485,442,439,432,456,479,451,431,438,447,449,470,467,28,452,436,462,458,465,473,422,461,20,433,488,476,257,459,474,468,256,471,477,437,454,517,457,509,444,259,423,258,480,482,486,483,506,187,508,359,21,185,184,24,186,23,22,25,360,26,498,528,27,29,425,30,324,489,322,325,388,323,526,510,527,503,499,390,490,525,391,515,321,505,389,504,507,426,434,500,435,497,523,529,516,524,533,424,101,501,513,102,514,103,511,512,519,502,329,327,518,330,522,521,326,494,520,328,2,331,532,534,531,492,535,491,495,493,536,530,496,
402,369,403,404,309,69,241,311,250,254,305,310,308,306,253,304,255,247,252,246,251,410,243,242,248,249,240,245,466,478,244,463,90,368,475,295,419,469,472,307,312,460,417,293,297,298,376,286,421,409,375,281,287,239,300,292,290,299,443,420,338,198,373,214,211,418,415,339,209,203,416,269,157,202,210,204,398,205,201,200,207,208,291,289,288,206,98,212,213,387,50,334,88,385,372,384,383,280,414,178,262,263,393,395,52,49,337,93,441,272,146,48,171,164,332,47,165,381,392,294,45,285,382,386,41,44,51,397,284,379,380,396,378,147,46,278,283,282,394,270,296,145,36,38,224,35,37,39,40,279,66,43,162,42,399,156,400,94,230,9,3,333,77,100,78,440,172,265,199,197,161,107,317,264,261,266,336,129,58,160,126,229,7,112,236,155,340,95,237,238,154,119,128,223,159,122,273,8,158,127,193,140,116,91,118,4,168,6,169,142,138,135,104,120,123,132,136,137,133,97,358,106,124,111,139,108,141,113,131,92,117,313,318,61,105,411,341,319,342,99,54,274,408,315,314,344,62,148,60,320,268,356,267,96,316,351,18,153,57,114,121,134,413,412,115,231,130,125,56,5,110,271,72,191,65,67,355,277,87,89,76,68,17,377,71,374,370,275,74,346,276,371,55,367,152,73,357,109,75,335,59,196,343,194,195,63,220,33,215,70,347,166,173,64,170,34,401,143,354,144,149,151,222,353,406,407,150,227,405,163,226,190,192,221,228,233,82,225,234,235,352,83,366,85,84,303,176,53,232,86,350,177,365,189,345,364,362,167,363,219,302,14,81,175,11,10,32,13,80,174,180,31,181,349,12,348,218,217,188,216,361,183,179,481,301,79,182,427,16,430,487,428,429,0,15,455,445,450,19,1,448,260,453,446,484,464,442,485,432,439,456,479,431,438,451,447,449,467,470,28,436,452,462,458,465,473,461,422,20,433,488,476,257,474,437,459,477,256,471,468,454,517,457,509,444,423,259,258,480,482,486,483,506,187,508,359,21,185,186,184,24,23,22,25,360,26,498,528,30,29,425,27,324,322,489,325,388,323,510,526,527,499,490,391,525,390,503,515,321,389,505,504,426,507,434,500,435,497,523,524,424,533,529,516,101,501,512,514,103,511,102,513,519,502,518,329,330,327,521,326,520,522,494,2,331,328,535,536,495,493,534,531,530,492,496,532,491,
402,369,403,404,309,69,241,311,250,254,305,310,308,306,253,304,255,247,252,246,251,410,243,242,249,248,240,245,466,478,244,463,368,90,475,295,419,469,472,307,312,460,417,293,297,298,376,286,421,375,409,281,287,239,300,292,290,299,443,420,338,198,373,214,211,418,415,339,203,209,416,269,157,210,202,204,398,205,201,200,207,208,291,289,288,98,206,212,213,50,387,334,88,385,372,384,383,280,414,178,262,263,393,395,52,49,337,93,441,272,146,48,171,164,332,47,381,165,392,294,285,45,382,41,386,44,51,397,284,396,380,378,379,147,46,278,283,282,394,270,296,145,36,38,224,35,37,39,279,66,40,43,162,42,399,400,156,94,230,9,3,333,77,78,100,440,172,265,199,197,107,161,317,261,264,266,336,160,129,58,126,229,7,236,112,155,340,95,237,238,128,154,119,223,159,122,273,8,158,127,140,116,193,91,118,4,168,6,169,142,138,135,132,123,104,120,133,136,97,358,137,124,106,139,111,108,113,141,131,117,313,92,318,61,341,411,105,319,274,54,99,342,408,315,314,344,62,148,60,320,356,268,96,316,267,18,153,351,114,412,57,413,121,134,231,130,115,125,110,56,5,191,72,271,67,65,355,87,277,89,68,76,374,370,377,17,71,74,346,275,276,371,367,55,152,73,357,109,335,75,59,196,194,343,63,195,220,33,70,215,347,166,173,64,170,34,143,401,354,144,151,149,222,353,150,406,407,163,405,227,221,226,192,228,233,190,82,225,235,234,352,366,84,85,83,303,176,232,53,86,350,177,365,189,345,364,167,302,363,219,362,14,81,175,11,13,32,10,174,31,80,180,349,181,348,12,218,217,188,216,361,183,481,179,79,301,182,427,16,430,487,429,428,0,15,455,445,19,450,1,448,260,453,484,464,446,442,485,439,432,456,479,431,438,451,447,449,467,470,28,436,452,465,462,458,473,422,461,20,433,476,488,257,459,256,471,474,437,477,468,454,517,457,509,259,444,423,258,482,480,486,483,506,187,508,359,21,185,23,24,22,184,186,25,360,26,498,528,27,30,425,29,322,489,324,323,325,388,510,526,527,490,525,390,391,503,499,515,321,389,505,504,507,426,434,500,435,497,523,516,529,424,533,524,101,501,103,513,511,512,514,102,519,502,518,327,329,330,494,520,521,326,522,328,2,331,532,534,492,536,491,493,495,496,531,530,535,
402,369,403,404,309,69,241,311,250,254,305,310,308,306,253,304,255,247,252,246,251,410,243,242,249,248,240,245,466,478,244,463,90,368,475,295,419,469,472,307,312,460,417,293,298,297,376,286,421,409,375,281,287,239,300,292,290,299,443,420,338,198,373,214,211,418,415,339,203,209,269,416,157,202,210,204,398,205,201,200,208,207,291,289,288,98,206,212,213,50,387,334,88,385,372,384,280,383,414,178,263,262,393,395,52,49,337,93,272,441,146,48,171,164,332,47,392,165,381,294,44,41,382,285,45,386,284,397,51,396,378,379,380,147,278,46,283,282,394,270,296,36,145,38,224,35,37,39,279,40,66,43,162,42,399,156,400,94,9,230,3,333,77,78,100,440,172,265,199,197,107,161,317,261,264,266,336,160,129,58,126,229,7,112,236,155,340,237,238,95,154,119,128,223,159,122,273,8,158,127,193,116,140,91,118,168,4,6,169,142,120,123,132,104,135,138,97,137,136,133,358,124,106,111,108,139,113,131,141,117,313,92,341,61,411,318,105,319,342,99,274,54,408,315,314,344,62,60,148,320,267,316,268,96,356,153,351,18,57,121,114,412,413,134,125,231,115,130,110,56,5,191,72,271,65,67,87,277,355,89,76,68,374,377,370,17,71,275,74,346,371,276,55,367,152,73,357,109,335,75,59,196,343,194,195,63,220,33,70,215,166,347,64,173,170,143,34,401,354,144,149,151,353,222,407,406,150,405,227,163,228,233,226,192,221,190,82,225,235,234,352,83,85,366,84,232,53,176,303,350,86,189,177,365,345,364,363,219,362,302,167,14,81,175,11,32,10,13,174,80,180,31,181,349,12,348,188,216,217,218,361,183,481,179,301,79,182,427,16,430,487,428,429,0,15,455,445,450,19,1,448,453,260,464,484,446,485,442,432,439,479,456,438,451,431,449,447,467,470,28,452,436,465,462,458,473,461,422,20,433,476,488,257,471,256,468,474,477,437,459,454,517,457,509,259,444,423,258,486,480,482,483,506,187,508,359,21,185,184,23,22,24,186,25,360,26,528,498,30,27,425,29,489,322,324,388,325,323,510,526,527,390,499,490,525,503,391,515,321,505,504,389,426,507,434,500,435,497,523,533,529,516,524,424,101,501,511,103,512,102,514,513,519,502,329,518,330,327,521,522,520,494,326,2,331,328,496,495,491,530,535,492,536,532,493,531,534,
402,369,403,404,309,69,241,311,250,254,305,308,310,306,253,304,255,247,252,246,251,410,243,242,248,249,240,245,466,478,244,463,90,368,475,295,419,469,472,307,312,460,417,293,298,297,376,286,421,409,375,281,287,239,300,292,290,299,443,420,338,198,373,214,211,418,415,339,209,203,416,269,157,202,210,204,398,205,201,200,207,208,291,289,288,98,206,212,213,387,50,334,88,385,372,384,280,383,414,178,263,262,393,395,52,49,337,93,272,441,146,48,171,164,332,47,392,165,381,294,41,285,382,44,45,386,284,397,51,380,379,378,396,147,278,46,283,282,394,270,296,145,36,38,224,37,35,39,40,66,279,43,162,42,399,400,156,94,9,230,3,333,77,100,78,440,172,265,199,197,161,107,317,261,264,266,336,160,58,129,126,229,7,236,155,112,340,238,237,95,154,128,119,223,159,122,158,273,8,127,116,140,193,91,118,168,4,6,169,142,132,138,120,123,104,135,137,97,133,136,358,106,124,139,111,108,141,113,131,313,117,92,61,411,341,318,105,319,54,274,342,99,408,315,344,314,60,62,148,320,356,268,316,96,267,153,18,351,413,121,412,57,114,134,125,231,130,115,5,56,110,65,67,72,271,191,87,355,277,89,76,68,377,71,17,374,370,275,74,346,371,276,55,367,73,152,357,109,75,335,59,196,343,194,195,63,220,33,70,215,166,347,173,64,170,401,143,34,354,144,149,151,222,353,406,407,150,227,405,163,221,228,233,192,226,190,225,82,234,235,352,84,83,366,85,176,232,53,303,350,86,177,365,189,345,364,362,167,302,363,219,175,81,14,11,10,32,13,180,80,31,174,349,181,12,348,217,216,218,188,361,183,179,481,79,301,182,427,16,430,487,428,429,15,0,455,445,19,450,448,1,453,260,446,484,464,485,442,432,439,479,456,431,451,438,447,449,467,470,28,436,452,458,462,465,473,461,422,20,433,488,476,257,459,471,256,468,477,474,437,454,517,457,509,444,259,423,258,486,480,482,483,506,187,508,359,21,185,24,184,22,186,23,25,360,26,528,498,425,27,30,29,324,489,322,325,323,388,510,526,527,490,525,499,503,391,390,515,321,505,504,389,426,507,500,434,435,523,497,533,516,424,524,529,101,501,513,102,514,512,103,511,519,502,329,327,518,330,521,520,494,326,522,331,328,2,492,530,493,491,496,495,531,536,532,534,535,
402,369,403,404,309,69,241,311,250,254,305,310,308,306,253,304,255,247,252,246,251,410,243,242,249,248,240,245,466,478,244,463,368,90,475,295,419,469,472,307,312,460,417,293,297,298,376,286,421,375,409,281,287,239,300,292,290,299,443,420,338,198,373,214,211,415,418,339,209,203,416,269,157,210,202,204,398,205,201,200,208,207,291,289,288,98,206,212,213,387,50,334,88,385,372,384,280,383,414,178,263,262,393,395,52,49,337,93,272,441,146,48,171,164,332,47,381,392,165,294,386,45,285,44,41,382,284,397,51,379,380,396,378,147,46,278,283,282,394,270,296,145,36,38,224,37,35,39,279,66,40,43,162,42,399,156,400,94,230,9,3,333,77,78,100,440,172,265,199,197,161,107,317,261,264,266,336,129,58,160,126,229,7,236,155,112,340,95,238,237,128,154,119,223,159,8,158,122,273,127,140,116,193,91,118,168,4,169,6,142,138,120,104,123,132,135,133,137,97,136,358,106,124,139,111,108,141,131,113,117,92,313,318,341,105,411,61,319,99,54,274,342,408,315,344,314,148,62,60,320,316,356,268,267,96,153,351,18,114,412,121,413,57,134,115,125,130,231,5,110,56,271,65,191,67,72,277,87,355,89,76,68,17,71,377,370,374,275,74,346,371,276,367,55,73,152,357,109,75,335,59,196,343,194,195,63,220,70,215,33,166,347,173,64,170,143,34,401,354,144,151,149,222,353,407,406,150,227,163,405,190,192,228,226,221,233,225,82,235,234,352,83,84,85,366,303,232,176,53,86,350,365,177,189,345,364,219,302,362,167,363,81,14,175,11,13,32,10,80,180,31,174,181,349,12,348,216,217,218,188,361,183,179,481,79,301,182,427,16,430,487,429,428,15,0,455,445,19,450,1,448,453,260,484,464,446,442,485,432,439,456,479,438,431,451,449,447,467,470,28,436,452,465,458,462,473,422,461,20,488,433,476,257,474,477,459,256,468,471,437,454,517,457,509,423,444,259,258,480,482,486,483,506,187,508,359,21,185,22,24,184,23,186,25,360,26,498,528,27,30,425,29,489,324,322,325,388,323,526,510,527,525,503,499,391,490,390,515,321,505,504,389,507,426,500,434,435,497,523,524,529,533,516,424,501,101,514,103,102,512,513,511,519,502,518,329,330,327,521,494,326,522,520,328,2,331,536,535,491,493,495,496,530,532,492,531,534,
402,369,403,404,309,69,241,311,250,254,305,308,310,306,253,304,255,247,252,246,251,410,243,242,248,249,240,245,466,478,244,463,368,475,90,295,419,469,472,307,312,460,417,293,297,298,376,286,421,409,375,281,287,239,300,292,290,299,443,420,338,198,373,214,211,418,415,339,203,209,269,416,157,202,210,204,398,205,201,200,207,208,291,289,288,98,206,212,213,387,50,334,88,385,372,384,383,280,414,178,263,262,393,395,52,49,337,93,441,272,146,48,171,164,332,47,165,392,381,294,285,45,386,44,41,382,51,397,284,378,396,380,379,147,278,46,283,282,394,270,296,145,36,38,224,37,35,39,66,40,279,43,162,42,399,400,156,94,230,9,3,333,77,78,100,440,172,265,199,197,161,107,317,261,264,266,336,160,129,58,126,229,7,155,112,236,340,95,237,238,154,119,128,223,159,8,158,122,273,127,193,140,116,91,118,4,168,6,169,142,138,120,104,135,132,123,137,133,358,136,97,106,124,108,111,139,131,141,113,92,313,117,341,105,411,61,318,319,274,99,54,342,315,408,314,344,60,62,148,320,356,267,268,316,96,18,153,351,412,114,134,57,121,413,125,115,130,231,56,110,5,67,271,191,72,65,355,87,277,89,68,76,17,71,374,370,377,275,346,74,276,371,55,367,73,152,357,109,75,335,59,196,343,194,195,63,220,70,33,215,166,347,173,64,170,401,143,34,354,144,149,151,222,353,406,407,150,405,227,163,228,190,192,226,221,233,82,225,235,234,352,366,85,84,83,232,53,176,303,86,350,177,365,189,345,364,302,362,219,363,167,175,14,81,11,10,32,13,31,174,180,80,349,181,12,348,217,216,218,188,361,183,179,481,301,79,182,427,16,430,487,428,429,15,0,455,445,450,19,448,1,260,453,464,446,484,442,485,439,432,456,479,431,451,438,449,447,467,470,28,436,452,462,465,458,473,461,422,20,433,476,488,257,477,256,459,468,471,474,437,454,517,457,509,259,423,444,258,482,486,480,483,506,187,508,359,21,185,22,24,23,186,184,25,360,26,528,498,27,30,425,29,489,324,322,323,325,388,526,510,527,503,390,499,525,391,490,515,321,504,389,505,507,426,500,434,435,523,497,529,424,524,516,533,501,101,513,103,512,102,514,511,519,502,330,327,518,329,494,326,521,522,520,331,328,2,532,493,536,492,535,496,534,491,495,531,530,
402,369,403,404,309,69,241,311,250,254,305,310,308,306,253,304,255,247,252,246,251,410,243,242,249,248,240,245,466,478,244,463,475,90,368,295,419,469,472,307,312,460,417,293,297,298,376,286,421,375,409,281,287,239,300,292,290,299,443,420,338,198,373,214,211,415,418,339,203,209,269,416,157,202,210,398,204,205,201,200,207,208,291,289,288,98,206,212,213,387,50,334,88,385,372,384,280,383,414,178,262,263,393,395,52,49,337,93,272,441,146,48,171,164,332,47,165,381,392,294,41,386,45,285,382,44,397,284,51,378,396,380,379,147,46,278,283,282,270,394,296,36,145,38,224,37,35,39,279,66,40,43,162,42,399,400,156,94,230,9,3,333,77,78,100,440,172,265,199,197,161,107,317,261,264,266,336,58,129,160,126,229,7,112,155,236,340,95,237,238,154,128,119,223,159,158,8,273,122,127,140,116,193,91,118,4,168,169,6,142,120,123,104,138,132,135,97,358,137,136,133,106,124,108,139,111,131,141,113,313,117,92,411,61,105,341,318,319,54,274,342,99,315,408,314,344,62,148,60,320,316,267,96,268,356,153,351,18,412,413,57,114,121,134,125,231,130,115,5,56,110,67,191,65,271,72,277,87,355,89,68,76,374,377,370,71,17,346,275,74,371,276,367,55,73,152,357,109,75,335,59,196,194,343,195,63,220,33,70,215,347,166,173,64,170,401,143,34,354,144,151,149,222,353,150,406,407,405,227,163,190,228,221,226,192,233,225,82,234,235,352,366,85,83,84,303,53,232,176,350,86,365,177,189,345,364,302,219,363,362,167,175,14,81,11,13,32,10,174,180,80,31,181,349,348,12,217,218,216,188,361,183,481,179,79,301,182,427,16,430,487,429,428,15,0,455,445,19,450,1,448,453,260,464,484,446,485,442,432,439,479,456,431,438,451,449,447,470,467,28,452,436,462,465,458,473,422,461,20,476,488,433,257,468,437,459,474,477,471,256,454,517,457,509,444,423,259,258,482,486,480,483,506,187,508,359,21,185,22,186,24,23,184,25,360,26,528,498,425,29,27,30,324,489,322,388,325,323,526,510,527,499,390,490,525,503,391,515,321,389,505,504,426,507,500,434,435,523,497,529,524,424,516,533,501,101,102,103,511,513,514,512,519,502,329,327,330,518,521,326,494,522,520,328,331,2,491,532,531,535,530,536,492,495,493,496,534,
402,369,403,404,309,69,241,311,250,254,305,308,310,306,253,304,255,247,252,246,251,410,243,242,248,249,240,245,466,478,244,463,368,475,90,295,419,469,472,307,312,460,417,293,298,297,376,286,421,409,375,281,287,239,300,292,290,299,443,420,338,198,373,214,211,418,415,339,203,209,269,416,157,210,202,204,398,205,201,200,208,207,291,289,288,98,206,212,213,387,50,334,88,385,372,384,383,280,414,178,262,263,393,395,52,49,337,93,272,441,146,48,171,164,332,47,392,165,381,294,45,41,44,285,382,386,51,397,284,380,378,379,396,147,46,278,283,282,394,270,296,145,36,38,224,35,37,39,66,279,40,43,162,42,399,400,156,94,230,9,3,333,77,100,78,440,172,265,199,197,107,161,317,264,261,266,336,160,58,129,126,229,7,236,155,112,340,95,238,237,119,154,128,223,159,8,273,158,122,127,116,193,140,91,118,168,4,6,169,142,123,138,104,132,120,135,97,133,136,358,137,124,106,108,139,111,141,113,131,117,313,92,318,411,341,61,105,319,274,99,342,54,315,408,314,344,148,62,60,320,267,96,316,268,356,153,18,351,57,413,114,134,121,412,231,115,130,125,56,5,110,67,65,72,191,271,277,355,87,89,68,76,17,374,370,377,71,275,74,346,276,371,367,55,73,152,357,109,75,335,59,196,194,343,195,63,220,215,70,33,166,347,64,173,170,34,143,401,354,144,149,151,353,222,406,150,407,405,227,163,228,192,190,233,221,226,225,82,234,235,352,84,83,85,366,303,53,176,232,86,350,177,365,189,345,364,167,363,362,302,219,81,14,175,11,10,13,32,80,174,31,180,181,349,12,348,217,218,188,216,361,183,481,179,301,79,182,427,16,430,487,429,428,15,0,455,445,450,19,1,448,453,260,484,464,446,442,485,432,439,479,456,431,451,438,447,449,470,467,28,452,436,462,458,465,473,422,461,20,488,433,476,257,474,459,256,468,437,477,471,454,517,457,509,423,444,259,258,482,486,480,483,506,187,508,359,21,185,24,186,23,22,184,25,360,26,528,498,29,425,30,27,489,322,324,325,388,323,526,510,527,391,525,503,490,499,390,515,321,505,389,504,507,426,434,500,435,497,523,533,524,529,424,516,101,501,513,103,514,512,102,511,519,502,518,327,330,329,494,521,326,520,522,2,328,331,531,534,496,491,536,535,492,493,495,530,532,
402,369,403,404,309,69,241,311,250,254,305,310,308,306,253,304,255,247,252,246,251,410,243,242,249,248,240,245,466,478,244,463,368,90,475,295,419,469,472,307,312,460,417,293,298,297,376,286,421,375,409,281,287,239,300,292,290,299,443,420,338,198,373,214,211,418,415,339,203,209,269,416,157,210,202,204,398,205,201,200,207,208,291,289,288,206,98,212,213,50,387,334,88,385,372,384,383,280,414,178,262,263,393,395,52,49,337,93,272,441,48,146,171,164,332,47,392,381,165,294,386,285,44,45,382,41,284,397,51,378,379,380,396,147,278,46,283,282,394,270,296,36,145,38,224,35,37,39,279,66,40,43,162,42,399,400,156,94,230,9,3,333,77,100,78,440,172,265,199,197,161,107,317,264,261,266,336,160,58,129,126,229,7,112,236,155,340,237,238,95,154,128,119,223,159,122,158,273,8,127,193,140,116,91,118,168,4,169,6,142,132,123,120,135,104,138,137,358,136,133,97,106,124,139,108,111,131,141,113,313,117,92,61,341,105,411,318,319,54,99,342,274,408,315,314,344,60,148,62,320,356,268,96,267,316,18,153,351,121,114,412,413,134,57,231,130,125,115,110,5,56,72,67,191,65,271,87,355,277,89,68,76,71,17,370,377,374,346,275,74,371,276,55,367,73,152,357,109,335,75,59,196,343,194,63,195,220,70,215,33,347,166,173,64,170,401,143,34,354,144,151,149,353,222,150,407,406,163,227,405,190,192,221,228,226,233,225,82,234,235,352,83,84,85,366,303,176,53,232,350,86,177,365,189,345,364,302,362,167,219,363,175,14,81,11,32,13,10,80,180,174,31,349,181,348,12,216,218,217,188,361,183,481,179,79,301,182,427,16,430,487,428,429,15,0,455,445,19,450,1,448,453,260,484,446,464,442,485,439,432,456,479,438,451,431,447,449,470,467,28,452,436,462,458,465,473,422,461,20,433,476,488,257,471,437,459,468,477,256,474,454,517,457,509,423,259,444,258,480,486,482,483,506,187,508,359,21,185,186,184,23,22,24,25,360,26,498,528,30,29,27,425,322,324,489,323,388,325,510,526,527,503,490,390,525,499,391,515,321,505,389,504,426,507,500,434,435,523,497,516,524,529,424,533,501,101,514,102,513,511,512,103,519,502,327,329,518,330,326,520,521,522,494,331,328,2,495,535,530,534,493,531,496,536,532,492,491,
402,369,403,404,309,69,241,311,250,254,305,308,310,306,253,304,255,247,252,246,251,410,243,242,248,249,240,245,466,478,244,463,90,368,475,295,419,469,472,307,312,460,417,293,297,298,376,286,421,375,409,281,287,239,300,292,290,299,443,420,338,198,373,214,211,418,415,339,209,203,416,269,157,202,210,398,204,205,201,200,208,207,291,289,288,206,98,212,213,387,50,334,88,385,372,384,383,280,414,178,263,262,393,395,52,49,337,93,272,441,146,48,171,164,332,47,381,165,392,294,382,41,45,386,285,44,51,397,284,396,379,380,378,147,46,278,283,282,270,394,296,145,36,38,224,35,37,39,66,279,40,43,162,42,399,156,400,94,230,9,3,333,77,78,100,440,172,265,199,197,107,161,317,264,261,266,336,160,58,129,126,229,7,155,112,236,340,95,238,237,154,119,128,223,159,273,8,122,158,127,193,116,140,91,118,4,168,6,169,142,120,135,132,138,104,123,137,133,358,136,97,106,124,108,139,111,141,131,113,313,92,117,61,341,411,105,318,319,99,342,274,54,408,315,314,344,148,62,60,320,268,356,267,96,316,351,153,18,134,121,114,412,57,413,125,231,115,130,56,110,5,65,72,271,191,67,277,87,355,89,68,76,71,370,374,17,377,74,346,275,371,276,367,55,152,73,357,109,335,75,59,196,343,194,195,63,220,70,215,33,347,166,173,64,170,34,143,401,354,144,151,149,222,353,407,150,406,405,227,163,192,233,228,221,190,226,225,82,234,235,352,85,84,83,366,176,232,303,53,350,86,365,177,189,364,345,167,362,302,363,219,14,175,81,11,32,10,13,174,180,80,31,181,349,348,12,217,218,188,216,361,183,179,481,301,79,182,427,16,430,487,428,429,0,15,455,445,19,450,1,448,260,453,464,446,484,485,442,432,439,479,456,431,438,451,447,449,467,470,28,436,452,462,465,458,473,422,461,20,433,476,488,257,459,474,468,477,256,471,437,454,517,457,509,444,423,259,258,486,482,480,483,506,187,508,359,21,185,186,22,24,23,184,25,360,26,528,498,30,425,29,27,324,322,489,388,323,325,510,526,527,490,503,525,390,499,391,515,321,504,389,505,507,426,434,500,435,523,497,516,529,533,524,424,101,501,511,103,512,514,513,102,519,502,329,518,330,327,520,522,494,326,521,331,328,2,496,491,532,535,495,492,531,530,536,534,493,
402,369,403,404,309,69,241,311,250,254,305,308,310,306,253,304,255,247,252,246,251,410,243,242,249,248,240,245,466,478,244,463,90,475,368,295,419,469,472,307,312,460,417,293,297,298,376,286,421,409,375,281,287,239,300,292,290,299,443,420,338,198,373,214,211,418,415,339,203,209,269,416,157,210,202,398,204,205,201,200,208,207,291,289,288,98,206,212,213,50,387,334,88,385,372,384,280,383,414,178,262,263,393,395,52,49,337,93,272,441,146,48,171,164,332,47,392,165,381,294,44,382,41,45,386,285,284,51,397,378,380,396,379,147,46,278,283,282,394,270,296,145,36,38,224,37,35,39,66,40,279,43,162,42,399,400,156,94,230,9,3,333,77,78,100,440,172,265,199,197,161,107,317,261,264,266,336,58,129,160,126,229,7,112,236,155,340,95,238,237,128,119,154,223,159,8,122,273,158,127,193,140,116,91,118,4,168,6,169,142,104,138,132,120,123,135,133,137,358,97,136,106,124,108,139,111,131,113,141,92,117,313,341,411,318,105,61,319,342,54,99,274,315,408,344,314,60,62,148,320,268,96,267,356,316,153,351,18,114,134,57,412,413,121,130,125,231,115,56,5,110,191,65,271,67,72,277,87,355,89,76,68,374,377,17,370,71,275,74,346,276,371,367,55,152,73,357,109,335,75,59,196,194,343,63,195,220,70,33,215,166,347,173,64,170,401,143,34,354,144,149,151,353,222,150,407,406,163,227,405,226,228,190,192,233,221,225,82,235,234,352,366,83,85,84,53,303,176,232,350,86,189,365,177,345,364,302,219,362,167,363,81,14,175,11,13,10,32,180,174,31,80,349,181,348,12,188,216,217,218,361,183,179,481,301,79,182,427,16,430,487,428,429,15,0,455,445,450,19,1,448,453,260,446,464,484,485,442,439,432,479,456,451,431,438,447,449,470,467,28,452,436,462,465,458,473,422,461,20,433,488,476,257,477,471,459,468,256,474,437,454,517,457,509,423,444,259,258,480,486,482,483,506,187,508,359,21,185,24,184,186,23,22,25,360,26,498,528,27,29,30,425,489,322,324,388,325,323,510,526,527,503,525,490,499,390,391,515,321,389,505,504,507,426,500,434,435,497,523,529,533,524,424,516,501,101,103,102,514,513,512,511,519,502,330,329,327,518,494,326,522,520,521,331,328,2,532,531,493,536,496,491,492,535,495,530,534,
402,369,403,404,309,69,241,311,250,254,305,310,308,306,253,304,255,247,252,246,251,410,243,242,249,248,240,245,466,478,244,463,90,475,368,295,419,469,472,307,312,460,417,293,297,298,376,286,421,375,409,281,287,239,300,292,290,299,443,420,338,198,373,214,211,415,418,339,203,209,269,416,157,210,202,204,398,205,201,200,208,207,291,289,288,98,206,212,213,50,387,334,88,385,372,384,383,280,414,178,263,262,393,395,52,49,337,93,272,441,146,48,171,164,332,47,165,381,392,294,44,382,41,285,386,45,51,397,284,378,396,380,379,147,278,46,283,282,270,394,296,145,36,38,224,37,35,39,279,66,40,43,162,42,399,400,156,94,230,9,3,333,77,100,78,440,172,265,199,197,107,161,317,264,261,266,336,129,160,58,126,229,7,155,236,112,340,95,238,237,154,119,128,223,159,122,273,8,158,127,140,193,116,91,118,168,4,169,6,142,104,123,120,138,132,135,136,137,97,358,133,124,106,111,139,108,113,131,141,92,313,117,61,341,411,105,318,319,274,342,99,54,315,408,314,344,60,62,148,320,268,267,356,96,316,351,153,18,413,114,57,121,134,412,125,130,231,115,5,56,110,67,191,271,72,65,277,355,87,89,68,76,374,17,71,370,377,74,275,346,276,371,367,55,152,73,357,109,335,75,59,196,194,343,195,63,220,70,215,33,166,347,64,173,170,34,143,401,354,144,151,149,353,222,150,406,407,227,405,163,233,192,228,221,226,190,225,82,234,235,352,83,85,84,366,232,176,303,53,86,350,177,365,189,364,345,302,219,167,362,363,175,14,81,11,10,32,13,80,31,180,174,181,349,348,12,216,188,217,218,361,183,481,179,301,79,182,427,16,430,487,429,428,0,15,455,445,19,450,448,1,453,260,484,464,446,442,485,439,432,456,479,451,438,431,447,449,470,467,28,436,452,458,465,462,473,461,422,20,433,476,488,257,468,474,477,437,471,459,256,454,517,457,509,259,444,423,258,486,480,482,483,506,187,508,359,21,185,184,24,23,186,22,25,360,26,498,528,29,27,30,425,489,324,322,323,388,325,510,526,527,391,525,390,490,499,503,515,321,504,505,389,507,426,434,500,435,523,497,533,529,524,516,424,101,501,511,102,512,103,513,514,519,502,330,327,329,518,520,326,494,522,521,331,328,2,530,532,492,496,491,531,535,536,495,534,493,
402,369,403,404,309,69,241,311,250,254,305,310,308,306,253,304,255,247,252,246,251,410,243,242,249,248,240,245,466,478,244,463,90,475,368,295,419,469,472,307,312,460,417,293,298,297,376,286,421,409,375,281,287,239,300,292,290,299,443,420,338,198,373,214,211,415,418,339,209,203,269,416,157,210,202,204,398,205,201,200,208,207,291,289,288,206,98,212,213,387,50,334,88,385,372,384,280,383,414,178,263,262,393,395,52,49,337,93,272,441,48,146,171,164,332,47,381,392,165,294,45,382,386,44,285,41,284,51,397,380,378,396,379,147,46,278,283,282,394,270,296,145,36,38,224,37,35,39,40,279,66,43,162,42,399,400,156,94,9,230,3,333,77,100,78,440,172,265,199,197,161,107,317,261,264,266,336,160,58,129,126,229,7,236,112,155,340,95,238,237,154,128,119,223,159,122,273,158,8,127,140,193,116,91,118,168,4,6,169,142,120,123,138,135,132,104,133,358,136,97,137,124,106,139,108,111,141,113,131,313,117,92,105,341,318,411,61,319,54,274,342,99,408,315,314,344,60,148,62,320,267,356,268,316,96,18,153,351,57,413,121,114,412,134,231,130,115,125,110,5,56,65,191,67,72,271,277,87,355,89,68,76,374,17,377,370,71,275,346,74,276,371,367,55,152,73,357,109,335,75,59,196,194,343,63,195,220,33,70,215,347,166,64,173,170,143,34,401,354,144,149,151,222,353,407,150,406,163,227,405,226,192,228,233,190,221,82,225,235,234,352,366,84,83,85,303,176,53,232,350,86,189,365,177,364,345,362,167,302,219,363,175,14,81,11,10,32,13,80,174,180,31,349,181,348,12,218,217,216,188,361,183,481,179,79,301,182,427,16,430,487,429,428,0,15,455,445,450,19,1,448,453,260,464,446,484,485,442,432,439,456,479,431,451,438,449,447,470,467,28,436,452,458,465,462,473,422,461,20,488,476,433,257,437,459,474,471,477,468,256,454,517,457,509,444,259,423,258,482,480,486,483,506,187,508,359,21,185,186,24,22,184,23,25,360,26,498,528,30,27,29,425,324,489,322,388,323,325,510,526,527,499,490,503,525,391,390,515,321,504,389,505,507,426,500,434,435,497,523,424,529,533,524,516,101,501,512,514,511,103,102,513,519,502,329,327,518,330,521,326,520,494,522,328,2,331,535,492,530,531,495,491,536,493,534,532,496,
402,369,403,404,309,69,241,311,250,254,305,310,308,306,253,304,255,247,252,246,251,410,243,242,248,249,240,245,466,478,244,463,475,90,368,295,419,469,472,307,312,460,417,293,298,297,376,286,421,375,409,281,287,239,300,292,290,299,443,420,338,198,373,214,211,418,415,339,209,203,416,269,157,210,202,204,398,205,201,200,207,208,291,289,288,98,206,212,213,387,50,334,88,385,372,384,383,280,414,178,263,262,393,395,52,49,337,93,272,441,48,146,171,164,332,47,392,381,165,294,45,382,41,44,285,386,51,284,397,396,378,380,379,147,278,46,283,282,270,394,296,145,36,38,224,35,37,39,279,40,66,43,162,42,399,400,156,94,9,230,3,333,77,100,78,440,172,265,199,197,161,107,317,264,261,266,336,58,129,160,126,229,7,155,236,112,340,95,237,238,119,154,128,223,159,273,158,122,8,127,140,116,193,91,118,168,4,6,169,142,120,132,135,104,138,123,137,97,136,358,133,124,106,108,111,139,113,131,141,92,313,117,341,61,318,411,105,319,274,99,54,342,408,315,344,314,60,62,148,320,267,356,316,96,268,351,153,18,114,412,121,134,57,413,115,231,130,125,110,56,5,65,72,67,191,271,277,87,355,89,68,76,17,374,370,377,71,74,275,346,371,276,55,367,152,73,357,109,335,75,59,196,343,194,63,195,220,33,215,70,347,166,64,173,170,143,34,401,354,144,149,151,222,353,406,407,150,405,227,163,233,192,228,221,226,190,225,82,235,234,352,84,83,366,85,53,232,303,176,350,86,189,365,177,364,345,302,363,167,362,219,175,14,81,11,10,13,32,31,180,80,174,349,181,12,348,188,216,217,218,361,183,179,481,79,301,182,427,16,430,487,428,429,0,15,455,445,450,19,1,448,260,453,464,484,446,485,442,439,432,479,456,451,431,438,447,449,467,470,28,452,436,458,465,462,473,422,461,20,433,488,476,257,474,459,471,477,437,468,256,454,517,457,509,259,423,444,258,480,486,482,483,506,187,508,359,21,185,23,184,22,24,186,25,360,26,498,528,29,27,30,425,324,489,322,388,323,325,510,526,527,390,499,490,503,391,525,515,321,389,505,504,507,426,500,434,435,497,523,424,524,533,529,516,501,101,102,511,513,514,103,512,519,502,329,327,518,330,521,326,522,520,494,331,2,328,535,493,495,534,530,532,531,492,496,536,491,
402,369,403,404,309,69,241,311,250,254,305,308,310,306,253,304,255,247,252,246,251,410,243,242,248,249,240,245,466,478,244,463,368,90,475,295,419,469,472,307,312,460,417,293,298,297,376,286,421,375,409,281,287,239,300,292,290,299,443,420,338,198,373,214,211,418,415,339,209,203,269,416,157,210,202,398,204,205,201,200,207,208,291,289,288,98,206,212,213,387,50,334,88,385,372,384,383,280,414,178,262,263,393,395,52,49,337,93,272,441,146,48,171,164,332,47,381,392,165,294,41,44,45,285,382,386,51,397,284,378,379,396,380,147,46,278,283,282,270,394,296,36,145,38,224,35,37,39,279,66,40,43,162,42,399,400,156,94,230,9,3,333,77,100,78,440,172,265,199,197,161,107,317,264,261,266,336,129,58,160,126,229,7,112,236,155,340,238,237,95,128,119,154,223,159,158,273,8,122,127,140,193,116,91,118,168,4,169,6,142,104,138,135,132,120,123,136,358,97,133,137,106,124,108,111,139,141,131,113,117,92,313,61,411,341,318,105,319,99,274,342,54,315,408,344,314,148,62,60,320,268,356,316,96,267,351,153,18,121,412,413,114,57,134,125,231,130,115,5,110,56,72,271,191,67,65,277,355,87,89,68,76,377,71,17,374,370,74,275,346,276,371,55,367,152,73,357,109,75,335,59,196,194,343,195,63,220,33,215,70,166,347,64,173,170,34,143,401,354,144,149,151,353,222,407,406,150,227,405,163,226,233,190,221,192,228,82,225,235,234,352,366,84,83,85,303,232,176,53,86,350,189,177,365,345,364,363,219,302,362,167,81,175,14,11,10,13,32,174,80,180,31,349,181,12,348,218,216,217,188,361,183,179,481,301,79,182,427,16,430,487,429,428,0,15,455,445,19,450,448,1,260,453,446,464,484,485,442,432,439,456,479,438,451,431,449,447,467,470,28,452,436,465,462,458,473,422,461,20,488,476,433,257,437,477,256,474,468,459,471,454,517,457,509,259,444,423,258,480,482,486,483,506,187,508,359,21,185,22,24,23,184,186,25,360,26,528,498,29,27,30,425,322,489,324,325,323,388,510,526,527,391,499,525,503,390,490,515,321,505,389,504,507,426,500,434,435,523,497,516,424,533,529,524,101,501,514,511,513,512,102,103,519,502,329,330,327,518,326,520,521,522,494,2,331,328,536,532,496,495,492,534,531,493,491,530,535,
402,369,403,404,309,69,241,311,250,254,305,308,310,306,253,304,255,247,252,246,251,410,243,242,248,249,240,245,466,478,244,463,475,90,368,295,419,469,472,307,312,460,417,293,297,298,376,286,421,409,375,281,287,239,300,292,290,299,443,420,338,198,373,214,211,415,418,339,209,203,416,269,157,210,202,204,398,205,201,200,207,208,291,289,288,98,206,212,213,387,50,334,88,385,372,384,280,383,414,178,263,262,393,395,52,49,337,93,272,441,146,48,171,164,332,47,392,165,381,294,285,382,44,386,41,45,397,284,51,379,396,378,380,147,278,46,283,282,270,394,296,145,36,38,224,37,35,39,66,279,40,43,162,42,399,400,156,94,230,9,3,333,77,78,100,440,172,265,199,197,161,107,317,264,261,266,336,58,129,160,126,229,7,112,155,236,340,238,237,95,119,154,128,223,159,273,158,8,122,127,140,193,116,91,118,4,168,6,169,142,104,135,132,120,138,123,137,133,136,358,97,106,124,108,111,139,113,131,141,117,92,313,61,341,318,411,105,319,99,274,54,342,408,315,314,344,60,62,148,320,356,267,268,316,96,18,351,153,57,121,412,134,413,114,125,130,231,115,56,110,5,72,65,271,67,191,355,277,87,89,76,68,374,71,370,377,17,275,74,346,276,371,367,55,73,152,357,109,335,75,59,196,343,194,195,63,220,33,70,215,166,347,173,64,170,34,401,143,354,144,149,151,222,353,406,407,150,405,227,163,226,228,190,192,221,233,225,82,234,235,352,366,83,85,84,232,176,303,53,86,350,177,365,189,364,345,363,167,219,302,362,81,175,14,11,10,13,32,180,80,31,174,349,181,348,12,188,216,217,218,361,183,179,481,301,79,182,427,16,430,487,429,428,15,0,455,445,19,450,448,1,260,453,484,464,446,485,442,432,439,456,479,431,438,451,447,449,470,467,28,452,436,458,462,465,473,461,422,20,433,476,488,257,474,477,468,459,256,437,471,454,517,457,509,259,444,423,258,482,486,480,483,506,187,508,359,21,185,23,184,22,24,186,25,360,26,498,528,29,30,27,425,322,489,324,323,388,325,526,510,527,490,503,499,390,391,525,515,321,389,505,504,426,507,500,434,435,497,523,533,529,516,524,424,501,101,513,514,511,103,512,102,519,502,518,327,330,329,520,326,521,494,522,2,328,331,493,496,495,530,535,531,491,492,534,532,536,
402,369,403,404,309,69,241,311,250,254,305,310,308,306,253,304,255,247,252,246,251,410,243,242,248,249,240,245,466,478,244,463,368,475,90,295,419,469,472,307,312,460,417,293,297,298,376,286,421,375,409,281,287,239,300,292,290,299,443,420,338,198,373,214,211,418,415,339,203,209,416,269,157,202,210,204,398,205,201,200,207,208,291,289,288,206,98,212,213,387,50,334,88,385,372,384,383,280,414,178,262,263,393,395,52,49,337,93,272,441,146,48,171,164,332,47,392,165,381,294,41,44,45,382,285,386,284,397,51,378,379,396,380,147,46,278,283,282,270,394,296,145,36,38,224,35,37,39,66,279,40,43,162,42,399,156,400,94,9,230,3,333,77,100,78,440,172,265,199,197,161,107,317,261,264,266,336,160,129,58,126,229,7,112,155,236,340,95,238,237,119,128,154,223,159,8,158,122,273,127,193,140,116,91,118,168,4,6,169,142,132,123,138,135,104,120,97,136,133,137,358,106,124,108,139,111,113,141,131,313,92,117,105,411,61,318,341,319,99,274,54,342,315,408,344,314,60,148,62,320,268,96,356,267,316,153,351,18,57,134,114,121,413,412,125,115,130,231,5,110,56,271,72,191,65,67,277,87,355,89,76,68,374,17,71,377,370,275,74,346,276,371,367,55,152,73,357,109,75,335,59,196,343,194,195,63,220,33,215,70,166,347,173,64,170,143,401,34,354,144,151,149,353,222,407,406,150,227,405,163,221,192,226,228,190,233,82,225,235,234,352,366,85,83,84,176,232,53,303,86,350,189,177,365,364,345,219,302,167,363,362,175,14,81,11,13,32,10,180,174,31,80,181,349,348,12,218,217,188,216,361,183,481,179,79,301,182,427,16,430,487,428,429,0,15,455,445,450,19,1,448,453,260,446,464,484,442,485,439,432,456,479,431,451,438,447,449,470,467,28,452,436,458,465,462,473,461,422,20,433,488,476,257,471,477,256,468,459,474,437,454,517,457,509,423,444,259,258,482,480,486,483,506,187,508,359,21,185,22,186,23,24,184,25,360,26,528,498,29,27,30,425,322,324,489,388,323,325,510,526,527,390,503,391,499,490,525,515,321,389,504,505,507,426,500,434,435,523,497,424,516,524,533,529,101,501,514,513,102,103,512,511,519,502,327,329,518,330,494,326,520,521,522,328,2,331,534,535,496,530,495,532,491,531,493,492,536,
402,369,403,404,309,69,241,311,250,254,305,308,310,306,253,304,255,247,252,246,251,410,243,242,249,248,240,245,466,478,244,463,475,368,90,295,419,469,472,307,312,460,417,293,297,298,376,286,421,375,409,281,287,239,300,292,290,299,443,420,338,198,373,214,211,415,418,339,209,203,416,269,157,210,202,398,204,205,201,200,208,207,291,289,288,206,98,212,213,50,387,334,88,385,372,384,280,383,414,178,263,262,393,395,52,49,337,93,272,441,146,48,171,164,332,47,381,165,392,294,382,285,44,45,41,386,397,51,284,379,378,380,396,147,46,278,283,282,270,394,296,145,36,38,224,35,37,39,279,66,40,43,162,42,399,156,400,94,9,230,3,333,77,78,100,440,172,265,199,197,107,161,317,261,264,266,336,160,58,129,126,229,7,112,155,236,340,95,237,238,154,119,128,223,159,158,8,273,122,127,116,140,193,91,118,4,168,6,169,142,123,132,120,104,138,135,137,136,97,358,133,124,106,111,139,108,131,141,113,92,313,117,411,105,341,61,318,319,274,54,99,342,408,315,314,344,60,148,62,320,268,356,96,267,316,351,18,153,114,134,57,412,121,413,130,231,115,125,5,110,56,72,191,271,67,65,277,87,355,89,68,76,71,370,377,17,374,346,74,275,276,371,367,55,73,152,357,109,335,75,59,196,343,194,63,195,220,70,33,215,347,166,173,64,170,34,401,143,354,144,149,151,353,222,150,407,406,227,163,405,233,190,228,192,226,221,82,225,234,235,352,83,366,84,85,176,232,303,53,86,350,189,177,365,364,345,167,302,362,219,363,81,14,175,11,13,10,32,174,180,31,80,181,349,12,348,218,216,188,217,361,183,481,179,79,301,182,427,16,430,487,429,428,0,15,455,445,19,450,448,1,453,260,484,446,464,485,442,432,439,479,456,438,451,431,447,449,467,470,28,452,436,465,462,458,473,461,422,20,476,433,488,257,477,459,437,468,474,471,256,454,517,457,509,259,444,423,258,482,486,480,483,506,187,508,359,21,185,24,184,22,23,186,25,360,26,498,528,27,425,30,29,324,322,489,323,325,388,510,526,527,503,525,490,390,391,499,515,321,504,389,505,507,426,500,434,435,497,523,516,529,533,524,424,501,101,512,103,511,513,102,514,519,502,330,329,327,518,522,521,326,520,494,331,2,328,530,535,491,536,495,496,492,532,493,534,531,
402,369,403,404,309,69,241,311,250,254,305,308,310,306,253,304,255,247,252,246,251,410,243,242,249,248,240,245,466,478,244,463,368,475,90,295,419,469,472,307,312,460,417,293,298,297,376,286,421,375,409,281,287,239,300,292,290,299,443,420,338,198,373,214,211,415,418,339,203,209,269,416,157,202,210,204,398,205,201,200,207,208,291,289,288,98,206,212,213,387,50,334,88,385,372,384,383,280,414,178,263,262,393,395,52,49,337,93,272,441,48,146,171,164,332,47,392,165,381,294,382,45,41,386,285,44,284,397,51,380,379,396,378,147,278,46,283,282,394,270,296,145,36,38,224,35,37,39,40,66,279,43,162,42,399,400,156,94,9,230,3,333,77,78,100,440,172,265,199,197,107,161,317,261,264,266,336,160,58,129,126,229,7,112,236,155,340,238,95,237,154,128,119,223,159,158,273,122,8,127,193,140,116,91,118,168,4,6,169,142,123,104,132,138,120,135,97,136,133,358,137,106,124,139,108,111,131,113,141,313,92,117,318,341,411,61,105,319,54,274,342,99,408,315,344,314,60,148,62,320,267,356,316,268,96,153,351,18,413,114,412,134,57,121,125,130,115,231,56,5,110,67,191,65,271,72,277,355,87,89,68,76,370,374,377,71,17,275,74,346,371,276,367,55,73,152,357,109,335,75,59,196,343,194,63,195,220,215,33,70,166,347,173,64,170,401,143,34,354,144,149,151,353,222,406,407,150,227,163,405,228,221,190,226,192,233,82,225,235,234,352,84,85,83,366,232,176,303,53,350,86,177,189,365,364,345,167,219,363,302,362,81,14,175,11,10,32,13,80,31,174,180,349,181,348,12,217,216,218,188,361,183,179,481,79,301,182,427,16,430,487,429,428,0,15,455,445,450,19,1,448,260,453,484,464,446,442,485,432,439,456,479,438,451,431,447,449,470,467,28,436,452,465,458,462,473,461,422,20,488,476,433,257,468,256,477,459,474,437,471,454,517,457,509,444,423,259,258,486,480,482,483,506,187,508,359,21,185,22,186,23,24,184,25,360,26,498,528,29,27,425,30,322,324,489,323,325,388,510,526,527,525,499,490,390,503,391,515,321,505,504,389,507,426,434,500,435,497,523,424,533,524,516,529,501,101,513,102,511,512,103,514,519,502,330,518,329,327,522,521,326,520,494,2,331,328,496,534,531,535,493,530,532,492,495,491,536,
402,369,403,404,309,69,241,311,250,254,305,310,308,306,253,304,255,247,252,246,251,410,243,242,249,248,240,245,466,478,244,463,368,475,90,295,419,469,472,307,312,460,417,293,297,298,376,286,421,375,409,281,287,239,300,292,290,299,443,420,338,198,373,214,211,415,418,339,203,209,269,416,157,210,202,204,398,205,201,200,207,208,291,289,288,98,206,212,213,387,50,334,88,385,372,384,280,383,414,178,262,263,393,395,52,49,337,93,272,441,146,48,171,164,332,47,392,165,381,294,41,44,382,285,386,45,51,397,284,378,396,380,379,147,46,278,283,282,270,394,296,145,36,38,224,37,35,39,66,279,40,43,162,42,399,400,156,94,230,9,3,333,77,78,100,440,172,265,199,197,161,107,317,261,264,266,336,160,58,129,126,229,7,155,112,236,340,95,238,237,154,119,128,223,159,273,158,122,8,127,116,193,140,91,118,168,4,169,6,142,104,132,123,120,135,138,137,136,97,358,133,106,124,139,111,108,131,141,113,313,92,117,341,318,411,61,105,319,274,342,99,54,315,408,344,314,62,148,60,320,356,267,316,268,96,18,153,351,114,413,134,121,412,57,231,125,115,130,5,110,56,67,72,271,191,65,87,277,355,89,68,76,71,370,374,17,377,74,346,275,276,371,55,367,152,73,357,109,335,75,59,196,194,343,63,195,220,215,70,33,347,166,173,64,170,143,401,34,354,144,149,151,353,222,150,406,407,227,163,405,192,190,233,228,226,221,225,82,235,234,352,84,366,83,85,53,232,176,303,350,86,189,177,365,364,345,167,219,302,363,362,175,81,14,11,32,10,13,80,180,174,31,181,349,12,348,188,217,218,216,361,183,179,481,301,79,182,427,16,430,487,428,429,15,0,455,445,450,19,448,1,453,260,484,446,464,442,485,439,432,456,479,438,431,451,449,447,470,467,28,452,436,462,465,458,473,422,461,20,488,476,433,257,471,477,468,256,459,474,437,454,517,457,509,423,259,444,258,480,482,486,483,506,187,508,359,21,185,184,24,186,23,22,25,360,26,528,498,29,27,30,425,324,489,322,325,323,388,526,510,527,391,490,390,503,525,499,515,321,504,389,505,507,426,434,500,435,523,497,533,516,424,529,524,101,501,103,514,513,102,511,512,519,502,329,327,330,518,521,326,520,522,494,328,2,331,531,492,530,532,493,491,496,535,534,536,495,
402,369,403,404,309,69,241,311,250,254,305,310,308,306,253,304,255,247,252,246,251,410,243,242,249,248,240,245,466,478,244,463,368,90,475,295,419,469,472,307,312,460,417,293,298,297,376,286,421,409,375,281,287,239,300,292,290,299,443,420,338,198,373,214,211,418,415,339,209,203,269,416,157,210,202,398,204,205,201,200,207,208,291,289,288,206,98,212,213,50,387,334,88,385,372,384,383,280,414,178,262,263,393,395,52,49,337,93,272,441,146,48,171,164,332,47,381,392,165,294,382,41,386,45,44,285,397,51,284,378,396,379,380,147,278,46,283,282,394,270,296,36,145,38,224,37,35,39,40,66,279,43,162,42,399,156,400,94,230,9,3,333,77,100,78,440,172,265,199,197,107,161,317,261,264,266,336,58,160,129,126,229,7,155,236,112,340,237,238,95,119,128,154,223,159,158,122,8,273,127,140,116,193,91,118,4,168,169,6,142,135,138,104,123,132,120,358,97,137,136,133,106,124,139,111,108,113,131,141,92,117,313,318,411,61,105,341,319,342,274,54,99,315,408,344,314,60,148,62,320,316,96,356,267,268,18,153,351,57,114,412,134,121,413,130,125,231,115,56,110,5,271,67,65,72,191,355,87,277,89,76,68,374,71,377,370,17,346,74,275,371,276,367,55,152,73,357,109,75,335,59,196,194,343,195,63,220,70,215,33,347,166,64,173,170,143,34,401,354,144,151,149,353,222,406,407,150,227,405,163,233,228,192,221,190,226,82,225,234,235,352,366,84,85,83,303,176,232,53,86,350,177,189,365,345,364,219,167,362,363,302,14,81,175,11,13,10,32,80,180,31,174,349,181,12,348,217,218,216,188,361,183,481,179,79,301,182,427,16,430,487,428,429,0,15,455,445,450,19,1,448,453,260,464,484,446,485,442,432,439,456,479,451,431,438,449,447,470,467,28,452,436,462,465,458,473,422,461,20,433,476,488,257,471,474,256,468,477,459,437,454,517,457,509,259,423,444,258,480,486,482,483,506,187,508,359,21,185,22,24,186,23,184,25,360,26,528,498,27,425,29,30,322,324,489,325,388,323,510,526,527,525,390,503,499,391,490,515,321,505,389,504,426,507,434,500,435,497,523,529,533,524,516,424,101,501,511,512,103,513,102,514,519,502,327,329,330,518,494,522,521,520,326,331,2,328,491,532,492,531,534,530,535,495,536,496,493,
402,369,403,404,309,69,241,311,250,254,305,308,310,306,253,304,255,247,252,246,251,410,243,242,248,249,240,245,466,478,244,463,90,368,475,295,419,469,472,307,312,460,417,293,297,298,376,286,421,375,409,281,287,239,300,292,290,299,443,420,338,198,373,214,211,418,415,339,203,209,416,269,157,210,202,398,204,205,201,200,207,208,291,289,288,98,206,212,213,387,50,334,88,385,372,384,280,383,414,178,262,263,393,395,52,49,337,93,441,272,48,146,171,164,332,47,392,381,165,294,41,44,45,382,285,386,397,51,284,396,380,378,379,147,278,46,283,282,394,270,296,145,36,38,224,35,37,39,279,40,66,43,162,42,399,156,400,94,230,9,3,333,77,78,100,440,172,265,199,197,161,107,317,264,261,266,336,160,129,58,126,229,7,236,155,112,340,237,238,95,128,119,154,223,159,122,8,158,273,127,140,116,193,91,118,168,4,6,169,142,120,138,104,135,132,123,97,136,358,137,133,106,124,111,108,139,141,131,113,313,92,117,411,341,61,318,105,319,342,274,99,54,408,315,314,344,62,60,148,320,356,96,268,267,316,351,18,153,121,413,412,114,134,57,115,125,231,130,110,56,5,191,271,67,65,72,355,87,277,89,68,76,374,71,17,370,377,275,74,346,276,371,55,367,73,152,357,109,335,75,59,196,343,194,63,195,220,70,215,33,347,166,64,173,170,143,34,401,354,144,151,149,222,353,407,150,406,163,227,405,192,228,233,226,221,190,225,82,235,234,352,84,366,85,83,303,53,176,232,350,86,365,177,189,345,364,167,219,362,302,363,175,81,14,11,32,13,10,180,80,31,174,181,349,348,12,217,216,188,218,361,183,481,179,79,301,182,427,16,430,487,428,429,15,0,455,445,19,450,448,1,260,453,484,464,446,442,485,439,432,479,456,438,451,431,449,447,470,467,28,436,452,462,458,465,473,422,461,20,433,488,476,257,437,474,468,477,459,256,471,454,517,457,509,423,444,259,258,482,486,480,483,506,187,508,359,21,185,24,23,22,184,186,25,360,26,498,528,29,425,30,27,324,489,322,325,323,388,510,526,527,499,503,391,490,390,525,515,321,504,505,389,426,507,434,500,435,523,497,516,529,524,533,424,101,501,511,103,102,512,513,514,519,502,329,327,518,330,521,522,520,326,494,2,331,328,492,530,495,531,534,493,491,535,536,496,532,
402,369,403,404,309,69,241,311,250,254,305,310,308,306,253,304,255,247,252,246,251,410,243,242,249,248,240,245,466,478,244,463,368,90,475,295,419,469,472,307,312,460,417,293,298,297,376,286,421,409,375,281,287,239,300,292,290,299,443,420,338,198,373,214,211,415,418,339,209,203,269,416,157,202,210,398,204,205,201,200,207,208,291,289,288,206,98,212,213,50,387,334,88,385,372,384,383,280,414,178,262,263,393,395,52,49,337,93,441,272,146,48,171,164,332,47,165,392,381,294,386,41,44,382,285,45,397,51,284,380,396,379,378,147,278,46,283,282,270,394,296,145,36,38,224,37,35,39,40,66,279,43,162,42,399,400,156,94,9,230,3,333,77,100,78,440,172,265,199,197,107,161,317,264,261,266,336,160,129,58,126,229,7,112,155,236,340,237,95,238,128,154,119,223,159,8,122,273,158,127,116,140,193,91,118,4,168,169,6,142,138,120,132,104,123,135,136,97,137,133,358,106,124,108,139,111,131,141,113,313,117,92,411,61,341,105,318,319,99,342,54,274,315,408,344,314,60,148,62,320,316,268,96,267,356,153,351,18,134,121,57,413,412,114,130,115,231,125,110,56,5,271,65,72,67,191,277,355,87,89,76,68,374,370,71,377,17,346,275,74,371,276,55,367,73,152,357,109,335,75,59,196,343,194,63,195,220,70,33,215,166,347,64,173,170,143,34,401,354,144,151,149,353,222,407,150,406,163,405,227,233,221,192,190,226,228,82,225,234,235,352,83,366,85,84,53,176,303,232,350,86,177,365,189,345,364,363,362,167,302,219,14,175,81,11,32,13,10,80,31,174,180,181,349,12,348,217,216,188,218,361,183,481,179,79,301,182,427,16,430,487,429,428,15,0,455,445,19,450,1,448,453,260,446,484,464,442,485,439,432,456,479,451,438,431,449,447,467,470,28,452,436,462,458,465,473,422,461,20,488,433,476,257,459,468,471,474,477,437,256,454,517,457,509,423,444,259,258,486,480,482,483,506,187,508,359,21,185,24,23,184,22,186,25,360,26,528,498,425,29,27,30,489,322,324,325,323,388,510,526,527,391,503,525,490,499,390,515,321,504,389,505,426,507,434,500,435,523,497,524,424,529,533,516,101,501,102,511,512,103,513,514,519,502,327,518,330,329,521,326,520,522,494,328,2,331,496,534,536,530,535,493,492,531,495,491,532,
402,369,403,404,309,69,241,311,250,254,305,308,310,306,253,304,255,247,252,246,251,410,243,242,248,249,240,245,466,478,244,463,90,368,475,295,419,469,472,307,312,460,417,293,298,297,376,286,421,375,409,281,287,239,300,292,290,299,443,420,338,198,373,214,211,418,415,339,203,209,269,416,157,202,210,204,398,205,201,200,208,207,291,289,288,98,206,212,213,50,387,334,88,385,372,384,280,383,414,178,263,262,393,395,52,49,337,93,272,441,48,146,171,164,332,47,392,381,165,294,45,382,285,386,41,44,397,51,284,378,396,379,380,147,278,46,283,282,394,270,296,36,145,38,224,37,35,39,66,279,40,43,162,42,399,400,156,94,230,9,3,333,77,100,78,440,172,265,199,197,161,107,317,261,264,266,336,58,129,160,126,229,7,155,236,112,340,238,237,95,128,119,154,223,159,158,8,122,273,127,116,193,140,91,118,4,168,6,169,142,104,123,120,132,138,135,137,358,133,97,136,106,124,108,139,111,113,131,141,92,313,117,318,105,61,341,411,319,54,99,274,342,315,408,344,314,60,148,62,320,268,267,316,96,356,153,351,18,412,413,134,121,114,57,125,115,130,231,110,5,56,72,271,65,191,67,87,355,277,89,76,68,370,17,71,374,377,74,346,275,371,276,55,367,152,73,357,109,75,335,59,196,194,343,195,63,220,70,33,215,166,347,64,173,170,143,401,34,354,144,149,151,353,222,407,150,406,163,227,405,233,226,190,221,192,228,82,225,235,234,352,84,366,85,83,176,232,303,53,350,86,365,189,177,345,364,363,302,362,167,219,175,81,14,11,10,32,13,31,174,180,80,349,181,12,348,216,217,218,188,361,183,481,179,79,301,182,427,16,430,487,428,429,15,0,455,445,19,450,448,1,260,453,484,464,446,442,485,432,439,479,456,451,438,431,447,449,470,467,28,452,436,458,462,465,473,461,422,20,433,476,488,257,256,471,474,477,459,468,437,454,517,457,509,444,423,259,258,482,480,486,483,506,187,508,359,21,185,184,23,22,186,24,25,360,26,528,498,30,425,29,27,324,489,322,388,325,323,510,526,527,503,525,391,499,490,390,515,321,505,504,389,507,426,500,434,435,497,523,516,524,529,424,533,501,101,512,103,102,514,511,513,519,502,327,329,330,518,521,326,494,520,522,328,331,2,532,491,531,495,493,535,536,534,496,530,492,
402,369,403,404,309,69,241,311,250,254,305,308,310,306,253,304,255,247,252,246,251,410,243,242,248,249,240,245,466,478,244,463,368,475,90,295,419,469,472,307,312,460,417,293,297,298,376,286,421,375,409,281,287,239,300,292,290,299,443,420,338,198,373,214,211,415,418,339,203,209,269,416,157,202,210,204,398,205,201,200,208,207,291,289,288,98,206,212,213,387,50,334,88,385,372,384,280,383,414,178,262,263,393,395,52,49,337,93,441,272,146,48,171,164,332,47,392,165,381,294,386,285,44,45,382,41,51,397,284,379,380,378,396,147,278,46,283,282,270,394,296,145,36,38,224,37,35,39,66,40,279,43,162,42,399,156,400,94,9,230,3,333,77,78,100,440,172,265,199,197,161,107,317,261,264,266,336,160,58,129,126,229,7,236,155,112,340,95,237,238,128,119,154,223,159,273,8,158,122,127,116,140,193,91,118,4,168,6,169,142,104,138,120,132,123,135,136,358,97,137,133,106,124,108,111,139,131,141,113,313,92,117,411,318,341,105,61,319,99,274,342,54,315,408,314,344,148,60,62,320,356,268,316,267,96,18,351,153,121,57,413,412,114,134,231,115,125,130,56,5,110,191,65,67,72,271,355,87,277,89,68,76,17,71,377,374,370,275,74,346,276,371,55,367,152,73,357,109,335,75,59,196,194,343,63,195,220,33,215,70,166,347,64,173,170,401,143,34,354,144,149,151,353,222,150,406,407,227,405,163,228,221,190,192,226,233,225,82,235,234,352,366,85,83,84,176,53,303,232,350,86,365,189,177,364,345,362,167,302,219,363,81,175,14,11,10,13,32,180,31,174,80,349,181,348,12,188,217,216,218,361,183,481,179,301,79,182,427,16,430,487,428,429,15,0,455,445,19,450,1,448,260,453,464,446,484,485,442,439,432,479,456,431,438,451,449,447,470,467,28,452,436,462,465,458,473,422,461,20,433,476,488,257,477,468,471,459,256,437,474,454,517,457,509,423,259,444,258,480,482,486,483,506,187,508,359,21,185,23,24,184,22,186,25,360,26,498,528,30,27,29,425,322,489,324,388,325,323,510,526,527,499,525,391,490,503,390,515,321,389,504,505,426,507,500,434,435,523,497,529,516,524,424,533,101,501,514,102,103,513,511,512,519,502,330,327,329,518,326,494,520,521,522,2,328,331,535,534,492,530,536,491,493,531,495,532,496,
402,369,403,404,309,69,241,311,250,254,305,308,310,306,253,304,255,247,252,246,251,410,243,242,249,248,240,245,466,478,244,463,368,90,475,295,419,469,472,307,312,460,417,293,297,298,376,286,421,409,375,281,287,239,300,292,290,299,443,420,338,198,373,214,211,418,415,339,209,203,269,416,157,210,202,398,204,205,201,200,208,207,291,289,288,98,206,212,213,387,50,334,88,385,372,384,280,383,414,178,263,262,393,395,52,49,337,93,272,441,48,146,171,164,332,47,392,381,165,294,44,45,382,386,41,285,51,284,397,380,379,396,378,147,46,278,283,282,270,394,296,145,36,38,224,37,35,39,40,279,66,43,162,42,399,400,156,94,9,230,3,333,77,78,100,440,172,265,199,197,107,161,317,264,261,266,336,129,160,58,126,229,7,236,155,112,340,95,238,237,119,154,128,223,159,122,273,8,158,127,193,116,140,91,118,168,4,6,169,142,104,132,123,138,120,135,358,97,137,133,136,124,106,108,139,111,141,131,113,313,92,117,105,61,341,318,411,319,99,274,342,54,408,315,344,314,148,60,62,320,356,316,96,267,268,153,351,18,412,121,57,413,134,114,231,130,125,115,5,56,110,271,67,65,191,72,277,87,355,89,68,76,71,370,17,377,374,275,74,346,276,371,367,55,73,152,357,109,335,75,59,196,343,194,63,195,220,70,215,33,166,347,173,64,170,34,143,401,354,144,151,149,353,222,407,150,406,163,405,227,190,192,233,226,228,221,225,82,235,234,352,366,84,83,85,232,53,303,176,350,86,177,189,365,345,364,362,219,302,167,363,175,81,14,11,13,32,10,31,174,80,180,349,181,348,12,218,216,188,217,361,183,179,481,79,301,182,427,16,430,487,428,429,0,15,455,445,450,19,1,448,453,260,464,484,446,485,442,432,439,456,479,431,438,451,447,449,470,467,28,436,452,462,458,465,473,422,461,20,476,488,433,257,256,477,471,468,474,437,459,454,517,457,509,423,259,444,258,480,482,486,483,506,187,508,359,21,185,22,186,23,24,184,25,360,26,528,498,425,27,29,30,322,489,324,325,388,323,526,510,527,391,503,390,490,499,525,515,321,505,504,389,426,507,434,500,435,497,523,516,524,533,424,529,501,101,513,514,511,102,512,103,519,502,327,329,330,518,326,494,522,520,521,331,2,328,535,530,495,496,536,492,493,534,532,491,531,
402,369,403,404,309,69,241,311,250,254,305,308,310,306,253,304,255,247,252,246,251,410,243,242,248,249,240,245,466,478,244,463,90,368,475,295,419,469,472,307,312,460,417,293,297,298,376,286,421,375,409,281,287,239,300,292,290,299,443,420,338,198,373,214,211,415,418,339,203,209,269,416,157,202,210,204,398,205,201,200,207,208,291,289,288,206,98,212,213,50,387,334,88,385,372,384,383,280,414,178,263,262,393,395,52,49,337,93,441,272,146,48,171,164,332,47,381,165,392,294,382,386,44,41,285,45,284,51,397,379,380,378,396,147,278,46,283,282,394,270,296,145,36,38,224,37,35,39,40,279,66,43,162,42,399,400,156,94,9,230,3,333,77,100,78,440,172,265,199,197,107,161,317,261,264,266,336,160,58,129,126,229,7,236,112,155,340,95,238,237,128,154,119,223,159,158,122,273,8,127,193,116,140,91,118,168,4,169,6,142,135,132,138,104,123,120,137,358,136,97,133,124,106,108,139,111,141,131,113,313,92,117,411,318,105,61,341,319,54,274,342,99,315,408,344,314,148,60,62,320,96,356,267,316,268,18,351,153,114,134,413,121,57,412,130,231,125,115,56,110,5,191,271,67,65,72,87,355,277,89,68,76,377,71,374,17,370,275,346,74,371,276,55,367,73,152,357,109,75,335,59,196,343,194,63,195,220,70,33,215,347,166,64,173,170,143,401,34,354,144,149,151,353,222,407,406,150,163,405,227,221,226,228,233,192,190,225,82,235,234,352,83,85,84,366,303,176,232,53,350,86,177,365,189,345,364,363,219,362,302,167,81,175,14,11,10,13,32,174,180,80,31,181,349,348,12,218,216,188,217,361,183,481,179,301,79,182,427,16,430,487,428,429,15,0,455,445,19,450,448,1,453,260,446,464,484,485,442,439,432,456,479,431,451,438,449,447,470,467,28,436,452,462,465,458,473,422,461,20,476,488,433,257,468,474,471,459,256,437,477,454,517,457,509,423,259,444,258,480,482,486,483,506,187,508,359,21,185,24,22,186,184,23,25,360,26,498,528,29,27,30,425,489,324,322,325,323,388,526,510,527,503,391,499,390,490,525,515,321,389,505,504,507,426,500,434,435,497,523,424,533,529,524,516,501,101,511,103,514,512,102,513,519,502,329,518,330,327,494,326,522,520,521,328,2,331,536,495,534,492,493,491,532,535,496,530,531,
402,369,403,404,309,69,241,311,250,254,305,308,310,306,253,304,255,247,252,246,251,410,243,242,248,249,240,245,466,478,244,463,90,368,475,295,419,469,472,307,312,460,417,293,298,297,376,286,421,375,409,281,287,239,300,292,290,299,443,420,338,198,373,214,211,418,415,339,203,209,269,416,157,210,202,204,398,205,201,200,208,207,291,289,288,206,98,212,213,387,50,334,88,385,372,384,280,383,414,178,263,262,393,395,52,49,337,93,272,441,48,146,171,164,332,47,392,381,165,294,41,382,44,285,386,45,397,51,284,379,380,378,396,147,46,278,283,282,394,270,296,36,145,38,224,37,35,39,279,66,40,43,162,42,399,156,400,94,9,230,3,333,77,78,100,440,172,265,199,197,107,161,317,264,261,266,336,58,129,160,126,229,7,112,236,155,340,237,238,95,154,128,119,223,159,158,122,8,273,127,140,193,116,91,118,168,4,169,6,142,132,135,123,120,138,104,136,133,97,137,358,106,124,139,108,111,141,113,131,313,92,117,341,61,318,105,411,319,54,99,342,274,315,408,314,344,62,148,60,320,268,267,96,356,316,153,351,18,114,412,413,121,134,57,130,231,115,125,56,110,5,65,271,191,67,72,355,277,87,89,68,76,17,374,370,71,377,346,74,275,276,371,367,55,73,152,357,109,335,75,59,196,343,194,195,63,220,33,70,215,347,166,173,64,170,34,401,143,354,144,149,151,353,222,407,406,150,163,405,227,226,228,190,192,233,221,82,225,235,234,352,366,84,83,85,303,232,53,176,350,86,365,177,189,345,364,302,362,219,167,363,14,175,81,11,32,10,13,174,31,80,180,181,349,12,348,188,216,217,218,361,183,179,481,79,301,182,427,16,430,487,429,428,0,15,455,445,19,450,448,1,453,260,446,484,464,485,442,432,439,479,456,451,431,438,447,449,470,467,28,452,436,458,465,462,473,461,422,20,476,488,433,257,437,471,256,459,477,474,468,454,517,457,509,259,423,444,258,486,482,480,483,506,187,508,359,21,185,186,24,184,22,23,25,360,26,498,528,29,27,30,425,489,322,324,325,323,388,526,510,527,525,490,503,499,390,391,515,321,504,505,389,426,507,434,500,435,523,497,424,524,533,529,516,501,101,514,513,511,102,103,512,519,502,329,330,518,327,520,521,522,494,326,331,2,328,531,535,534,536,491,530,496,532,495,493,492,
402,369,403,404,309,69,241,311,250,254,305,310,308,306,253,304,255,247,252,246,251,410,243,242,248,249,240,245,466,478,244,463,368,475,90,295,419,469,472,307,312,460,417,293,298,297,376,286,421,409,375,281,287,239,300,292,290,299,443,420,338,198,373,214,211,415,418,339,203,209,416,269,157,202,210,398,204,205,201,200,207,208,291,289,288,206,98,212,213,387,50,334,88,385,372,384,280,383,414,178,262,263,393,395,52,49,337,93,441,272,146,48,171,164,332,47,381,165,392,294,41,386,45,44,285,382,51,397,284,378,396,380,379,147,46,278,283,282,394,270,296,36,145,38,224,37,35,39,66,40,279,43,162,42,399,156,400,94,9,230,3,333,77,100,78,440,172,265,199,197,107,161,317,264,261,266,336,160,58,129,126,229,7,155,236,112,340,95,237,238,154,128,119,223,159,122,8,273,158,127,140,193,116,91,118,4,168,169,6,142,104,135,123,120,138,132,136,97,137,133,358,106,124,108,111,139,113,131,141,313,92,117,341,411,61,318,105,319,54,274,342,99,408,315,314,344,148,62,60,320,356,316,268,96,267,351,18,153,413,121,412,114,134,57,125,130,115,231,56,110,5,191,65,72,67,271,87,277,355,89,76,68,17,370,71,377,374,275,346,74,371,276,367,55,152,73,357,109,75,335,59,196,194,343,63,195,220,70,33,215,347,166,64,173,170,401,34,143,354,144,151,149,222,353,150,407,406,227,163,405,190,192,221,226,228,233,225,82,235,234,352,85,366,83,84,53,303,176,232,350,86,177,189,365,364,345,302,363,219,167,362,81,175,14,11,32,10,13,174,31,180,80,181,349,12,348,218,216,217,188,361,183,481,179,301,79,182,427,16,430,487,428,429,0,15,455,445,19,450,1,448,260,453,464,446,484,485,442,439,432,456,479,431,451,438,449,447,467,470,28,452,436,465,462,458,473,461,422,20,476,488,433,257,437,477,256,468,459,474,471,454,517,457,509,423,444,259,258,486,482,480,483,506,187,508,359,21,185,22,184,23,24,186,25,360,26,528,498,27,29,30,425,322,489,324,388,325,323,526,510,527,490,525,499,390,503,391,515,321,504,389,505,426,507,500,434,435,523,497,524,424,516,529,533,501,101,513,512,511,514,102,103,519,502,329,330,327,518,521,520,522,494,326,2,331,328,530,532,491,495,493,536,534,535,531,492,496,
402,369,403,404,309,69,241,311,250,254,305,310,308,306,253,304,255,247,252,246,251,410,243,242,248,249,240,245,466,478,244,463,90,368,475,295,419,469,472,307,312,460,417,293,297,298,376,286,421,409,375,281,287,239,300,292,290,299,443,420,338,198,373,214,211,415,418,339,209,203,269,416,157,202,210,204,398,205,201,200,207,208,291,289,288,206,98,212,213,50,387,334,88,385,372,384,383,280,414,178,262,263,393,395,52,49,337,93,441,272,48,146,171,164,332,47,165,392,381,294,44,386,45,382,41,285,284,397,51,378,379,396,380,147,278,46,283,282,394,270,296,145,36,38,224,35,37,39,40,66,279,43,162,42,399,400,156,94,230,9,3,333,77,78,100,440,172,265,199,197,107,161,317,261,264,266,336,129,58,160,126,229,7,236,155,112,340,95,238,237,128,119,154,223,159,8,158,122,273,127,116,193,140,91,118,4,168,6,169,142,120,135,104,138,132,123,97,136,137,358,133,124,106,108,111,139,141,131,113,92,313,117,341,105,318,61,411,319,54,99,274,342,408,315,314,344,148,60,62,320,316,356,96,268,267,18,351,153,121,114,412,134,57,413,115,231,125,130,56,110,5,191,65,67,271,72,87,355,277,89,76,68,71,370,374,377,17,346,275,74,371,276,367,55,152,73,357,109,335,75,59,196,343,194,63,195,220,70,215,33,347,166,173,64,170,401,34,143,354,144,149,151,353,222,406,407,150,405,163,227,192,226,233,190,221,228,225,82,235,234,352,85,366,83,84,303,53,232,176,86,350,177,365,189,364,345,363,302,219,362,167,175,81,14,11,10,32,13,174,31,180,80,349,181,12,348,218,217,188,216,361,183,481,179,79,301,182,427,16,430,487,428,429,15,0,455,445,450,19,448,1,453,260,464,484,446,442,485,432,439,456,479,451,438,431,449,447,470,467,28,452,436,465,462,458,473,422,461,20,433,488,476,257,256,468,477,474,437,459,471,454,517,457,509,444,259,423,258,482,486,480,483,506,187,508,359,21,185,22,184,24,23,186,25,360,26,498,528,29,30,425,27,322,489,324,388,323,325,526,510,527,490,503,525,499,390,391,515,321,505,504,389,507,426,434,500,435,497,523,524,529,424,516,533,501,101,513,514,512,102,511,103,519,502,329,327,330,518,494,521,326,520,522,331,328,2,492,493,532,496,531,495,536,530,491,534,535,
402,369,403,404,309,69,241,311,250,254,305,308,310,306,253,304,255,247,252,246,251,410,243,242,248,249,240,245,466,478,244,463,90,475,368,295,419,469,472,307,312,460,417,293,297,298,376,286,421,409,375,281,287,239,300,292,290,299,443,420,338,198,373,214,211,415,418,339,203,209,269,416,157,202,210,204,398,205,201,200,207,208,291,289,288,98,206,212,213,50,387,334,88,385,372,384,280,383,414,178,262,263,393,395,52,49,337,93,441,272,146,48,171,164,332,47,392,165,381,294,386,44,41,382,45,285,51,397,284,378,396,380,379,147,278,46,283,282,270,394,296,36,145,38,224,35,37,39,40,66,279,43,162,42,399,400,156,94,230,9,3,333,77,78,100,440,172,265,199,197,107,161,317,264,261,266,336,160,58,129,126,229,7,236,155,112,340,95,238,237,119,154,128,223,159,122,273,158,8,127,193,116,140,91,118,4,168,169,6,142,104,135,120,123,132,138,97,136,137,133,358,124,106,108,111,139,141,131,113,313,117,92,341,61,318,411,105,319,274,54,342,99,408,315,314,344,62,148,60,320,356,268,96,267,316,351,18,153,412,121,114,413,57,134,115,231,125,130,5,56,110,72,271,65,191,67,277,87,355,89,76,68,374,17,370,71,377,74,346,275,276,371,367,55,73,152,357,109,75,335,59,196,343,194,195,63,220,33,215,70,166,347,173,64,170,143,34,401,354,144,151,149,353,222,150,406,407,163,405,227,192,233,226,228,190,221,82,225,235,234,352,366,83,85,84,176,53,303,232,350,86,189,177,365,364,345,219,302,167,362,363,81,175,14,11,32,13,10,31,180,174,80,181,349,348,12,188,217,218,216,361,183,179,481,301,79,182,427,16,430,487,428,429,0,15,455,445,19,450,1,448,453,260,446,464,484,485,442,439,432,456,479,451,431,438,449,447,467,470,28,452,436,465,462,458,473,422,461,20,488,476,433,257,474,437,471,459,468,477,256,454,517,457,509,259,444,423,258,482,480,486,483,506,187,508,359,21,185,184,22,23,186,24,25,360,26,528,498,29,30,27,425,324,489,322,325,388,323,510,526,527,499,503,390,525,490,391,515,321,505,389,504,426,507,434,500,435,523,497,529,533,516,524,424,101,501,102,511,512,514,103,513,519,502,327,330,329,518,522,326,494,521,520,2,331,328,536,493,534,492,532,496,495,530,531,535,491,
402,369,403,404,309,69,241,311,250,254,305,308,310,306,253,304,255,247,252,246,251,410,243,242,249,248,240,245,466,478,244,463,475,368,90,295,419,469,472,307,312,460,417,293,298,297,376,286,421,409,375,281,287,239,300,292,290,299,443,420,338,198,373,214,211,415,418,339,209,203,416,269,157,202,210,398,204,205,201,200,208,207,291,289,288,98,206,212,213,50,387,334,88,385,372,384,383,280,414,178,262,263,393,395,52,49,337,93,441,272,48,146,171,164,332,47,381,392,165,294,386,382,45,44,41,285,397,51,284,396,378,379,380,147,278,46,283,282,394,270,296,36,145,38,224,35,37,39,279,66,40,43,162,42,399,156,400,94,9,230,3,333,77,78,100,440,172,265,199,197,161,107,317,261,264,266,336,129,58,160,126,229,7,236,155,112,340,238,237,95,128,154,119,223,159,122,8,273,158,127,193,140,116,91,118,168,4,169,6,142,138,104,123,135,120,132,133,136,358,97,137,124,106,139,111,108,131,113,141,92,117,313,61,318,105,411,341,319,274,54,342,99,408,315,314,344,148,62,60,320,316,96,356,268,267,153,18,351,134,57,114,413,412,121,231,130,125,115,56,5,110,67,65,271,191,72,87,355,277,89,76,68,71,370,377,374,17,74,346,275,276,371,367,55,152,73,357,109,335,75,59,196,194,343,63,195,220,33,70,215,347,166,64,173,170,143,34,401,354,144,151,149,222,353,407,406,150,405,227,163,228,190,221,226,233,192,82,225,235,234,352,84,366,85,83,303,232,176,53,350,86,189,177,365,364,345,362,219,167,302,363,175,81,14,11,13,32,10,174,31,80,180,181,349,12,348,216,218,217,188,361,183,481,179,79,301,182,427,16,430,487,428,429,0,15,455,445,19,450,448,1,453,260,464,484,446,442,485,432,439,479,456,451,438,431,447,449,470,467,28,452,436,465,458,462,473,422,461,20,488,476,433,257,256,471,437,459,474,468,477,454,517,457,509,259,444,423,258,482,480,486,483,506,187,508,359,21,185,22,24,186,23,184,25,360,26,528,498,27,425,30,29,324,489,322,325,323,388,510,526,527,391,503,525,499,490,390,515,321,505,504,389,507,426,434,500,435,497,523,529,524,533,424,516,101,501,103,511,513,102,512,514,519,502,329,518,330,327,494,326,520,521,522,2,328,331,530,491,534,536,493,495,535,531,492,496,532,
402,369,403,404,309,69,241,311,250,254,305,308,310,306,253,304,255,247,252,246,251,410,243,242,249,248,240,245,466,478,244,463,90,475,368,295,419,469,472,307,312,460,417,293,297,298,376,286,421,375,409,281,287,239,300,292,290,299,443,420,338,198,373,214,211,418,415,339,203,209,269,416,157,210,202,204,398,205,201,200,207,208,291,289,288,98,206,212,213,50,387,334,88,385,372,384,280,383,414,178,262,263,393,395,52,49,337,93,272,441,48,146,171,164,332,47,381,392,165,294,45,386,44,285,382,41,397,284,51,380,396,378,379,147,278,46,283,282,394,270,296,36,145,38,224,37,35,39,66,279,40,43,162,42,399,156,400,94,230,9,3,333,77,78,100,440,172,265,199,197,107,161,317,261,264,266,336,160,129,58,126,229,7,112,236,155,340,237,238,95,119,154,128,223,159,8,273,122,158,127,116,193,140,91,118,4,168,6,169,142,138,120,135,104,132,123,133,137,136,97,358,106,124,139,108,111,141,131,113,92,313,117,318,105,61,341,411,319,274,54,342,99,315,408,344,314,148,60,62,320,96,267,356,316,268,153,351,18,134,413,114,57,121,412,231,130,125,115,5,110,56,191,72,67,65,271,277,87,355,89,68,76,17,374,370,377,71,346,74,275,276,371,367,55,73,152,357,109,75,335,59,196,194,343,63,195,220,70,33,215,166,347,173,64,170,401,143,34,354,144,151,149,353,222,406,150,407,405,227,163,221,228,190,226,192,233,82,225,234,235,352,84,366,83,85,176,53,232,303,350,86,365,177,189,345,364,363,362,219,167,302,14,81,175,11,13,10,32,80,31,174,180,349,181,348,12,217,218,216,188,361,183,179,481,301,79,182,427,16,430,487,429,428,15,0,455,445,19,450,448,1,260,453,446,484,464,442,485,439,432,456,479,431,438,451,449,447,470,467,28,452,436,458,465,462,473,422,461,20,476,433,488,257,477,471,468,437,256,474,459,454,517,457,509,444,259,423,258,480,482,486,483,506,187,508,359,21,185,184,23,22,186,24,25,360,26,528,498,425,29,30,27,322,489,324,388,325,323,526,510,527,499,503,525,391,390,490,515,321,389,505,504,426,507,434,500,435,523,497,524,529,424,516,533,501,101,511,513,102,514,512,103,519,502,518,327,329,330,326,494,520,522,521,331,328,2,531,496,491,495,536,530,534,535,532,493,492,
402,369,403,404,309,69,241,311,250,254,305,310,308,306,253,304,255,247,252,246,251,410,243,242,248,249,240,245,466,478,244,463,475,368,90,295,419,469,472,307,312,460,417,293,298,297,376,286,421,409,375,281,287,239,300,292,290,299,443,420,338,198,373,214,211,418,415,339,209,203,269,416,157,210,202,398,204,205,201,200,208,207,291,289,288,206,98,212,213,387,50,334,88,385,372,384,280,383,414,178,262,263,393,395,52,49,337,93,272,441,146,48,171,164,332,47,165,392,381,294,44,45,41,382,386,285,51,284,397,378,379,380,396,147,46,278,283,282,270,394,296,36,145,38,224,37,35,39,66,279,40,43,162,42,399,400,156,94,230,9,3,333,77,100,78,440,172,265,199,197,161,107,317,264,261,266,336,58,160,129,126,229,7,236,112,155,340,237,238,95,119,128,154,223,159,273,8,158,122,127,193,140,116,91,118,4,168,169,6,142,138,123,104,132,120,135,137,97,358,133,136,106,124,139,111,108,131,113,141,92,117,313,318,61,341,411,105,319,99,274,342,54,408,315,344,314,60,148,62,320,267,316,356,96,268,153,18,351,412,121,134,413,114,57,125,130,231,115,110,5,56,67,65,271,72,191,355,277,87,89,76,68,374,17,71,377,370,275,346,74,371,276,367,55,73,152,357,109,335,75,59,196,194,343,63,195,220,33,70,215,166,347,64,173,170,143,34,401,354,144,149,151,353,222,150,407,406,405,227,163,228,221,190,226,192,233,225,82,234,235,352,83,85,84,366,53,303,232,176,86,350,177,189,365,364,345,363,167,219,302,362,175,81,14,11,10,32,13,180,31,174,80,349,181,348,12,217,188,216,218,361,183,481,179,79,301,182,427,16,430,487,428,429,15,0,455,445,19,450,448,1,260,453,484,464,446,485,442,439,432,456,479,438,431,451,447,449,467,470,28,452,436,458,462,465,473,461,422,20,433,488,476,257,471,256,459,474,437,468,477,454,517,457,509,259,423,444,258,486,480,482,483,506,187,508,359,21,185,22,24,184,23,186,25,360,26,528,498,30,29,27,425,324,322,489,323,325,388,526,510,527,490,390,499,391,525,503,515,321,389,504,505,507,426,500,434,435,497,523,424,516,529,524,533,101,501,514,103,511,512,513,102,519,502,329,327,518,330,521,520,326,494,522,328,331,2,495,492,531,534,535,536,530,493,532,496,491,
402,369,403,404,309,69,241,311,250,254,305,310,308,306,253,304,255,247,252,246,251,410,243,242,249,248,240,245,466,478,244,463,475,90,368,295,419,469,472,307,312,460,417,293,297,298,376,286,421,375,409,281,287,239,300,292,290,299,443,420,338,198,373,214,211,415,418,339,209,203,416,269,157,210,202,398,204,205,201,200,208,207,291,289,288,206,98,212,213,387,50,334,88,385,372,384,383,280,414,178,262,263,393,395,52,49,337,93,272,441,48,146,171,164,332,47,165,381,392,294,382,386,44,285,45,41,51,284,397,380,378,379,396,147,278,46,283,282,270,394,296,145,36,38,224,35,37,39,40,66,279,43,162,42,399,400,156,94,230,9,3,333,77,78,100,440,172,265,199,197,107,161,317,264,261,266,336,58,160,129,126,229,7,112,236,155,340,238,237,95,119,154,128,223,159,122,158,273,8,127,140,193,116,91,118,4,168,6,169,142,123,138,132,104,120,135,133,137,97,136,358,124,106,108,139,111,113,131,141,313,117,92,341,411,105,318,61,319,54,99,342,274,408,315,344,314,148,62,60,320,267,356,316,96,268,351,18,153,57,412,413,114,134,121,125,115,130,231,110,5,56,191,65,67,72,271,277,87,355,89,68,76,377,17,370,374,71,275,346,74,371,276,367,55,152,73,357,109,75,335,59,196,343,194,63,195,220,33,70,215,166,347,64,173,170,401,34,143,354,144,151,149,353,222,150,406,407,227,405,163,221,233,228,192,226,190,82,225,235,234,352,84,83,85,366,303,53,176,232,350,86,177,189,365,364,345,363,219,302,167,362,81,14,175,11,32,10,13,180,174,31,80,181,349,348,12,188,218,217,216,361,183,179,481,301,79,182,427,16,430,487,429,428,0,15,455,445,19,450,1,448,260,453,484,446,464,485,442,432,439,456,479,451,431,438,447,449,470,467,28,436,452,458,465,462,473,461,422,20,488,433,476,257,256,437,468,474,459,477,471,454,517,457,509,444,259,423,258,480,486,482,483,506,187,508,359,21,185,24,186,184,23,22,25,360,26,528,498,27,29,425,30,489,324,322,388,325,323,526,510,527,490,525,390,499,503,391,515,321,505,389,504,426,507,434,500,435,497,523,529,424,524,516,533,501,101,103,512,513,514,511,102,519,502,329,518,330,327,520,494,326,522,521,328,331,2,532,495,493,491,534,536,492,535,530,496,531,
402,369,403,404,309,69,241,311,250,254,305,310,308,306,253,304,255,247,252,246,251,410,243,242,248,249,240,245,466,478,244,463,475,90,368,295,419,469,472,307,312,460,417,293,297,298,376,286,421,409,375,281,287,239,300,292,290,299,443,420,338,198,373,214,211,415,418,339,203,209,269,416,157,202,210,398,204,205,201,200,207,208,291,289,288,98,206,212,213,387,50,334,88,385,372,384,383,280,414,178,262,263,393,395,52,49,337,93,441,272,48,146,171,164,332,47,392,165,381,294,45,285,41,386,44,382,397,284,51,378,379,396,380,147,46,278,283,282,270,394,296,145,36,38,224,37,35,39,279,40,66,43,162,42,399,156,400,94,230,9,3,333,77,100,78,440,172,265,199,197,107,161,317,264,261,266,336,58,129,160,126,229,7,155,112,236,340,95,238,237,119,128,154,223,159,8,158,273,122,127,116,140,193,91,118,4,168,169,6,142,135,120,138,132,123,104,136,97,137,133,358,106,124,111,108,139,141,113,131,92,117,313,318,411,341,105,61,319,54,342,274,99,315,408,344,314,60,148,62,320,316,268,356,96,267,153,351,18,121,412,57,114,134,413,130,125,231,115,110,5,56,67,191,271,65,72,277,355,87,89,76,68,370,377,17,71,374,275,74,346,276,371,55,367,152,73,357,109,75,335,59,196,194,343,195,63,220,70,33,215,347,166,64,173,170,143,34,401,354,144,149,151,222,353,407,406,150,163,405,227,190,192,233,221,228,226,225,82,235,234,352,366,84,85,83,232,53,303,176,86,350,365,189,177,345,364,167,302,362,219,363,14,81,175,11,10,32,13,31,180,174,80,349,181,12,348,188,218,217,216,361,183,481,179,79,301,182,427,16,430,487,429,428,15,0,455,445,19,450,448,1,453,260,464,484,446,442,485,432,439,456,479,431,438,451,449,447,470,467,28,436,452,465,458,462,473,422,461,20,476,433,488,257,474,477,468,459,256,437,471,454,517,457,509,444,423,259,258,486,480,482,483,506,187,508,359,21,185,184,23,186,24,22,25,360,26,498,528,30,425,29,27,322,324,489,388,325,323,526,510,527,503,499,390,525,490,391,515,321,505,504,389,426,507,434,500,435,523,497,529,524,424,516,533,501,101,512,103,513,511,102,514,519,502,327,329,330,518,326,521,494,522,520,331,2,328,534,535,492,495,491,530,531,496,532,536,493,
402,369,403,404,309,69,241,311,250,254,305,308,310,306,253,304,255,247,252,246,251,410,243,242,249,248,240,245,466,478,244,463,90,475,368,295,419,469,472,307,312,460,417,293,297,298,376,286,421,409,375,281,287,239,300,292,290,299,443,420,338,198,373,214,211,418,415,339,203,209,416,269,157,210,202,398,204,205,201,200,207,208,291,289,288,206,98,212,213,387,50,334,88,385,372,384,383,280,414,178,263,262,393,395,52,49,337,93,272,441,146,48,171,164,332,47,381,165,392,294,285,386,382,45,44,41,284,51,397,378,380,379,396,147,278,46,283,282,394,270,296,36,145,38,224,35,37,39,66,40,279,43,162,42,399,400,156,94,230,9,3,333,77,100,78,440,172,265,199,197,161,107,317,261,264,266,336,58,129,160,126,229,7,155,236,112,340,95,237,238,154,128,119,223,159,158,8,273,122,127,193,140,116,91,118,4,168,169,6,142,123,104,135,120,138,132,133,97,137,136,358,124,106,139,111,108,131,113,141,92,117,313,105,61,411,318,341,319,342,99,274,54,315,408,344,314,148,60,62,320,267,268,96,356,316,18,153,351,121,114,413,412,134,57,125,130,231,115,56,5,110,67,191,65,271,72,355,277,87,89,68,76,17,71,374,377,370,74,346,275,371,276,367,55,152,73,357,109,75,335,59,196,194,343,63,195,220,70,33,215,166,347,173,64,170,143,34,401,354,144,151,149,353,222,407,150,406,227,405,163,190,228,226,221,233,192,225,82,234,235,352,85,83,84,366,176,303,53,232,86,350,189,365,177,345,364,302,167,363,362,219,81,14,175,11,10,13,32,31,180,80,174,349,181,12,348,218,217,188,216,361,183,179,481,79,301,182,427,16,430,487,429,428,0,15,455,445,19,450,1,448,260,453,484,464,446,442,485,439,432,479,456,431,438,451,447,449,467,470,28,452,436,458,465,462,473,461,422,20,433,476,488,257,437,477,471,474,459,468,256,454,517,457,509,259,423,444,258,480,486,482,483,506,187,508,359,21,185,184,186,22,23,24,25,360,26,528,498,29,425,30,27,489,324,322,325,388,323,526,510,527,490,390,391,525,503,499,515,321,505,504,389,507,426,434,500,435,523,497,516,529,424,524,533,501,101,103,514,102,513,511,512,519,502,329,330,518,327,522,494,326,520,521,2,328,331,536,532,491,493,495,496,534,530,535,531,492,
402,369,403,404,309,69,241,311,250,254,305,310,308,306,253,304,255,247,252,246,251,410,243,242,249,248,240,245,466,478,244,463,368,475,90,295,419,469,472,307,312,460,417,293,298,297,376,286,421,409,375,281,287,239,300,292,290,299,443,420,338,198,373,214,211,415,418,339,203,209,269,416,157,202,210,398,204,205,201,200,207,208,291,289,288,206,98,212,213,387,50,334,88,385,372,384,383,280,414,178,262,263,393,395,52,49,337,93,272,441,48,146,171,164,332,47,381,392,165,294,41,44,382,45,386,285,51,397,284,378,396,379,380,147,278,46,283,282,394,270,296,36,145,38,224,35,37,39,66,40,279,43,162,42,399,400,156,94,230,9,3,333,77,78,100,440,172,265,199,197,107,161,317,264,261,266,336,58,160,129,126,229,7,112,155,236,340,95,238,237,119,128,154,223,159,8,273,158,122,127,193,140,116,91,118,168,4,169,6,142,138,123,120,132,104,135,133,137,136,97,358,124,106,139,111,108,131,141,113,92,313,117,61,105,411,318,341,319,54,342,274,99,315,408,314,344,60,62,148,320,267,268,316,96,356,18,153,351,413,412,121,134,114,57,231,125,130,115,110,56,5,191,271,72,65,67,87,277,355,89,76,68,377,370,17,374,71,275,74,346,371,276,55,367,73,152,357,109,75,335,59,196,343,194,195,63,220,215,33,70,166,347,64,173,170,143,401,34,354,144,151,149,353,222,150,407,406,227,405,163,221,233,190,228,192,226,82,225,235,234,352,84,83,366,85,303,232,53,176,86,350,365,189,177,364,345,363,362,167,219,302,175,81,14,11,10,32,13,174,180,80,31,349,181,12,348,217,216,218,188,361,183,481,179,301,79,182,427,16,430,487,428,429,15,0,455,445,19,450,1,448,453,260,484,464,446,442,485,432,439,479,456,451,431,438,447,449,467,470,28,436,452,465,462,458,473,422,461,20,488,433,476,257,471,437,256,468,459,477,474,454,517,457,509,423,444,259,258,480,486,482,483,506,187,508,359,21,185,24,22,23,184,186,25,360,26,528,498,29,30,27,425,489,324,322,325,388,323,510,526,527,390,499,525,391,503,490,515,321,505,504,389,507,426,500,434,435,497,523,533,424,529,516,524,101,501,103,512,513,102,511,514,519,502,327,329,330,518,326,494,521,522,520,331,328,2,496,532,495,491,534,535,531,536,493,530,492,
402,369,403,404,309,69,241,311,250,254,305,308,310,306,253,304,255,247,252,246,251,410,243,242,249,248,240,245,466,478,244,463,475,90,368,295,419,469,472,307,312,460,417,293,297,298,376,286,421,409,375,281,287,239,300,292,290,299,443,420,338,198,373,214,211,415,418,339,209,203,269,416,157,202,210,398,204,205,201,200,207,208,291,289,288,98,206,212,213,50,387,334,88,385,372,384,280,383,414,178,263,262,393,395,52,49,337,93,441,272,146,48,171,164,332,47,392,381,165,294,41,386,45,285,44,382,397,51,284,396,379,378,380,147,46,278,283,282,270,394,296,145,36,38,224,37,35,39,40,279,66,43,162,42,399,400,156,94,230,9,3,333,77,100,78,440,172,265,199,197,161,107,317,264,261,266,336,129,58,160,126,229,7,236,155,112,340,238,237,95,119,128,154,223,159,8,158,122,273,127,116,193,140,91,118,168,4,6,169,142,132,123,120,135,138,104,97,358,133,136,137,124,106,111,108,139,131,113,141,117,92,313,61,411,318,341,105,319,274,54,342,99,315,408,314,344,62,60,148,320,267,268,316,356,96,351,153,18,121,114,413,412,57,134,115,130,231,125,5,56,110,191,65,72,271,67,87,277,355,89,76,68,377,17,374,370,71,74,346,275,371,276,367,55,152,73,357,109,75,335,59,196,343,194,195,63,220,33,70,215,166,347,173,64,170,401,34,143,354,144,151,149,222,353,406,407,150,405,227,163,228,221,226,192,233,190,225,82,235,234,352,85,84,366,83,176,53,303,232,86,350,189,177,365,364,345,167,363,219,302,362,175,14,81,11,13,32,10,174,31,80,180,181,349,12,348,216,217,188,218,361,183,481,179,79,301,182,427,16,430,487,429,428,0,15,455,445,19,450,1,448,453,260,446,484,464,485,442,439,432,456,479,431,438,451,449,447,467,470,28,436,452,458,465,462,473,461,422,20,488,433,476,257,256,474,459,468,437,471,477,454,517,457,509,259,444,423,258,486,480,482,483,506,187,508,359,21,185,23,186,22,24,184,25,360,26,528,498,30,425,27,29,324,489,322,325,323,388,510,526,527,499,490,391,390,503,525,515,321,389,505,504,507,426,500,434,435,497,523,424,529,516,533,524,501,101,514,513,103,511,512,102,519,502,329,327,330,518,521,326,520,494,522,331,2,328,536,491,495,493,531,532,496,535,492,530,534,
402,369,403,404,309,69,241,311,250,254,305,308,310,306,253,304,255,247,252,246,251,410,243,242,249,248,240,245,466,478,244,463,368,475,90,295,419,469,472,307,312,460,417,293,297,298,376,286,421,409,375,281,287,239,300,292,290,299,443,420,338,198,373,214,211,415,418,339,209,203,269,416,157,210,202,398,204,205,201,200,207,208,291,289,288,206,98,212,213,50,387,334,88,385,372,384,280,383,414,178,263,262,393,395,52,49,337,93,441,272,146,48,171,164,332,47,392,381,165,294,382,285,44,45,41,386,51,397,284,379,380,378,396,147,46,278,283,282,394,270,296,145,36,38,224,37,35,39,40,66,279,43,162,42,399,156,400,94,230,9,3,333,77,78,100,440,172,265,199,197,161,107,317,261,264,266,336,160,129,58,126,229,7,155,112,236,340,237,238,95,154,119,128,223,159,122,273,8,158,127,140,193,116,91,118,4,168,169,6,142,120,135,104,132,138,123,133,358,137,136,97,106,124,139,111,108,141,131,113,313,92,117,318,411,105,341,61,319,342,274,99,54,408,315,314,344,60,62,148,320,268,267,316,356,96,18,153,351,413,121,57,114,412,134,130,115,231,125,110,56,5,191,67,271,72,65,87,277,355,89,76,68,17,377,370,71,374,275,346,74,276,371,55,367,152,73,357,109,75,335,59,196,194,343,63,195,220,215,33,70,166,347,64,173,170,143,401,34,354,144,151,149,353,222,150,406,407,227,163,405,233,221,228,190,192,226,82,225,235,234,352,83,366,84,85,232,303,53,176,86,350,177,189,365,345,364,167,362,363,302,219,175,81,14,11,10,32,13,31,80,180,174,349,181,12,348,216,217,188,218,361,183,179,481,79,301,182,427,16,430,487,429,428,15,0,455,445,450,19,1,448,260,453,484,464,446,442,485,439,432,479,456,431,451,438,447,449,467,470,28,436,452,458,465,462,473,422,461,20,476,433,488,257,459,437,256,471,474,468,477,454,517,457,509,259,444,423,258,486,482,480,483,506,187,508,359,21,185,184,186,24,23,22,25,360,26,498,528,30,27,29,425,324,322,489,388,325,323,510,526,527,499,503,390,391,525,490,515,321,504,389,505,426,507,434,500,435,497,523,524,529,516,533,424,101,501,514,513,103,511,102,512,519,502,330,329,327,518,520,326,522,494,521,331,328,2,534,493,492,532,531,530,536,495,496,491,535,
402,369,403,404,309,69,241,311,250,254,305,310,308,306,253,304,255,247,252,246,251,410,243,242,248,249,240,245,466,478,244,463,475,90,368,295,419,469,472,307,312,460,417,293,297,298,376,286,421,409,375,281,287,239,300,292,290,299,443,420,338,198,373,214,211,418,415,339,209,203,416,269,157,210,202,204,398,205,201,200,207,208,291,289,288,98,206,212,213,50,387,334,88,385,372,384,280,383,414,178,263,262,393,395,52,49,337,93,441,272,48,146,171,164,332,47,392,381,165,294,41,285,386,382,44,45,51,284,397,380,379,378,396,147,46,278,283,282,270,394,296,36,145,38,224,37,35,39,66,279,40,43,162,42,399,400,156,94,230,9,3,333,77,78,100,440,172,265,199,197,107,161,317,264,261,266,336,160,58,129,126,229,7,112,155,236,340,237,238,95,154,119,128,223,159,273,122,8,158,127,140,193,116,91,118,4,168,169,6,142,138,123,120,104,132,135,133,137,97,358,136,106,124,139,108,111,131,113,141,117,92,313,341,318,411,105,61,319,54,342,99,274,315,408,344,314,148,60,62,320,268,316,356,96,267,153,351,18,121,57,134,413,114,412,115,125,130,231,5,56,110,191,67,72,65,271,355,277,87,89,68,76,374,377,71,370,17,346,275,74,276,371,55,367,73,152,357,109,75,335,59,196,194,343,195,63,220,215,33,70,166,347,173,64,170,143,34,401,354,144,151,149,222,353,150,407,406,163,405,227,233,226,192,190,221,228,82,225,235,234,352,84,83,366,85,232,303,53,176,350,86,189,365,177,345,364,219,363,167,302,362,81,175,14,11,10,13,32,80,174,31,180,349,181,348,12,217,218,188,216,361,183,481,179,79,301,182,427,16,430,487,428,429,0,15,455,445,450,19,1,448,260,453,484,464,446,485,442,432,439,479,456,431,438,451,449,447,467,470,28,452,436,462,458,465,473,422,461,20,476,433,488,257,477,437,471,474,468,256,459,454,517,457,509,259,423,444,258,480,482,486,483,506,187,508,359,21,185,24,23,22,186,184,25,360,26,528,498,27,29,425,30,324,489,322,323,388,325,526,510,527,503,390,499,490,391,525,515,321,505,389,504,426,507,434,500,435,497,523,533,516,529,424,524,501,101,512,511,103,102,514,513,519,502,327,330,329,518,326,520,494,521,522,328,2,331,491,496,495,530,492,532,493,536,531,534,535,
402,369,403,404,309,69,241,311,250,254,305,310,308,306,253,304,255,247,252,246,251,410,243,242,248,249,240,245,466,478,244,463,475,368,90,295,419,469,472,307,312,460,417,293,298,297,376,286,421,375,409,281,287,239,300,292,290,299,443,420,338,198,373,214,211,418,415,339,209,203,269,416,157,210,202,398,204,205,201,200,208,207,291,289,288,206,98,212,213,50,387,334,88,385,372,384,280,383,414,178,262,263,393,395,52,49,337,93,272,441,146,48,171,164,332,47,381,165,392,294,386,44,285,41,45,382,284,51,397,378,396,379,380,147,278,46,283,282,270,394,296,145,36,38,224,37,35,39,40,279,66,43,162,42,399,156,400,94,230,9,3,333,77,100,78,440,172,265,199,197,161,107,317,264,261,266,336,160,58,129,126,229,7,112,155,236,340,237,95,238,119,154,128,223,159,273,122,158,8,127,116,140,193,91,118,168,4,169,6,142,104,135,120,138,123,132,133,136,137,97,358,106,124,111,139,108,113,141,131,92,117,313,341,318,105,411,61,319,342,274,54,99,408,315,344,314,60,148,62,320,267,316,356,268,96,351,153,18,413,57,412,114,134,121,115,231,130,125,56,110,5,65,271,67,72,191,355,277,87,89,76,68,370,374,377,71,17,346,275,74,276,371,55,367,73,152,357,109,335,75,59,196,343,194,195,63,220,33,70,215,347,166,173,64,170,34,143,401,354,144,151,149,222,353,407,150,406,405,227,163,221,226,192,233,190,228,82,225,235,234,352,85,83,84,366,53,303,232,176,350,86,189,177,365,345,364,167,302,219,363,362,14,81,175,11,13,10,32,174,31,80,180,349,181,348,12,188,217,216,218,361,183,179,481,79,301,182,427,16,430,487,429,428,15,0,455,445,450,19,1,448,260,453,446,464,484,485,442,432,439,456,479,451,438,431,447,449,470,467,28,452,436,458,462,465,473,422,461,20,488,433,476,257,256,471,468,459,437,477,474,454,517,457,509,444,423,259,258,482,486,480,483,506,187,508,359,21,185,184,23,186,24,22,25,360,26,528,498,29,30,425,27,324,322,489,388,325,323,510,526,527,490,503,390,391,525,499,515,321,505,389,504,426,507,434,500,435,497,523,533,424,529,516,524,101,501,512,511,513,514,103,102,519,502,327,518,329,330,326,494,521,522,520,328,2,331,534,495,530,531,491,493,492,536,496,532,535,
402,369,403,404,309,69,241,311,250,254,305,308,310,306,253,304,255,247,252,246,251,410,243,242,248,249,240,245,466,478,244,463,368,90,475,295,419,469,472,307,312,460,417,293,298,297,376,286,421,409,375,281,287,239,300,292,290,299,443,420,338,198,373,214,211,415,418,339,203,209,416,269,157,202,210,204,398,205,201,200,208,207,291,289,288,206,98,212,213,50,387,334,88,385,372,384,383,280,414,178,263,262,393,395,52,49,337,93,441,272,48,146,171,164,332,47,392,381,165,294,382,41,45,285,44,386,397,284,51,396,378,379,380,147,278,46,283,282,394,270,296,145,36,38,224,35,37,39,279,40,66,43,162,42,399,400,156,94,230,9,3,333,77,78,100,440,172,265,199,197,161,107,317,264,261,266,336,129,58,160,126,229,7,155,112,236,340,238,95,237,128,154,119,223,159,122,8,158,273,127,140,193,116,91,118,4,168,169,6,142,123,138,132,135,104,120,137,133,358,97,136,124,106,108,139,111,131,113,141,92,313,117,341,61,105,411,318,319,342,274,99,54,315,408,314,344,60,62,148,320,316,267,356,96,268,18,153,351,412,114,57,134,121,413,130,231,115,125,56,5,110,72,271,67,65,191,355,277,87,89,76,68,377,370,71,17,374,346,74,275,371,276,55,367,73,152,357,109,75,335,59,196,194,343,195,63,220,215,70,33,347,166,64,173,170,143,34,401,354,144,149,151,222,353,406,150,407,227,163,405,233,190,226,221,228,192,82,225,235,234,352,85,366,84,83,53,232,176,303,86,350,189,177,365,364,345,302,219,363,167,362,14,175,81,11,10,32,13,80,180,31,174,181,349,348,12,217,188,218,216,361,183,481,179,79,301,182,427,16,430,487,429,428,0,15,455,445,450,19,448,1,453,260,446,484,464,442,485,432,439,456,479,451,438,431,447,449,467,470,28,436,452,465,458,462,473,461,422,20,433,476,488,257,468,471,477,459,474,437,256,454,517,457,509,423,259,444,258,480,482,486,483,506,187,508,359,21,185,22,24,23,184,186,25,360,26,528,498,425,27,30,29,322,489,324,388,325,323,510,526,527,525,499,503,490,390,391,515,321,504,505,389,426,507,434,500,435,523,497,424,516,533,529,524,501,101,514,511,512,102,103,513,519,502,329,518,330,327,494,521,522,520,326,2,331,328,531,493,495,532,491,534,496,536,492,530,535,
402,369,403,404,309,69,241,311,250,254,305,308,310,306,253,304,255,247,252,246,251,410,243,242,249,248,240,245,466,478,244,463,90,368,475,295,419,469,472,307,312,460,417,293,298,297,376,286,421,375,409,281,287,239,300,292,290,299,443,420,338,198,373,214,211,418,415,339,203,209,269,416,157,210,202,204,398,205,201,200,208,207,291,289,288,206,98,212,213,50,387,334,88,385,372,384,383,280,414,178,263,262,393,395,52,49,337,93,441,272,146,48,171,164,332,47,381,165,392,294,386,382,285,44,41,45,51,284,397,396,380,378,379,147,46,278,283,282,394,270,296,36,145,38,224,35,37,39,40,66,279,43,162,42,399,156,400,94,230,9,3,333,77,78,100,440,172,265,199,197,161,107,317,264,261,266,336,58,129,160,126,229,7,155,236,112,340,95,238,237,119,154,128,223,159,122,273,158,8,127,116,140,193,91,118,168,4,169,6,142,120,135,132,104,138,123,133,97,358,137,136,124,106,108,111,139,113,141,131,117,92,313,61,341,105,318,411,319,342,99,54,274,408,315,344,314,62,60,148,320,267,96,356,316,268,153,18,351,57,413,121,114,412,134,231,115,125,130,5,110,56,271,67,72,191,65,87,355,277,89,76,68,17,377,370,71,374,74,346,275,276,371,367,55,73,152,357,109,75,335,59,196,194,343,63,195,220,70,33,215,166,347,173,64,170,143,34,401,354,144,149,151,353,222,406,407,150,163,227,405,190,221,233,192,226,228,225,82,235,234,352,84,85,366,83,303,176,53,232,86,350,365,177,189,364,345,219,167,362,363,302,14,81,175,11,32,10,13,174,31,180,80,181,349,348,12,216,188,218,217,361,183,481,179,301,79,182,427,16,430,487,429,428,0,15,455,445,450,19,448,1,260,453,446,464,484,485,442,432,439,479,456,438,431,451,449,447,470,467,28,452,436,462,458,465,473,461,422,20,488,476,433,257,256,477,471,437,474,459,468,454,517,457,509,444,259,423,258,480,486,482,483,506,187,508,359,21,185,24,186,22,23,184,25,360,26,528,498,27,425,30,29,489,322,324,323,388,325,526,510,527,499,490,503,390,525,391,515,321,505,389,504,426,507,500,434,435,523,497,533,524,516,529,424,101,501,512,513,511,102,103,514,519,502,329,518,327,330,326,494,521,520,522,331,328,2,534,495,536,535,496,530,491,492,493,531,532,
402,369,403,404,309,69,241,311,250,254,305,310,308,306,253,304,255,247,252,246,251,410,243,242,249,248,240,245,466,478,244,463,475,368,90,295,419,469,472,307,312,460,417,293,298,297,376,286,421,375,409,281,287,239,300,292,290,299,443,420,338,198,373,214,211,415,418,339,209,203,416,269,157,210,202,204,398,205,201,200,207,208,291,289,288,98,206,212,213,387,50,334,88,385,372,384,383,280,414,178,263,262,393,395,52,49,337,93,272,441,48,146,171,164,332,47,392,165,381,294,386,45,285,382,44,41,397,51,284,378,379,396,380,147,278,46,283,282,394,270,296,36,145,38,224,35,37,39,279,66,40,43,162,42,399,400,156,94,230,9,3,333,77,100,78,440,172,265,199,197,107,161,317,261,264,266,336,129,58,160,126,229,7,236,112,155,340,237,95,238,128,154,119,223,159,273,158,8,122,127,140,193,116,91,118,4,168,169,6,142,132,104,120,135,138,123,133,136,358,137,97,124,106,108,111,139,141,113,131,313,92,117,411,61,318,105,341,319,99,274,342,54,408,315,344,314,148,60,62,320,316,268,96,267,356,351,18,153,57,413,121,114,134,412,231,125,130,115,5,56,110,67,65,191,72,271,87,355,277,89,68,76,377,71,374,370,17,74,346,275,371,276,367,55,152,73,357,109,335,75,59,196,343,194,195,63,220,33,70,215,166,347,173,64,170,143,401,34,354,144,151,149,222,353,406,150,407,163,405,227,228,226,233,192,221,190,225,82,235,234,352,366,85,83,84,53,176,232,303,350,86,189,365,177,345,364,362,219,302,167,363,81,14,175,11,13,10,32,31,180,174,80,349,181,12,348,188,217,216,218,361,183,481,179,79,301,182,427,16,430,487,429,428,15,0,455,445,450,19,1,448,260,453,484,446,464,485,442,439,432,456,479,431,451,438,449,447,467,470,28,436,452,462,458,465,473,461,422,20,488,476,433,257,437,474,256,468,459,477,471,454,517,457,509,259,423,444,258,482,480,486,483,506,187,508,359,21,185,23,24,22,186,184,25,360,26,498,528,27,29,30,425,324,322,489,325,388,323,510,526,527,503,390,499,391,525,490,515,321,505,504,389,426,507,500,434,435,523,497,524,533,424,516,529,101,501,514,103,511,512,102,513,519,502,327,518,329,330,522,494,520,521,326,328,2,331,536,495,492,532,491,531,530,534,493,496,535,
402,369,403,404,309,69,241,311,250,254,305,310,308,306,253,304,255,247,252,246,251,410,243,242,248,249,240,245,466,478,244,463,90,475,368,295,419,469,472,307,312,460,417,293,298,297,376,286,421,375,409,281,287,239,300,292,290,299,443,420,338,198,373,214,211,415,418,339,209,203,416,269,157,202,210,398,204,205,201,200,207,208,291,289,288,206,98,212,213,50,387,334,88,385,372,384,280,383,414,178,263,262,393,395,52,49,337,93,441,272,48,146,171,164,332,47,165,381,392,294,386,45,41,382,285,44,397,51,284,379,396,380,378,147,278,46,283,282,270,394,296,36,145,38,224,35,37,39,66,279,40,43,162,42,399,156,400,94,230,9,3,333,77,100,78,440,172,265,199,197,161,107,317,264,261,266,336,129,58,160,126,229,7,155,236,112,340,237,238,95,128,119,154,223,159,158,273,8,122,127,193,140,116,91,118,4,168,169,6,142,138,120,132,104,123,135,137,136,97,133,358,106,124,108,139,111,113,131,141,313,117,92,318,61,411,105,341,319,274,342,54,99,408,315,314,344,60,62,148,320,96,356,268,316,267,18,153,351,121,57,412,134,114,413,125,130,115,231,110,56,5,65,72,67,191,271,87,277,355,89,76,68,374,71,370,17,377,275,346,74,371,276,55,367,152,73,357,109,335,75,59,196,343,194,195,63,220,215,33,70,347,166,64,173,170,34,401,143,354,144,151,149,353,222,406,150,407,227,163,405,233,192,221,226,228,190,82,225,235,234,352,366,84,83,85,176,232,303,53,350,86,189,177,365,345,364,362,219,363,167,302,175,14,81,11,13,32,10,80,31,180,174,181,349,12,348,217,188,218,216,361,183,179,481,79,301,182,427,16,430,487,429,428,0,15,455,445,19,450,448,1,260,453,446,484,464,485,442,432,439,456,479,438,451,431,447,449,470,467,28,452,436,465,462,458,473,422,461,20,476,433,488,257,471,477,468,437,256,474,459,454,517,457,509,259,423,444,258,486,480,482,483,506,187,508,359,21,185,24,184,22,186,23,25,360,26,498,528,27,425,29,30,322,489,324,323,325,388,526,510,527,490,499,525,391,503,390,515,321,505,389,504,426,507,434,500,435,497,523,533,529,424,516,524,101,501,513,103,511,514,512,102,519,502,518,327,329,330,521,326,522,494,520,328,331,2,491,493,536,531,496,535,530,495,532,492,534,
402,369,403,404,309,69,241,311,250,254,305,310,308,306,253,304,255,247,252,246,251,410,243,242,249,248,240,245,466,478,244,463,90,368,475,295,419,469,472,307,312,460,417,293,298,297,376,286,421,409,375,281,287,239,300,292,290,299,443,420,338,198,373,214,211,415,418,339,209,203,269,416,157,202,210,398,204,205,201,200,208,207,291,289,288,98,206,212,213,387,50,334,88,385,372,384,280,383,414,178,262,263,393,395,52,49,337,93,272,441,48,146,171,164,332,47,381,165,392,294,382,386,285,41,44,45,284,397,51,379,380,378,396,147,278,46,283,282,394,270,296,145,36,38,224,35,37,39,40,66,279,43,162,42,399,400,156,94,9,230,3,333,77,100,78,440,172,265,199,197,161,107,317,261,264,266,336,160,58,129,126,229,7,112,155,236,340,237,238,95,119,154,128,223,159,158,273,122,8,127,193,116,140,91,118,4,168,169,6,142,132,135,120,104,138,123,133,358,136,137,97,124,106,139,111,108,113,131,141,117,313,92,318,105,411,341,61,319,274,342,54,99,408,315,344,314,62,60,148,320,316,268,356,267,96,351,153,18,412,413,121,57,134,114,130,231,115,125,110,5,56,191,65,67,72,271,277,87,355,89,68,76,71,374,377,370,17,346,275,74,276,371,367,55,152,73,357,109,75,335,59,196,343,194,63,195,220,215,70,33,347,166,64,173,170,401,34,143,354,144,149,151,353,222,150,407,406,163,405,227,228,233,221,226,192,190,225,82,234,235,352,84,366,83,85,232,303,176,53,350,86,177,189,365,364,345,219,167,362,302,363,175,14,81,11,13,10,32,174,31,80,180,181,349,348,12,217,216,188,218,361,183,179,481,301,79,182,427,16,430,487,429,428,15,0,455,445,450,19,448,1,453,260,484,446,464,442,485,439,432,479,456,431,438,451,449,447,467,470,28,436,452,462,465,458,473,422,461,20,433,488,476,257,471,474,468,477,459,437,256,454,517,457,509,444,259,423,258,486,480,482,483,506,187,508,359,21,185,186,23,22,24,184,25,360,26,498,528,425,30,29,27,489,322,324,323,388,325,526,510,527,391,490,499,525,390,503,515,321,505,389,504,507,426,434,500,435,523,497,533,529,424,524,516,101,501,512,102,513,511,103,514,519,502,327,330,329,518,521,494,326,522,520,2,328,331,532,534,491,496,495,536,492,535,531,530,493,
402,369,403,404,309,69,241,311,250,254,305,310,308,306,253,304,255,247,252,246,251,410,243,242,248,249,240,245,466,478,244,463,368,475,90,295,419,469,472,307,312,460,417,293,297,298,376,286,421,375,409,281,287,239,300,292,290,299,443,420,338,198,373,214,211,418,415,339,209,203,416,269,157,210,202,204,398,205,201,200,208,207,291,289,288,98,206,212,213,387,50,334,88,385,372,384,280,383,414,178,262,263,393,395,52,49,337,93,272,441,48,146,171,164,332,47,392,165,381,294,382,44,386,285,45,41,284,397,51,379,396,380,378,147,278,46,283,282,270,394,296,36,145,38,224,37,35,39,40,279,66,43,162,42,399,156,400,94,230,9,3,333,77,78,100,440,172,265,199,197,107,161,317,261,264,266,336,58,129,160,126,229,7,236,112,155,340,95,238,237,154,119,128,223,159,122,8,273,158,127,116,140,193,91,118,4,168,169,6,142,120,135,104,123,132,138,133,136,97,137,358,106,124,111,139,108,113,141,131,313,92,117,105,411,61,318,341,319,99,274,54,342,408,315,344,314,60,62,148,320,96,268,267,316,356,153,351,18,114,413,412,57,134,121,130,115,231,125,110,56,5,67,191,271,65,72,355,87,277,89,76,68,71,374,370,17,377,275,346,74,276,371,55,367,73,152,357,109,75,335,59,196,194,343,195,63,220,70,33,215,166,347,64,173,170,401,34,143,354,144,149,151,353,222,406,407,150,163,227,405,192,221,228,233,226,190,225,82,234,235,352,366,83,85,84,53,232,176,303,350,86,365,177,189,345,364,302,167,362,363,219,175,81,14,11,10,13,32,174,180,31,80,349,181,12,348,188,217,216,218,361,183,179,481,79,301,182,427,16,430,487,429,428,15,0,455,445,450,19,448,1,453,260,464,446,484,442,485,439,432,456,479,438,431,451,449,447,470,467,28,452,436,465,462,458,473,461,422,20,476,433,488,257,471,468,477,437,459,474,256,454,517,457,509,423,259,444,258,480,482,486,483,506,187,508,359,21,185,186,23,22,184,24,25,360,26,528,498,425,27,29,30,324,322,489,323,388,325,526,510,527,525,391,390,503,490,499,515,321,505,389,504,507,426,500,434,435,523,497,524,529,533,424,516,101,501,103,511,513,514,512,102,519,502,327,330,518,329,522,520,326,521,494,331,328,2,491,493,530,532,492,535,531,495,496,534,536,
402,369,403,404,309,69,241,311,250,254,305,310,308,306,253,304,255,247,252,246,251,410,243,242,248,249,240,245,466,478,244,463,90,368,475,295,419,469,472,307,312,460,417,293,297,298,376,286,421,375,409,281,287,239,300,292,290,299,443,420,338,198,373,214,211,418,415,339,203,209,269,416,157,210,202,204,398,205,201,200,207,208,291,289,288,206,98,212,213,50,387,334,88,385,372,384,280,383,414,178,263,262,393,395,52,49,337,93,441,272,146,48,171,164,332,47,381,165,392,294,382,386,41,44,285,45,284,51,397,378,396,379,380,147,46,278,283,282,394,270,296,145,36,38,224,37,35,39,66,40,279,43,162,42,399,400,156,94,230,9,3,333,77,100,78,440,172,265,199,197,161,107,317,261,264,266,336,129,160,58,126,229,7,155,112,236,340,238,237,95,128,154,119,223,159,122,158,8,273,127,116,193,140,91,118,4,168,169,6,142,132,138,120,135,123,104,358,97,133,137,136,106,124,108,111,139,141,131,113,117,92,313,105,318,411,341,61,319,342,99,274,54,408,315,314,344,148,62,60,320,268,356,267,316,96,153,351,18,121,114,57,412,134,413,125,130,115,231,5,110,56,67,65,271,72,191,277,87,355,89,68,76,71,17,377,374,370,346,74,275,371,276,55,367,73,152,357,109,335,75,59,196,194,343,63,195,220,33,70,215,166,347,173,64,170,143,401,34,354,144,151,149,222,353,150,407,406,405,227,163,221,228,226,233,192,190,225,82,235,234,352,83,366,85,84,232,53,176,303,86,350,365,177,189,364,345,363,219,302,167,362,14,175,81,11,32,10,13,174,80,180,31,349,181,12,348,188,217,216,218,361,183,481,179,79,301,182,427,16,430,487,429,428,15,0,455,445,19,450,1,448,260,453,446,464,484,485,442,432,439,456,479,438,451,431,447,449,467,470,28,452,436,465,462,458,473,461,422,20,488,476,433,257,256,471,459,468,437,474,477,454,517,457,509,423,259,444,258,486,482,480,483,506,187,508,359,21,185,184,24,186,23,22,25,360,26,528,498,30,29,27,425,489,324,322,388,323,325,526,510,527,390,490,499,525,391,503,515,321,505,389,504,426,507,434,500,435,523,497,524,533,424,529,516,501,101,512,511,102,514,103,513,519,502,518,327,329,330,326,520,494,521,522,328,2,331,496,531,491,536,492,493,534,535,530,495,532,
402,369,403,404,309,69,241,311,250,254,305,308,310,306,253,304,255,247,252,246,251,410,243,242,249,248,240,245,466,478,244,463,90,475,368,295,419,469,472,307,312,460,417,293,298,297,376,286,421,409,375,281,287,239,300,292,290,299,443,420,338,198,373,214,211,418,415,339,203,209,416,269,157,210,202,398,204,205,201,200,207,208,291,289,288,98,206,212,213,50,387,334,88,385,372,384,280,383,414,178,262,263,393,395,52,49,337,93,441,272,146,48,171,164,332,47,392,381,165,294,285,44,386,45,382,41,51,397,284,380,396,379,378,147,278,46,283,282,394,270,296,145,36,38,224,37,35,39,40,66,279,43,162,42,399,400,156,94,9,230,3,333,77,78,100,440,172,265,199,197,161,107,317,261,264,266,336,58,160,129,126,229,7,155,236,112,340,237,238,95,119,154,128,223,159,122,158,273,8,127,193,140,116,91,118,4,168,6,169,142,123,132,120,104,135,138,133,358,137,136,97,124,106,108,139,111,131,113,141,117,313,92,105,61,318,411,341,319,99,274,54,342,315,408,314,344,148,60,62,320,316,268,96,267,356,351,18,153,121,412,134,413,114,57,231,115,125,130,110,5,56,67,271,65,72,191,277,355,87,89,68,76,370,377,71,17,374,275,346,74,371,276,55,367,73,152,357,109,75,335,59,196,343,194,63,195,220,215,33,70,347,166,64,173,170,401,34,143,354,144,151,149,222,353,150,406,407,405,227,163,228,226,233,190,221,192,82,225,234,235,352,85,84,83,366,53,176,303,232,350,86,365,177,189,345,364,167,362,302,363,219,14,81,175,11,13,32,10,31,80,174,180,349,181,348,12,188,218,217,216,361,183,481,179,301,79,182,427,16,430,487,429,428,15,0,455,445,450,19,1,448,453,260,464,484,446,442,485,439,432,456,479,431,438,451,447,449,470,467,28,452,436,465,458,462,473,461,422,20,488,433,476,257,471,437,477,474,256,459,468,454,517,457,509,259,423,444,258,482,486,480,483,506,187,508,359,21,185,23,184,186,24,22,25,360,26,498,528,27,29,30,425,322,489,324,323,325,388,526,510,527,391,503,490,525,499,390,515,321,389,504,505,507,426,434,500,435,523,497,533,529,516,424,524,501,101,511,512,514,102,513,103,519,502,327,518,330,329,520,521,326,494,522,328,331,2,536,492,495,532,496,531,534,491,530,535,493,
402,369,403,404,309,69,241,311,250,254,305,308,310,306,253,304,255,247,252,246,251,410,243,242,248,249,240,245,466,478,244,463,368,90,475,295,419,469,472,307,312,460,417,293,298,297,376,286,421,375,409,281,287,239,300,292,290,299,443,420,338,198,373,214,211,418,415,339,209,203,269,416,157,202,210,398,204,205,201,200,207,208,291,289,288,98,206,212,213,387,50,334,88,385,372,384,383,280,414,178,262,263,393,395,52,49,337,93,441,272,146,48,171,164,332,47,392,165,381,294,44,45,386,382,41,285,51,397,284,379,396,380,378,147,278,46,283,282,270,394,296,36,145,38,224,37,35,39,40,279,66,43,162,42,399,400,156,94,230,9,3,333,77,78,100,440,172,265,199,197,107,161,317,261,264,266,336,160,58,129,126,229,7,112,155,236,340,95,238,237,119,154,128,223,159,122,273,158,8,127,193,116,140,91,118,168,4,169,6,142,132,123,138,104,135,120,136,137,133,97,358,124,106,139,108,111,113,131,141,92,313,117,318,341,105,411,61,319,342,99,274,54,408,315,314,344,62,148,60,320,96,356,268,267,316,153,351,18,412,57,114,134,413,121,125,115,231,130,110,56,5,271,72,191,67,65,355,277,87,89,68,76,377,374,17,370,71,74,275,346,371,276,55,367,73,152,357,109,75,335,59,196,343,194,195,63,220,215,70,33,347,166,173,64,170,143,401,34,354,144,151,149,353,222,406,150,407,227,405,163,228,221,192,233,190,226,82,225,234,235,352,366,83,84,85,303,53,176,232,350,86,365,189,177,364,345,362,167,219,363,302,81,175,14,11,32,13,10,31,174,180,80,181,349,348,12,217,218,216,188,361,183,179,481,301,79,182,427,16,430,487,428,429,15,0,455,445,19,450,448,1,453,260,484,446,464,485,442,439,432,456,479,438,451,431,449,447,470,467,28,452,436,458,465,462,473,422,461,20,488,433,476,257,459,477,471,468,474,256,437,454,517,457,509,444,423,259,258,480,482,486,483,506,187,508,359,21,185,184,23,22,24,186,25,360,26,528,498,27,30,425,29,322,489,324,325,323,388,510,526,527,490,391,525,390,499,503,515,321,389,505,504,426,507,500,434,435,523,497,516,424,529,533,524,501,101,102,514,512,511,103,513,519,502,330,327,329,518,520,494,521,522,326,331,2,328,535,531,536,496,493,530,534,532,491,492,495,
402,369,403,404,309,69,241,311,250,254,305,308,310,306,253,304,255,247,252,246,251,410,243,242,248,249,240,245,466,478,244,463,475,90,368,295,419,469,472,307,312,460,417,293,297,298,376,286,421,409,375,281,287,239,300,292,290,299,443,420,338,198,373,214,211,415,418,339,209,203,269,416,157,210,202,204,398,205,201,200,207,208,291,289,288,98,206,212,213,50,387,334,88,385,372,384,383,280,414,178,263,262,393,395,52,49,337,93,272,441,146,48,171,164,332,47,381,392,165,294,285,382,44,41,386,45,397,284,51,380,379,378,396,147,46,278,283,282,394,270,296,145,36,38,224,35,37,39,40,279,66,43,162,42,399,400,156,94,230,9,3,333,77,78,100,440,172,265,199,197,107,161,317,264,261,266,336,160,129,58,126,229,7,236,112,155,340,238,237,95,119,128,154,223,159,122,158,8,273,127,140,116,193,91,118,4,168,6,169,142,135,123,138,120,132,104,97,136,358,133,137,106,124,108,139,111,141,113,131,313,117,92,411,61,341,318,105,319,274,54,99,342,315,408,344,314,148,60,62,320,356,268,96,316,267,153,18,351,412,121,134,57,413,114,115,130,125,231,56,5,110,72,65,191,67,271,355,87,277,89,68,76,370,377,71,17,374,346,275,74,371,276,55,367,152,73,357,109,335,75,59,196,194,343,195,63,220,33,70,215,347,166,173,64,170,34,401,143,354,144,149,151,353,222,407,150,406,227,405,163,228,192,226,221,190,233,82,225,235,234,352,85,84,366,83,232,176,53,303,86,350,189,365,177,364,345,362,219,363,302,167,14,81,175,11,32,13,10,174,80,180,31,349,181,12,348,216,218,217,188,361,183,179,481,301,79,182,427,16,430,487,428,429,15,0,455,445,450,19,1,448,260,453,484,446,464,485,442,432,439,479,456,431,451,438,449,447,467,470,28,436,452,462,465,458,473,422,461,20,476,433,488,257,256,437,459,468,471,474,477,454,517,457,509,444,423,259,258,482,480,486,483,506,187,508,359,21,185,184,22,24,186,23,25,360,26,498,528,425,30,27,29,324,322,489,323,388,325,510,526,527,390,391,525,499,503,490,515,321,505,504,389,426,507,434,500,435,497,523,524,533,424,529,516,501,101,514,513,512,511,102,103,519,502,518,327,329,330,520,521,522,326,494,328,2,331,536,492,531,491,530,493,535,532,496,534,495,
402,369,403,404,309,69,241,311,250,254,305,308,310,306,253,304,255,247,252,246,251,410,243,242,249,248,240,245,466,478,244,463,368,90,475,295,419,469,472,307,312,460,417,293,298,297,376,286,421,409,375,281,287,239,300,292,290,299,443,420,338,198,373,214,211,418,415,339,209,203,269,416,157,210,202,398,204,205,201,200,208,207,291,289,288,98,206,212,213,50,387,334,88,385,372,384,280,383,414,178,262,263,393,395,52,49,337,93,272,441,146,48,171,164,332,47,392,165,381,294,41,386,44,285,45,382,284,51,397,380,378,396,379,147,278,46,283,282,394,270,296,145,36,38,224,37,35,39,279,66,40,43,162,42,399,400,156,94,9,230,3,333,77,100,78,440,172,265,199,197,161,107,317,261,264,266,336,129,160,58,126,229,7,236,155,112,340,95,237,238,154,119,128,223,159,158,8,273,122,127,140,193,116,91,118,4,168,169,6,142,120,138,135,104,123,132,133,97,136,358,137,124,106,108,139,111,131,141,113,117,313,92,105,411,318,341,61,319,342,54,274,99,408,315,314,344,62,60,148,320,268,316,267,356,96,18,153,351,413,134,412,57,114,121,115,231,130,125,5,56,110,271,191,67,72,65,355,87,277,89,68,76,370,374,17,71,377,74,275,346,371,276,55,367,152,73,357,109,335,75,59,196,194,343,63,195,220,70,215,33,166,347,173,64,170,143,34,401,354,144,149,151,353,222,407,150,406,163,227,405,192,233,226,190,228,221,82,225,234,235,352,366,85,84,83,303,176,53,232,350,86,189,177,365,364,345,167,363,219,302,362,175,81,14,11,13,32,10,180,31,174,80,349,181,348,12,217,188,216,218,361,183,481,179,79,301,182,427,16,430,487,428,429,15,0,455,445,19,450,448,1,453,260,484,464,446,485,442,439,432,479,456,451,431,438,449,447,467,470,28,436,452,465,458,462,473,422,461,20,476,433,488,257,437,474,477,459,468,471,256,454,517,457,509,423,444,259,258,486,480,482,483,506,187,508,359,21,185,22,23,186,24,184,25,360,26,498,528,425,29,30,27,489,322,324,323,325,388,526,510,527,390,490,499,525,503,391,515,321,504,505,389,507,426,434,500,435,523,497,529,516,424,524,533,501,101,514,102,511,513,103,512,519,502,327,329,330,518,326,522,520,494,521,2,328,331,532,495,492,534,536,535,493,530,531,491,496,
402,369,403,404,309,69,241,311,250,254,305,310,308,306,253,304,255,247,252,246,251,410,243,242,249,248,240,245,466,478,244,463,475,90,368,295,419,469,472,307,312,460,417,293,297,298,376,286,421,409,375,281,287,239,300,292,290,299,443,420,338,198,373,214,211,418,415,339,203,209,416,269,157,202,210,398,204,205,201,200,207,208,291,289,288,98,206,212,213,387,50,334,88,385,372,384,383,280,414,178,263,262,393,395,52,49,337,93,272,441,48,146,171,164,332,47,381,165,392,294,41,285,45,386,382,44,51,397,284,380,378,379,396,147,46,278,283,282,394,270,296,145,36,38,224,37,35,39,40,279,66,43,162,42,399,156,400,94,9,230,3,333,77,78,100,440,172,265,199,197,107,161,317,261,264,266,336,58,160,129,126,229,7,112,155,236,340,95,238,237,154,128,119,223,159,8,158,122,273,127,193,140,116,91,118,168,4,6,169,142,104,135,138,132,123,120,136,97,133,358,137,124,106,139,108,111,113,131,141,92,117,313,105,318,341,411,61,319,99,342,54,274,408,315,344,314,62,148,60,320,96,316,356,268,267,18,153,351,134,412,121,114,413,57,130,231,115,125,56,5,110,65,271,191,67,72,277,87,355,89,68,76,377,374,17,71,370,74,275,346,276,371,55,367,152,73,357,109,335,75,59,196,194,343,195,63,220,33,215,70,347,166,64,173,170,401,143,34,354,144,151,149,222,353,407,150,406,163,227,405,221,190,228,233,226,192,225,82,234,235,352,84,85,366,83,232,176,53,303,86,350,365,177,189,345,364,363,219,302,362,167,14,81,175,11,13,32,10,174,80,180,31,349,181,12,348,188,216,218,217,361,183,481,179,301,79,182,427,16,430,487,429,428,0,15,455,445,450,19,1,448,453,260,464,484,446,485,442,439,432,479,456,451,431,438,447,449,467,470,28,436,452,458,465,462,473,422,461,20,488,476,433,257,437,256,474,459,471,477,468,454,517,457,509,423,444,259,258,486,480,482,483,506,187,508,359,21,185,184,22,23,24,186,25,360,26,498,528,27,29,425,30,489,322,324,388,323,325,510,526,527,490,525,499,390,391,503,515,321,389,505,504,507,426,500,434,435,497,523,524,516,424,533,529,501,101,511,103,514,513,102,512,519,502,518,330,327,329,522,520,521,494,326,331,328,2,493,532,534,536,495,530,491,531,496,492,535,
402,369,403,404,309,69,241,311,250,254,305,310,308,306,253,304,255,247,252,246,251,410,243,242,249,248,240,245,466,478,244,463,475,90,368,295,419,469,472,307,312,460,417,293,297,298,376,286,421,375,409,281,287,239,300,292,290,299,443,420,338,198,373,214,211,418,415,339,209,203,269,416,157,202,210,398,204,205,201,200,207,208,291,289,288,206,98,212,213,387,50,334,88,385,372,384,383,280,414,178,263,262,393,395,52,49,337,93,272,441,146,48,171,164,332,47,165,381,392,294,386,285,382,44,45,41,397,284,51,379,380,396,378,147,46,278,283,282,270,394,296,36,145,38,224,37,35,39,279,40,66,43,162,42,399,156,400,94,9,230,3,333,77,100,78,440,172,265,199,197,107,161,317,261,264,266,336,129,58,160,126,229,7,236,112,155,340,95,238,237,128,154,119,223,159,273,8,122,158,127,193,140,116,91,118,168,4,169,6,142,135,104,123,138,120,132,133,136,97,137,358,124,106,139,111,108,141,113,131,313,92,117,61,411,341,105,318,319,99,54,342,274,408,315,314,344,60,148,62,320,268,267,96,356,316,153,351,18,121,412,57,114,134,413,130,231,115,125,5,110,56,67,72,65,191,271,87,277,355,89,68,76,374,370,377,17,71,74,275,346,276,371,367,55,73,152,357,109,75,335,59,196,343,194,63,195,220,33,215,70,166,347,64,173,170,143,34,401,354,144,151,149,222,353,150,406,407,227,163,405,228,226,192,221,233,190,82,225,234,235,352,366,83,85,84,53,303,176,232,86,350,189,365,177,345,364,167,363,219,302,362,14,175,81,11,10,32,13,80,31,180,174,349,181,348,12,218,217,216,188,361,183,481,179,79,301,182,427,16,430,487,428,429,0,15,455,445,450,19,448,1,453,260,446,464,484,485,442,432,439,456,479,431,451,438,447,449,470,467,28,436,452,462,458,465,473,461,422,20,488,433,476,257,474,459,471,437,256,468,477,454,517,457,509,444,259,423,258,486,480,482,483,506,187,508,359,21,185,184,186,22,23,24,25,360,26,528,498,29,27,425,30,322,324,489,388,323,325,510,526,527,390,525,503,499,391,490,515,321,389,505,504,507,426,500,434,435,523,497,516,533,529,424,524,501,101,513,103,512,514,511,102,519,502,329,330,518,327,494,522,521,520,326,2,331,328,536,531,532,496,535,530,493,495,534,492,491,
402,369,403,404,309,69,241,311,250,254,305,310,308,306,253,304,255,247,252,246,251,410,243,242,249,248,240,245,466,478,244,463,90,475,368,295,419,469,472,307,312,460,417,293,297,298,376,286,421,375,409,281,287,239,300,292,290,299,443,420,338,198,373,214,211,418,415,339,203,209,269,416,157,210,202,398,204,205,201,200,207,208,291,289,288,98,206,212,213,387,50,334,88,385,372,384,383,280,414,178,263,262,393,395,52,49,337,93,441,272,146,48,171,164,332,47,165,392,381,294,382,386,45,285,44,41,397,51,284,378,380,396,379,147,46,278,283,282,270,394,296,145,36,38,224,35,37,39,279,40,66,43,162,42,399,400,156,94,9,230,3,333,77,100,78,440,172,265,199,197,107,161,317,264,261,266,336,160,58,129,126,229,7,155,236,112,340,238,237,95,119,154,128,223,159,8,273,122,158,127,193,140,116,91,118,168,4,169,6,142,123,138,120,104,132,135,97,358,137,136,133,124,106,111,139,108,113,141,131,92,117,313,61,411,318,105,341,319,99,342,54,274,315,408,344,314,62,60,148,320,316,96,267,356,268,351,18,153,412,134,121,114,413,57,125,231,130,115,110,56,5,72,191,271,67,65,87,277,355,89,76,68,17,374,377,370,71,74,275,346,371,276,367,55,73,152,357,109,335,75,59,196,343,194,195,63,220,215,33,70,166,347,64,173,170,143,401,34,354,144,149,151,222,353,150,407,406,227,163,405,190,233,221,192,226,228,82,225,235,234,352,83,85,366,84,232,176,303,53,86,350,365,177,189,364,345,302,363,167,219,362,175,81,14,11,10,13,32,80,31,180,174,349,181,348,12,216,217,188,218,361,183,481,179,79,301,182,427,16,430,487,429,428,0,15,455,445,19,450,1,448,260,453,484,446,464,442,485,439,432,479,456,451,431,438,447,449,470,467,28,452,436,465,462,458,473,461,422,20,488,433,476,257,474,256,437,468,477,471,459,454,517,457,509,423,259,444,258,480,486,482,483,506,187,508,359,21,185,186,23,24,22,184,25,360,26,528,498,425,27,29,30,489,322,324,325,388,323,510,526,527,525,499,490,391,390,503,515,321,505,504,389,507,426,434,500,435,523,497,529,533,516,524,424,101,501,511,102,513,512,103,514,519,502,330,518,327,329,522,326,494,520,521,328,331,2,532,495,491,534,530,531,496,493,535,536,492,
402,369,403,404,309,69,241,311,250,254,305,308,310,306,253,304,255,247,252,246,251,410,243,242,249,248,240,245,466,478,244,463,475,368,90,295,419,469,472,307,312,460,417,293,297,298,376,286,421,375,409,281,287,239,300,292,290,299,443,420,338,198,373,214,211,415,418,339,203,209,269,416,157,210,202,204,398,205,201,200,208,207,291,289,288,206,98,212,213,50,387,334,88,385,372,384,280,383,414,178,262,263,393,395,52,49,337,93,272,441,48,146,171,164,332,47,381,165,392,294,44,386,45,41,285,382,51,284,397,380,379,396,378,147,46,278,283,282,394,270,296,145,36,38,224,37,35,39,40,66,279,43,162,42,399,156,400,94,230,9,3,333,77,100,78,440,172,265,199,197,107,161,317,261,264,266,336,129,160,58,126,229,7,236,112,155,340,237,238,95,119,128,154,223,159,8,122,273,158,127,193,140,116,91,118,4,168,169,6,142,135,132,120,123,104,138,133,97,137,136,358,124,106,108,139,111,141,113,131,117,92,313,411,105,341,318,61,319,99,274,342,54,315,408,344,314,60,62,148,320,356,268,96,267,316,18,351,153,57,114,412,413,134,121,125,130,231,115,5,110,56,72,191,67,65,271,277,355,87,89,68,76,377,374,71,370,17,346,74,275,276,371,55,367,152,73,357,109,75,335,59,196,343,194,195,63,220,215,70,33,347,166,64,173,170,401,143,34,354,144,151,149,222,353,406,407,150,163,227,405,233,226,221,192,190,228,82,225,235,234,352,85,83,366,84,53,176,303,232,86,350,189,177,365,364,345,362,302,219,363,167,175,81,14,11,32,13,10,180,80,174,31,349,181,12,348,218,188,216,217,361,183,179,481,301,79,182,427,16,430,487,428,429,0,15,455,445,450,19,1,448,453,260,446,464,484,485,442,432,439,479,456,431,438,451,449,447,470,467,28,436,452,462,465,458,473,422,461,20,433,476,488,257,477,459,474,471,437,256,468,454,517,457,509,259,423,444,258,482,486,480,483,506,187,508,359,21,185,23,24,22,184,186,25,360,26,528,498,27,30,29,425,489,324,322,323,388,325,526,510,527,390,503,391,525,499,490,515,321,389,505,504,507,426,434,500,435,497,523,529,524,424,516,533,101,501,511,513,514,102,103,512,519,502,327,330,518,329,520,521,326,494,522,328,331,2,496,535,532,536,493,530,531,534,492,495,491,
402,369,403,404,309,69,241,311,250,254,305,310,308,306,253,304,255,247,252,246,251,410,243,242,248,249,240,245,466,478,244,463,368,475,90,295,419,469,472,307,312,460,417,293,297,298,376,286,421,375,409,281,287,239,300,292,290,299,443,420,338,198,373,214,211,418,415,339,203,209,416,269,157,202,210,204,398,205,201,200,207,208,291,289,288,206,98,212,213,387,50,334,88,385,372,384,383,280,414,178,262,263,393,395,52,49,337,93,272,441,48,146,171,164,332,47,165,392,381,294,285,44,382,45,386,41,51,397,284,378,396,380,379,147,278,46,283,282,394,270,296,145,36,38,224,35,37,39,279,40,66,43,162,42,399,400,156,94,230,9,3,333,77,100,78,440,172,265,199,197,107,161,317,264,261,266,336,129,160,58,126,229,7,112,236,155,340,238,95,237,119,128,154,223,159,158,273,122,8,127,116,193,140,91,118,4,168,169,6,142,132,138,135,123,120,104,136,133,137,97,358,106,124,139,108,111,113,131,141,313,117,92,341,411,61,318,105,319,99,54,274,342,408,315,314,344,60,62,148,320,96,356,267,316,268,18,153,351,413,114,412,134,121,57,231,115,125,130,110,56,5,271,72,65,191,67,87,277,355,89,68,76,374,370,71,377,17,74,275,346,371,276,55,367,73,152,357,109,75,335,59,196,194,343,63,195,220,70,215,33,347,166,173,64,170,401,34,143,354,144,151,149,222,353,150,407,406,227,405,163,192,221,228,233,190,226,225,82,235,234,352,83,85,366,84,176,53,232,303,86,350,189,365,177,345,364,363,219,302,167,362,14,175,81,11,13,10,32,80,31,180,174,181,349,12,348,217,216,188,218,361,183,481,179,301,79,182,427,16,430,487,428,429,0,15,455,445,450,19,1,448,453,260,464,484,446,442,485,432,439,456,479,451,438,431,449,447,470,467,28,452,436,458,465,462,473,461,422,20,476,433,488,257,471,256,459,477,437,468,474,454,517,457,509,259,444,423,258,482,480,486,483,506,187,508,359,21,185,24,22,23,184,186,25,360,26,528,498,425,27,29,30,322,489,324,323,325,388,510,526,527,490,390,391,499,525,503,515,321,504,505,389,507,426,500,434,435,523,497,529,524,424,516,533,501,101,513,514,512,511,103,102,519,502,327,330,518,329,326,521,520,522,494,331,2,328,536,491,493,535,534,495,531,530,496,532,492,
402,369,403,404,309,69,241,311,250,254,305,308,310,306,253,304,255,247,252,246,251,410,243,242,248,249,240,245,466,478,244,463,368,475,90,295,419,469,472,307,312,460,417,293,297,298,376,286,421,409,375,281,287,239,300,292,290,299,443,420,338,198,373,214,211,415,418,339,209,203,416,269,157,210,202,204,398,205,201,200,208,207,291,289,288,98,206,212,213,50,387,334,88,385,372,384,280,383,414,178,263,262,393,395,52,49,337,93,272,441,48,146,171,164,332,47,392,165,381,294,41,382,285,386,45,44,397,284,51,379,396,378,380,147,278,46,283,282,394,270,296,145,36,38,224,37,35,39,66,279,40,43,162,42,399,400,156,94,9,230,3,333,77,100,78,440,172,265,199,197,107,161,317,264,261,266,336,160,129,58,126,229,7,155,112,236,340,95,237,238,128,154,119,223,159,273,158,8,122,127,193,140,116,91,118,168,4,6,169,142,135,138,120,123,132,104,136,133,358,137,97,106,124,111,139,108,141,131,113,117,92,313,341,411,318,61,105,319,274,342,99,54,315,408,314,344,148,62,60,320,268,96,316,356,267,18,351,153,413,57,114,121,412,134,115,125,130,231,110,56,5,72,65,191,271,67,87,355,277,89,76,68,377,71,17,370,374,275,346,74,276,371,367,55,73,152,357,109,335,75,59,196,343,194,63,195,220,215,70,33,166,347,173,64,170,401,34,143,354,144,149,151,353,222,150,407,406,163,227,405,192,221,190,233,226,228,225,82,235,234,352,366,84,83,85,176,232,303,53,350,86,365,189,177,345,364,362,363,219,167,302,81,175,14,11,13,10,32,80,174,180,31,181,349,12,348,217,218,216,188,361,183,179,481,79,301,182,427,16,430,487,428,429,0,15,455,445,450,19,448,1,453,260,484,446,464,442,485,432,439,456,479,451,438,431,447,449,467,470,28,436,452,458,465,462,473,461,422,20,476,488,433,257,474,459,477,471,256,437,468,454,517,457,509,444,423,259,258,486,482,480,483,506,187,508,359,21,185,23,184,186,22,24,25,360,26,528,498,27,425,30,29,489,322,324,388,323,325,526,510,527,525,390,391,490,503,499,515,321,504,505,389,426,507,434,500,435,497,523,516,533,529,424,524,501,101,514,102,513,512,511,103,519,502,329,330,327,518,520,494,522,326,521,328,2,331,530,536,493,496,532,534,495,535,492,531,491,
402,369,403,404,309,69,241,311,250,254,305,308,310,306,253,304,255,247,252,246,251,410,243,242,249,248,240,245,466,478,244,463,475,368,90,295,419,469,472,307,312,460,417,293,297,298,376,286,421,375,409,281,287,239,300,292,290,299,443,420,338,198,373,214,211,418,415,339,209,203,416,269,157,210,202,204,398,205,201,200,208,207,291,289,288,206,98,212,213,387,50,334,88,385,372,384,280,383,414,178,263,262,393,395,52,49,337,93,272,441,48,146,171,164,332,47,165,392,381,294,41,44,382,285,386,45,284,51,397,378,379,380,396,147,46,278,283,282,394,270,296,36,145,38,224,37,35,39,279,66,40,43,162,42,399,156,400,94,9,230,3,333,77,78,100,440,172,265,199,197,107,161,317,264,261,266,336,160,58,129,126,229,7,155,112,236,340,237,238,95,119,154,128,223,159,122,8,273,158,127,140,116,193,91,118,4,168,6,169,142,132,138,135,123,104,120,97,133,358,137,136,106,124,108,139,111,141,113,131,92,313,117,61,411,105,341,318,319,274,99,342,54,408,315,344,314,60,148,62,320,267,268,96,356,316,351,153,18,134,412,114,413,121,57,115,130,125,231,56,5,110,72,271,67,65,191,355,87,277,89,68,76,71,17,370,374,377,74,275,346,276,371,55,367,152,73,357,109,335,75,59,196,343,194,63,195,220,215,70,33,347,166,64,173,170,34,143,401,354,144,151,149,222,353,407,150,406,405,163,227,192,226,233,190,228,221,225,82,235,234,352,84,85,83,366,53,232,176,303,350,86,177,189,365,345,364,219,302,167,362,363,81,14,175,11,13,10,32,174,31,80,180,349,181,12,348,216,217,218,188,361,183,179,481,79,301,182,427,16,430,487,429,428,0,15,455,445,19,450,448,1,260,453,464,484,446,442,485,432,439,456,479,431,451,438,447,449,467,470,28,436,452,458,465,462,473,461,422,20,433,488,476,257,477,474,468,471,437,459,256,454,517,457,509,444,423,259,258,482,486,480,483,506,187,508,359,21,185,24,184,186,22,23,25,360,26,498,528,27,29,425,30,489,324,322,325,388,323,510,526,527,499,503,390,490,391,525,515,321,505,504,389,426,507,434,500,435,523,497,424,524,533,529,516,501,101,103,513,512,102,511,514,519,502,329,518,327,330,522,520,494,521,326,2,331,328,532,495,496,493,492,530,535,534,536,491,531,
402,369,403,404,309,69,241,311,250,254,305,308,310,306,253,304,255,247,252,246,251,410,243,242,249,248,240,245,466,478,244,463,475,368,90,295,419,469,472,307,312,460,417,293,298,297,376,286,421,375,409,281,287,239,300,292,290,299,443,420,338,198,373,214,211,415,418,339,203,209,269,416,157,210,202,204,398,205,201,200,208,207,291,289,288,206,98,212,213,387,50,334,88,385,372,384,383,280,414,178,263,262,393,395,52,49,337,93,272,441,146,48,171,164,332,47,165,381,392,294,41,45,285,382,44,386,51,284,397,378,396,380,379,147,46,278,283,282,270,394,296,36,145,38,224,37,35,39,40,279,66,43,162,42,399,156,400,94,9,230,3,333,77,78,100,440,172,265,199,197,161,107,317,261,264,266,336,160,129,58,126,229,7,236,155,112,340,237,95,238,119,154,128,223,159,273,8,122,158,127,140,193,116,91,118,4,168,169,6,142,132,123,135,104,138,120,133,137,136,97,358,124,106,108,139,111,141,113,131,313,92,117,318,411,341,105,61,319,274,54,342,99,408,315,344,314,62,60,148,320,268,96,356,267,316,351,18,153,413,134,114,121,412,57,125,115,130,231,56,5,110,65,191,67,72,271,87,355,277,89,68,76,374,370,71,377,17,275,346,74,371,276,367,55,152,73,357,109,335,75,59,196,343,194,63,195,220,33,215,70,166,347,64,173,170,401,143,34,354,144,151,149,353,222,407,406,150,163,405,227,190,192,221,233,228,226,225,82,235,234,352,84,366,83,85,53,303,232,176,86,350,189,177,365,364,345,302,363,219,167,362,175,81,14,11,32,13,10,80,174,31,180,181,349,348,12,217,188,218,216,361,183,481,179,79,301,182,427,16,430,487,428,429,15,0,455,445,450,19,448,1,260,453,464,484,446,442,485,432,439,456,479,451,431,438,447,449,470,467,28,436,452,458,462,465,473,461,422,20,433,488,476,257,468,459,471,474,437,477,256,454,517,457,509,423,444,259,258,482,486,480,483,506,187,508,359,21,185,24,184,23,186,22,25,360,26,528,498,425,29,30,27,322,489,324,325,323,388,526,510,527,525,390,503,490,391,499,515,321,504,505,389,426,507,500,434,435,523,497,424,524,516,529,533,101,501,103,514,511,102,513,512,519,502,518,330,327,329,521,522,494,520,326,328,331,2,492,534,493,532,491,531,530,496,535,495,536,
402,369,403,404,309,69,241,311,250,254,305,310,308,306,253,304,255,247,252,246,251,410,243,242,248,249,240,245,466,478,244,463,475,90,368,295,419,469,472,307,312,460,417,293,298,297,376,286,421,375,409,281,287,239,300,292,290,299,443,420,338,198,373,214,211,418,415,339,209,203,269,416,157,202,210,204,398,205,201,200,207,208,291,289,288,206,98,212,213,387,50,334,88,385,372,384,383,280,414,178,262,263,393,395,52,49,337,93,441,272,48,146,171,164,332,47,392,381,165,294,285,386,382,44,45,41,397,51,284,379,396,380,378,147,46,278,283,282,270,394,296,36,145,38,224,37,35,39,66,40,279,43,162,42,399,156,400,94,230,9,3,333,77,100,78,440,172,265,199,197,161,107,317,264,261,266,336,160,58,129,126,229,7,155,236,112,340,95,237,238,119,154,128,223,159,122,273,158,8,127,140,193,116,91,118,4,168,6,169,142,120,123,138,135,132,104,97,133,136,358,137,124,106,111,139,108,131,113,141,313,92,117,411,341,61,105,318,319,274,54,99,342,315,408,344,314,62,60,148,320,316,267,268,96,356,153,351,18,413,412,57,121,134,114,231,125,130,115,110,56,5,72,191,271,67,65,87,355,277,89,76,68,377,17,71,374,370,74,346,275,371,276,367,55,73,152,357,109,335,75,59,196,194,343,63,195,220,33,70,215,347,166,64,173,170,401,34,143,354,144,151,149,353,222,407,406,150,405,163,227,228,192,221,226,233,190,225,82,234,235,352,84,85,83,366,53,176,303,232,350,86,365,189,177,364,345,302,362,167,363,219,81,14,175,11,10,32,13,31,174,180,80,181,349,12,348,188,218,216,217,361,183,179,481,301,79,182,427,16,430,487,428,429,0,15,455,445,19,450,448,1,453,260,484,446,464,485,442,432,439,456,479,431,438,451,449,447,467,470,28,452,436,465,462,458,473,461,422,20,476,488,433,257,256,459,471,437,468,477,474,454,517,457,509,423,259,444,258,480,482,486,483,506,187,508,359,21,185,184,24,23,186,22,25,360,26,498,528,27,29,30,425,322,324,489,323,325,388,526,510,527,390,391,499,525,503,490,515,321,389,505,504,507,426,434,500,435,523,497,529,516,424,533,524,101,501,513,103,512,102,511,514,519,502,330,327,518,329,520,521,494,326,522,331,2,328,532,530,536,496,535,531,534,493,495,491,492,
402,369,403,404,309,69,241,311,250,254,305,308,310,306,253,304,255,247,252,246,251,410,243,242,249,248,240,245,466,478,244,463,475,368,90,295,419,469,472,307,312,460,417,293,297,298,376,286,421,375,409,281,287,239,300,292,290,299,443,420,338,198,373,214,211,415,418,339,203,209,416,269,157,202,210,398,204,205,201,200,207,208,291,289,288,206,98,212,213,50,387,334,88,385,372,384,280,383,414,178,262,263,393,395,52,49,337,93,272,441,146,48,171,164,332,47,392,381,165,294,382,45,386,44,41,285,51,284,397,380,396,379,378,147,278,46,283,282,394,270,296,36,145,38,224,35,37,39,279,66,40,43,162,42,399,400,156,94,9,230,3,333,77,100,78,440,172,265,199,197,161,107,317,264,261,266,336,160,129,58,126,229,7,236,112,155,340,237,95,238,128,154,119,223,159,158,273,8,122,127,140,116,193,91,118,168,4,6,169,142,123,138,120,132,104,135,137,133,358,136,97,124,106,111,108,139,113,141,131,117,313,92,61,318,411,341,105,319,54,274,342,99,408,315,344,314,148,62,60,320,356,268,267,96,316,153,18,351,134,57,412,114,121,413,115,125,231,130,56,110,5,72,67,271,65,191,355,87,277,89,76,68,377,374,71,17,370,275,346,74,371,276,367,55,152,73,357,109,75,335,59,196,343,194,63,195,220,70,33,215,347,166,64,173,170,34,401,143,354,144,149,151,353,222,150,407,406,163,227,405,228,192,226,221,233,190,225,82,234,235,352,366,83,85,84,176,232,53,303,350,86,177,365,189,345,364,362,219,302,363,167,14,175,81,11,10,13,32,180,174,80,31,349,181,348,12,218,188,217,216,361,183,481,179,79,301,182,427,16,430,487,428,429,0,15,455,445,19,450,448,1,453,260,446,484,464,485,442,439,432,456,479,438,451,431,447,449,470,467,28,452,436,465,462,458,473,422,461,20,476,433,488,257,477,256,468,471,437,459,474,454,517,457,509,259,444,423,258,480,482,486,483,506,187,508,359,21,185,22,184,24,186,23,25,360,26,528,498,30,29,27,425,322,489,324,325,323,388,526,510,527,499,391,390,525,503,490,515,321,504,389,505,426,507,434,500,435,497,523,516,424,533,524,529,501,101,103,514,511,102,513,512,519,502,518,329,327,330,521,522,326,494,520,331,328,2,493,535,495,536,532,530,534,496,491,531,492,
402,369,403,404,309,69,241,311,250,254,305,308,310,306,253,304,255,247,252,246,251,410,243,242,248,249,240,245,466,478,244,463,475,90,368,295,419,469,472,307,312,460,417,293,298,297,376,286,421,409,375,281,287,239,300,292,290,299,443,420,338,198,373,214,211,418,415,339,203,209,416,269,157,202,210,204,398,205,201,200,207,208,291,289,288,206,98,212,213,50,387,334,88,385,372,384,383,280,414,178,262,263,393,395,52,49,337,93,441,272,146,48,171,164,332,47,165,392,381,294,386,45,44,41,285,382,397,284,51,380,379,396,378,147,46,278,283,282,270,394,296,36,145,38,224,35,37,39,66,40,279,43,162,42,399,400,156,94,9,230,3,333,77,78,100,440,172,265,199,197,107,161,317,264,261,266,336,58,129,160,126,229,7,155,112,236,340,237,238,95,154,119,128,223,159,8,158,122,273,127,193,140,116,91,118,4,168,169,6,142,135,120,123,138,104,132,133,97,136,137,358,124,106,111,139,108,131,141,113,313,117,92,105,61,341,318,411,319,274,54,342,99,408,315,344,314,148,62,60,320,267,356,268,316,96,153,18,351,114,134,412,57,413,121,231,115,130,125,5,110,56,191,65,67,72,271,277,355,87,89,76,68,17,370,377,71,374,275,346,74,371,276,55,367,73,152,357,109,335,75,59,196,194,343,63,195,220,215,70,33,166,347,64,173,170,34,143,401,354,144,151,149,222,353,150,406,407,405,163,227,192,228,221,190,233,226,225,82,234,235,352,83,366,85,84,176,53,303,232,86,350,189,365,177,345,364,363,167,302,362,219,175,14,81,11,10,13,32,180,31,174,80,349,181,348,12,217,218,216,188,361,183,481,179,301,79,182,427,16,430,487,429,428,15,0,455,445,19,450,1,448,453,260,484,464,446,485,442,432,439,479,456,451,438,431,449,447,467,470,28,436,452,462,458,465,473,461,422,20,488,476,433,257,471,459,468,477,474,437,256,454,517,457,509,423,259,444,258,486,482,480,483,506,187,508,359,21,185,24,186,184,22,23,25,360,26,498,528,27,30,425,29,324,322,489,323,325,388,526,510,527,503,499,490,390,525,391,515,321,505,389,504,426,507,434,500,435,523,497,529,424,524,533,516,101,501,514,103,511,512,513,102,519,502,327,329,330,518,522,521,494,326,520,328,2,331,536,530,493,535,492,495,531,534,532,496,491,
402,369,403,404,309,69,241,311,250,254,305,308,310,306,253,304,255,247,252,246,251,410,243,242,249,248,240,245,466,478,244,463,475,368,90,295,419,469,472,307,312,460,417,293,298,297,376,286,421,375,409,281,287,239,300,292,290,299,443,420,338,198,373,214,211,415,418,339,203,209,416,269,157,202,210,398,204,205,201,200,208,207,291,289,288,206,98,212,213,50,387,334,88,385,372,384,383,280,414,178,262,263,393,395,52,49,337,93,441,272,48,146,171,164,332,47,392,165,381,294,386,44,41,285,45,382,284,51,397,379,396,378,380,147,46,278,283,282,394,270,296,36,145,38,224,35,37,39,279,40,66,43,162,42,399,400,156,94,9,230,3,333,77,78,100,440,172,265,199,197,161,107,317,264,261,266,336,58,129,160,126,229,7,236,112,155,340,237,95,238,154,119,128,223,159,158,273,8,122,127,193,116,140,91,118,4,168,6,169,142,104,123,132,135,138,120,133,137,136,97,358,106,124,108,111,139,131,141,113,313,117,92,318,105,341,411,61,319,342,54,274,99,408,315,314,344,148,60,62,320,268,96,316,356,267,18,351,153,114,57,412,121,413,134,130,125,115,231,110,56,5,67,271,191,65,72,355,277,87,89,68,76,71,370,17,374,377,346,275,74,276,371,55,367,73,152,357,109,335,75,59,196,194,343,63,195,220,215,33,70,166,347,64,173,170,401,143,34,354,144,149,151,353,222,406,407,150,163,227,405,226,221,228,233,192,190,82,225,234,235,352,83,84,85,366,176,232,303,53,86,350,177,365,189,345,364,302,219,363,362,167,14,175,81,11,13,10,32,31,80,174,180,181,349,348,12,217,188,216,218,361,183,481,179,301,79,182,427,16,430,487,429,428,15,0,455,445,19,450,448,1,453,260,484,464,446,485,442,432,439,456,479,431,438,451,449,447,467,470,28,436,452,458,462,465,473,422,461,20,476,433,488,257,477,256,437,468,471,459,474,454,517,457,509,259,444,423,258,486,482,480,483,506,187,508,359,21,185,23,184,186,24,22,25,360,26,498,528,29,27,30,425,324,489,322,323,325,388,510,526,527,503,391,390,490,525,499,515,321,505,389,504,507,426,434,500,435,497,523,424,524,529,533,516,101,501,103,102,511,514,513,512,519,502,330,327,329,518,494,520,326,521,522,328,331,2,495,530,493,492,491,536,496,534,531,532,535,
402,369,403,404,309,69,241,311,250,254,305,310,308,306,253,304,255,247,252,246,251,410,243,242,248,249,240,245,466,478,244,463,475,90,368,295,419,469,472,307,312,460,417,293,298,297,376,286,421,375,409,281,287,239,300,292,290,299,443,420,338,198,373,214,211,415,418,339,209,203,269,416,157,210,202,204,398,205,201,200,208,207,291,289,288,206,98,212,213,50,387,334,88,385,372,384,280,383,414,178,263,262,393,395,52,49,337,93,441,272,146,48,171,164,332,47,392,165,381,294,382,41,285,45,386,44,284,397,51,378,380,379,396,147,46,278,283,282,394,270,296,145,36,38,224,37,35,39,40,66,279,43,162,42,399,400,156,94,9,230,3,333,77,100,78,440,172,265,199,197,107,161,317,261,264,266,336,58,160,129,126,229,7,236,112,155,340,238,237,95,128,154,119,223,159,273,8,158,122,127,140,193,116,91,118,168,4,6,169,142,120,104,123,138,132,135,133,137,136,358,97,124,106,111,108,139,131,141,113,92,117,313,105,411,318,61,341,319,99,54,274,342,408,315,314,344,60,62,148,320,316,96,356,267,268,351,153,18,412,114,57,121,134,413,231,130,125,115,56,5,110,65,67,271,72,191,87,277,355,89,76,68,377,370,17,374,71,275,346,74,371,276,367,55,152,73,357,109,335,75,59,196,194,343,63,195,220,70,33,215,166,347,64,173,170,143,34,401,354,144,149,151,353,222,407,406,150,227,163,405,228,190,192,221,226,233,225,82,234,235,352,85,83,366,84,53,232,303,176,86,350,365,189,177,364,345,302,363,219,362,167,14,175,81,11,13,10,32,31,180,174,80,349,181,12,348,188,216,217,218,361,183,481,179,301,79,182,427,16,430,487,428,429,15,0,455,445,450,19,1,448,260,453,446,464,484,485,442,439,432,479,456,431,438,451,449,447,467,470,28,452,436,458,465,462,473,461,422,20,476,433,488,257,474,471,468,437,459,256,477,454,517,457,509,423,444,259,258,486,480,482,483,506,187,508,359,21,185,22,186,23,24,184,25,360,26,528,498,425,27,29,30,322,324,489,323,325,388,526,510,527,499,525,391,490,390,503,515,321,504,389,505,426,507,500,434,435,523,497,516,533,529,524,424,101,501,511,513,512,102,103,514,519,502,518,327,330,329,520,522,494,326,521,328,331,2,493,531,535,534,492,491,495,530,496,532,536,
402,369,403,404,309,69,241,311,250,254,305,310,308,306,253,304,255,247,252,246,251,410,243,242,248,249,240,245,466,478,244,463,90,475,368,295,419,469,472,307,312,460,417,293,297,298,376,286,421,375,409,281,287,239,300,292,290,299,443,420,338,198,373,214,211,418,415,339,203,209,416,269,157,210,202,398,204,205,201,200,207,208,291,289,288,98,206,212,213,387,50,334,88,385,372,384,383,280,414,178,262,263,393,395,52,49,337,93,441,272,146,48,171,164,332,47,392,381,165,294,386,285,382,41,45,44,284,51,397,378,379,380,396,147,46,278,283,282,270,394,296,36,145,38,224,37,35,39,66,279,40,43,162,42,399,156,400,94,9,230,3,333,77,78,100,440,172,265,199,197,161,107,317,264,261,266,336,129,58,160,126,229,7,236,155,112,340,95,237,238,128,119,154,223,159,8,273,122,158,127,116,140,193,91,118,168,4,169,6,142,120,135,132,104,138,123,136,358,97,137,133,106,124,111,139,108,141,113,131,117,313,92,105,411,61,341,318,319,54,274,99,342,408,315,314,344,148,60,62,320,356,267,96,316,268,18,351,153,57,121,134,412,413,114,125,130,231,115,5,56,110,191,271,67,65,72,87,355,277,89,68,76,71,377,374,17,370,275,74,346,371,276,367,55,152,73,357,109,75,335,59,196,343,194,195,63,220,70,215,33,166,347,173,64,170,143,401,34,354,144,149,151,222,353,407,150,406,163,227,405,233,221,190,228,192,226,225,82,235,234,352,85,366,83,84,176,232,303,53,350,86,189,177,365,345,364,219,167,302,362,363,14,175,81,11,32,10,13,80,180,31,174,181,349,348,12,217,216,218,188,361,183,179,481,301,79,182,427,16,430,487,429,428,0,15,455,445,450,19,1,448,453,260,446,484,464,442,485,439,432,479,456,438,451,431,449,447,470,467,28,436,452,462,465,458,473,422,461,20,433,488,476,257,474,471,459,437,477,468,256,454,517,457,509,444,259,423,258,480,482,486,483,506,187,508,359,21,185,24,22,184,23,186,25,360,26,528,498,30,425,29,27,324,322,489,323,325,388,510,526,527,499,525,390,490,391,503,515,321,504,389,505,426,507,500,434,435,497,523,533,524,516,529,424,101,501,103,514,511,512,102,513,519,502,330,327,518,329,520,326,494,521,522,328,331,2,536,534,496,492,531,493,530,495,535,491,532,
402,369,403,404,309,69,241,311,250,254,305,310,308,306,253,304,255,247,252,246,251,410,243,242,249,248,240,245,466,478,244,463,368,90,475,295,419,469,472,307,312,460,417,293,298,297,376,286,421,375,409,281,287,239,300,292,290,299,443,420,338,198,373,214,211,415,418,339,203,209,416,269,157,202,210,398,204,205,201,200,207,208,291,289,288,98,206,212,213,387,50,334,88,385,372,384,280,383,414,178,262,263,393,395,52,49,337,93,441,272,48,146,171,164,332,47,392,165,381,294,41,285,44,45,382,386,397,51,284,378,379,380,396,147,278,46,283,282,270,394,296,145,36,38,224,37,35,39,40,279,66,43,162,42,399,400,156,94,230,9,3,333,77,100,78,440,172,265,199,197,107,161,317,264,261,266,336,129,160,58,126,229,7,155,236,112,340,238,95,237,128,154,119,223,159,122,158,273,8,127,140,116,193,91,118,168,4,6,169,142,104,132,123,120,135,138,137,358,136,97,133,106,124,108,139,111,113,131,141,92,313,117,341,105,61,318,411,319,54,274,342,99,408,315,344,314,60,148,62,320,316,96,356,267,268,18,351,153,57,413,134,121,114,412,231,130,115,125,5,110,56,72,65,191,271,67,277,87,355,89,76,68,71,17,374,377,370,74,346,275,371,276,367,55,73,152,357,109,75,335,59,196,343,194,63,195,220,33,215,70,347,166,64,173,170,401,143,34,354,144,151,149,353,222,407,150,406,227,163,405,228,233,192,190,221,226,225,82,235,234,352,85,366,83,84,176,303,232,53,86,350,365,189,177,345,364,302,362,363,167,219,14,81,175,11,10,32,13,174,180,31,80,349,181,348,12,188,218,217,216,361,183,179,481,79,301,182,427,16,430,487,428,429,15,0,455,445,450,19,448,1,453,260,484,464,446,442,485,432,439,479,456,438,451,431,449,447,467,470,28,436,452,458,462,465,473,422,461,20,488,433,476,257,437,477,471,256,474,468,459,454,517,457,509,423,444,259,258,482,480,486,483,506,187,508,359,21,185,184,24,22,186,23,25,360,26,528,498,30,29,27,425,324,322,489,388,323,325,510,526,527,391,390,499,503,525,490,515,321,504,389,505,507,426,434,500,435,497,523,529,533,524,424,516,501,101,512,514,103,511,513,102,519,502,327,329,330,518,521,520,494,326,522,328,331,2,495,535,493,532,496,492,534,536,531,491,530,
402,369,403,404,309,69,241,311,250,254,305,308,310,306,253,304,255,247,252,246,251,410,243,242,249,248,240,245,466,478,244,463,90,475,368,295,419,469,472,307,312,460,417,293,297,298,376,286,421,375,409,281,287,239,300,292,290,299,443,420,338,198,373,214,211,418,415,339,203,209,416,269,157,202,210,204,398,205,201,200,207,208,291,289,288,206,98,212,213,50,387,334,88,385,372,384,383,280,414,178,263,262,393,395,52,49,337,93,441,272,48,146,171,164,332,47,165,392,381,294,386,41,285,382,44,45,51,284,397,396,380,379,378,147,46,278,283,282,394,270,296,145,36,38,224,37,35,39,66,40,279,43,162,42,399,156,400,94,230,9,3,333,77,100,78,440,172,265,199,197,107,161,317,264,261,266,336,160,58,129,126,229,7,236,112,155,340,237,95,238,119,154,128,223,159,122,8,273,158,127,116,140,193,91,118,4,168,169,6,142,120,104,138,123,132,135,97,137,133,358,136,106,124,111,108,139,141,131,113,313,117,92,105,411,341,61,318,319,342,99,274,54,315,408,314,344,148,62,60,320,316,267,268,96,356,18,351,153,412,114,121,413,57,134,130,125,115,231,5,56,110,191,271,65,67,72,355,87,277,89,76,68,374,370,71,377,17,74,346,275,276,371,367,55,152,73,357,109,75,335,59,196,343,194,63,195,220,215,33,70,166,347,173,64,170,143,401,34,354,144,149,151,353,222,407,150,406,163,405,227,190,221,192,226,228,233,225,82,234,235,352,366,83,85,84,232,176,53,303,350,86,189,177,365,345,364,362,167,363,302,219,81,14,175,11,13,10,32,31,80,174,180,349,181,348,12,188,216,218,217,361,183,179,481,79,301,182,427,16,430,487,429,428,0,15,455,445,450,19,448,1,453,260,446,484,464,442,485,439,432,456,479,451,431,438,447,449,470,467,28,436,452,465,462,458,473,461,422,20,488,433,476,257,474,459,471,468,437,477,256,454,517,457,509,444,259,423,258,486,480,482,483,506,187,508,359,21,185,184,23,186,24,22,25,360,26,498,528,425,27,30,29,324,322,489,388,323,325,510,526,527,499,525,503,390,490,391,515,321,505,389,504,426,507,434,500,435,497,523,529,424,516,524,533,101,501,103,511,512,513,102,514,519,502,518,329,327,330,494,522,520,326,521,331,2,328,493,532,495,491,536,535,496,492,530,531,534,
402,369,403,404,309,69,241,311,250,254,305,310,308,306,253,304,255,247,252,246,251,410,243,242,248,249,240,245,466,478,244,463,90,475,368,295,419,469,472,307,312,460,417,293,298,297,376,286,421,375,409,281,287,239,300,292,290,299,443,420,338,198,373,214,211,418,415,339,203,209,269,416,157,202,210,398,204,205,201,200,208,207,291,289,288,98,206,212,213,50,387,334,88,385,372,384,280,383,414,178,262,263,393,395,52,49,337,93,272,441,146,48,171,164,332,47,165,392,381,294,285,44,386,41,45,382,397,51,284,380,396,378,379,147,278,46,283,282,394,270,296,145,36,38,224,37,35,39,40,66,279,43,162,42,399,156,400,94,9,230,3,333,77,78,100,440,172,265,199,197,161,107,317,264,261,266,336,129,58,160,126,229,7,112,155,236,340,237,238,95,128,119,154,223,159,8,122,273,158,127,116,140,193,91,118,168,4,169,6,142,135,104,138,132,120,123,358,133,136,137,97,106,124,139,111,108,131,113,141,92,117,313,341,318,105,411,61,319,342,99,54,274,315,408,314,344,60,148,62,320,267,356,316,268,96,153,18,351,121,412,57,114,413,134,125,130,115,231,5,56,110,191,67,72,271,65,277,355,87,89,68,76,17,71,374,370,377,275,346,74,371,276,367,55,152,73,357,109,75,335,59,196,194,343,63,195,220,215,33,70,166,347,173,64,170,143,34,401,354,144,151,149,222,353,406,150,407,163,405,227,221,226,228,190,192,233,225,82,234,235,352,83,84,366,85,176,303,232,53,350,86,365,189,177,345,364,302,167,363,362,219,81,175,14,11,32,10,13,174,180,31,80,181,349,348,12,188,216,218,217,361,183,179,481,79,301,182,427,16,430,487,428,429,0,15,455,445,450,19,448,1,260,453,464,446,484,485,442,432,439,479,456,451,438,431,447,449,470,467,28,452,436,465,462,458,473,422,461,20,476,488,433,257,459,256,477,471,437,474,468,454,517,457,509,259,423,444,258,482,480,486,483,506,187,508,359,21,185,24,23,186,184,22,25,360,26,528,498,27,425,30,29,324,322,489,325,388,323,510,526,527,391,390,525,490,503,499,515,321,504,505,389,426,507,500,434,435,523,497,524,516,533,529,424,101,501,511,103,102,514,512,513,519,502,518,327,329,330,494,522,520,326,521,331,328,2,495,532,491,534,496,493,535,492,536,531,530,
402,369,403,404,309,69,241,311,250,254,305,308,310,306,253,304,255,247,252,246,251,410,243,242,248,249,240,245,466,478,244,463,368,90,475,295,419,469,472,307,312,460,417,293,297,298,376,286,421,375,409,281,287,239,300,292,290,299,443,420,338,198,373,214,211,415,418,339,209,203,269,416,157,210,202,204,398,205,201,200,207,208,291,289,288,98,206,212,213,50,387,334,88,385,372,384,383,280,414,178,263,262,393,395,52,49,337,93,272,441,48,146,171,164,332,47,381,165,392,294,382,285,44,386,41,45,397,51,284,378,380,396,379,147,46,278,283,282,270,394,296,145,36,38,224,37,35,39,279,66,40,43,162,42,399,400,156,94,9,230,3,333,77,100,78,440,172,265,199,197,161,107,317,261,264,266,336,129,160,58,126,229,7,236,112,155,340,95,238,237,154,119,128,223,159,158,122,8,273,127,116,140,193,91,118,4,168,169,6,142,120,138,104,132,123,135,97,358,133,137,136,124,106,111,139,108,113,141,131,117,313,92,341,411,318,61,105,319,99,54,342,274,315,408,344,314,148,60,62,320,267,356,316,96,268,18,153,351,413,114,134,57,121,412,125,130,231,115,110,56,5,271,65,67,191,72,355,87,277,89,68,76,377,370,17,374,71,275,74,346,371,276,367,55,73,152,357,109,335,75,59,196,194,343,63,195,220,33,70,215,166,347,64,173,170,143,34,401,354,144,149,151,222,353,407,150,406,405,227,163,221,190,192,228,233,226,225,82,235,234,352,366,84,83,85,176,53,232,303,86,350,177,365,189,364,345,219,362,302,167,363,175,81,14,11,10,32,13,180,80,31,174,181,349,348,12,218,217,216,188,361,183,179,481,79,301,182,427,16,430,487,428,429,15,0,455,445,450,19,448,1,260,453,464,446,484,485,442,432,439,479,456,451,431,438,447,449,467,470,28,436,452,462,465,458,473,422,461,20,433,488,476,257,459,437,474,477,471,256,468,454,517,457,509,423,444,259,258,486,482,480,483,506,187,508,359,21,185,23,22,186,24,184,25,360,26,498,528,425,30,27,29,489,322,324,325,323,388,526,510,527,499,391,503,525,390,490,515,321,389,504,505,507,426,500,434,435,497,523,516,424,529,533,524,101,501,513,512,102,103,514,511,519,502,327,330,518,329,326,494,520,522,521,328,2,331,531,492,495,491,534,532,496,536,493,530,535,
402,369,403,404,309,69,241,311,250,254,305,308,310,306,253,304,255,247,252,246,251,410,243,242,248,249,240,245,466,478,244,463,90,475,368,295,419,469,472,307,312,460,417,293,297,298,376,286,421,375,409,281,287,239,300,292,290,299,443,420,338,198,373,214,211,418,415,339,203,209,416,269,157,210,202,204,398,205,201,200,207,208,291,289,288,206,98,212,213,387,50,334,88,385,372,384,280,383,414,178,263,262,393,395,52,49,337,93,272,441,146,48,171,164,332,47,165,392,381,294,285,41,45,382,44,386,51,397,284,396,378,380,379,147,278,46,283,282,394,270,296,145,36,38,224,35,37,39,40,66,279,43,162,42,399,156,400,94,9,230,3,333,77,78,100,440,172,265,199,197,107,161,317,264,261,266,336,58,160,129,126,229,7,112,155,236,340,238,95,237,119,128,154,223,159,8,122,273,158,127,140,193,116,91,118,168,4,169,6,142,138,120,123,104,135,132,133,97,358,137,136,106,124,139,111,108,113,131,141,117,313,92,61,105,318,411,341,319,54,274,342,99,408,315,314,344,60,62,148,320,356,316,96,268,267,18,153,351,134,57,121,412,413,114,130,125,115,231,5,110,56,191,65,271,67,72,277,355,87,89,68,76,17,377,370,71,374,275,346,74,371,276,55,367,73,152,357,109,75,335,59,196,343,194,63,195,220,33,70,215,347,166,173,64,170,34,401,143,354,144,151,149,222,353,407,150,406,227,405,163,228,233,190,221,192,226,225,82,235,234,352,366,84,85,83,232,53,303,176,350,86,189,365,177,345,364,219,302,167,362,363,81,14,175,11,10,13,32,31,174,80,180,181,349,12,348,216,188,218,217,361,183,179,481,301,79,182,427,16,430,487,428,429,0,15,455,445,19,450,448,1,260,453,464,484,446,442,485,432,439,456,479,451,438,431,449,447,467,470,28,452,436,462,458,465,473,461,422,20,476,433,488,257,471,477,474,468,256,459,437,454,517,457,509,444,423,259,258,482,480,486,483,506,187,508,359,21,185,22,186,184,24,23,25,360,26,528,498,27,29,30,425,324,489,322,323,388,325,526,510,527,390,503,499,525,391,490,515,321,505,389,504,507,426,434,500,435,497,523,529,533,524,516,424,101,501,103,102,512,513,511,514,519,502,518,329,330,327,520,494,521,326,522,328,331,2,491,534,536,495,530,535,492,493,531,532,496,
402,369,403,404,309,69,241,311,250,254,305,310,308,306,253,304,255,247,252,246,251,410,243,242,248,249,240,245,466,478,244,463,368,475,90,295,419,469,472,307,312,460,417,293,297,298,376,286,421,409,375,281,287,239,300,292,290,299,443,420,338,198,373,214,211,415,418,339,203,209,269,416,157,210,202,398,204,205,201,200,208,207,291,289,288,98,206,212,213,50,387,334,88,385,372,384,383,280,414,178,262,263,393,395,52,49,337,93,272,441,48,146,171,164,332,47,165,381,392,294,45,44,285,386,382,41,397,51,284,378,379,396,380,147,46,278,283,282,270,394,296,145,36,38,224,37,35,39,40,279,66,43,162,42,399,400,156,94,9,230,3,333,77,100,78,440,172,265,199,197,161,107,317,264,261,266,336,160,129,58,126,229,7,236,112,155,340,95,238,237,154,128,119,223,159,122,273,8,158,127,116,140,193,91,118,4,168,169,6,142,138,104,123,132,120,135,358,137,136,97,133,124,106,108,111,139,113,141,131,92,117,313,61,105,318,341,411,319,99,274,54,342,315,408,344,314,62,148,60,320,356,268,96,316,267,18,153,351,412,121,114,57,413,134,125,130,115,231,5,110,56,67,271,72,191,65,87,277,355,89,76,68,71,374,370,17,377,275,346,74,371,276,55,367,152,73,357,109,335,75,59,196,343,194,195,63,220,33,215,70,347,166,64,173,170,34,143,401,354,144,149,151,353,222,407,150,406,227,163,405,190,192,228,233,226,221,225,82,234,235,352,84,85,83,366,303,53,176,232,350,86,189,177,365,345,364,363,362,219,167,302,81,14,175,11,10,13,32,31,180,174,80,349,181,348,12,188,216,217,218,361,183,481,179,79,301,182,427,16,430,487,429,428,0,15,455,445,450,19,1,448,453,260,464,484,446,442,485,432,439,456,479,451,438,431,447,449,467,470,28,452,436,458,462,465,473,461,422,20,433,488,476,257,471,474,468,437,459,477,256,454,517,457,509,423,259,444,258,480,482,486,483,506,187,508,359,21,185,24,184,22,23,186,25,360,26,498,528,29,425,27,30,324,489,322,388,323,325,510,526,527,490,503,499,390,391,525,515,321,389,505,504,426,507,500,434,435,523,497,516,529,524,424,533,101,501,102,103,511,512,514,513,519,502,327,330,329,518,326,522,494,521,520,2,328,331,492,535,536,491,532,496,530,495,534,493,531,
402,369,403,404,309,69,241,311,250,254,305,310,308,306,253,304,255,247,252,246,251,410,243,242,249,248,240,245,466,478,244,463,368,475,90,295,419,469,472,307,312,460,417,293,298,297,376,286,421,409,375,281,287,239,300,292,290,299,443,420,338,198,373,214,211,415,418,339,203,209,269,416,157,210,202,204,398,205,201,200,207,208,291,289,288,206,98,212,213,387,50,334,88,385,372,384,383,280,414,178,263,262,393,395,52,49,337,93,272,441,146,48,171,164,332,47,165,381,392,294,45,44,386,382,285,41,284,397,51,396,378,379,380,147,46,278,283,282,270,394,296,36,145,38,224,37,35,39,40,66,279,43,162,42,399,400,156,94,230,9,3,333,77,100,78,440,172,265,199,197,161,107,317,261,264,266,336,160,129,58,126,229,7,112,236,155,340,95,238,237,128,119,154,223,159,122,8,273,158,127,140,116,193,91,118,4,168,169,6,142,132,138,123,104,120,135,137,358,97,136,133,106,124,111,108,139,141,131,113,117,92,313,105,341,61,318,411,319,274,54,342,99,408,315,314,344,62,148,60,320,316,268,267,96,356,153,351,18,413,412,114,121,134,57,125,130,115,231,110,5,56,72,65,191,67,271,277,355,87,89,76,68,71,374,17,370,377,346,275,74,371,276,55,367,152,73,357,109,75,335,59,196,194,343,63,195,220,70,215,33,347,166,173,64,170,401,143,34,354,144,151,149,353,222,150,407,406,163,227,405,233,226,228,192,221,190,82,225,234,235,352,85,366,83,84,53,303,176,232,350,86,177,189,365,364,345,302,167,363,219,362,14,175,81,11,13,32,10,31,174,180,80,181,349,348,12,188,218,217,216,361,183,481,179,301,79,182,427,16,430,487,429,428,15,0,455,445,19,450,1,448,260,453,484,464,446,485,442,439,432,479,456,451,431,438,449,447,470,467,28,452,436,465,462,458,473,422,461,20,488,433,476,257,471,477,437,459,474,256,468,454,517,457,509,444,259,423,258,480,482,486,483,506,187,508,359,21,185,22,186,24,23,184,25,360,26,528,498,29,27,30,425,324,489,322,323,388,325,510,526,527,503,525,499,390,391,490,515,321,389,505,504,507,426,500,434,435,523,497,524,516,529,533,424,101,501,102,511,514,512,103,513,519,502,330,518,327,329,494,522,520,521,326,331,2,328,531,492,534,535,495,496,530,536,532,493,491,
402,369,403,404,309,69,241,311,250,254,305,310,308,306,253,304,255,247,252,246,251,410,243,242,249,248,240,245,466,478,244,463,475,90,368,295,419,469,472,307,312,460,417,293,297,298,376,286,421,409,375,281,287,239,300,292,290,299,443,420,338,198,373,214,211,418,415,339,203,209,269,416,157,210,202,398,204,205,201,200,208,207,291,289,288,206,98,212,213,387,50,334,88,385,372,384,280,383,414,178,262,263,393,395,52,49,337,93,441,272,146,48,171,164,332,47,381,165,392,294,44,45,386,41,382,285,284,51,397,379,380,396,378,147,278,46,283,282,394,270,296,145,36,38,224,37,35,39,40,279,66,43,162,42,399,156,400,94,9,230,3,333,77,78,100,440,172,265,199,197,107,161,317,264,261,266,336,129,58,160,126,229,7,155,236,112,340,95,237,238,128,119,154,223,159,273,8,158,122,127,140,193,116,91,118,4,168,6,169,142,132,138,135,120,104,123,133,137,358,136,97,124,106,139,108,111,113,131,141,117,313,92,318,105,411,341,61,319,54,99,274,342,315,408,344,314,62,148,60,320,96,316,356,268,267,18,153,351,57,121,134,114,413,412,115,231,125,130,56,5,110,271,65,72,191,67,355,87,277,89,76,68,374,17,377,370,71,346,275,74,276,371,367,55,73,152,357,109,75,335,59,196,343,194,63,195,220,33,215,70,166,347,173,64,170,143,34,401,354,144,149,151,222,353,406,407,150,227,163,405,192,233,190,221,228,226,82,225,234,235,352,85,83,84,366,176,303,232,53,86,350,177,365,189,364,345,362,302,219,167,363,14,175,81,11,32,13,10,31,174,180,80,349,181,12,348,218,216,188,217,361,183,481,179,79,301,182,427,16,430,487,429,428,0,15,455,445,19,450,448,1,260,453,446,464,484,485,442,432,439,479,456,431,438,451,449,447,470,467,28,436,452,465,458,462,473,461,422,20,476,433,488,257,471,468,474,256,477,459,437,454,517,457,509,423,444,259,258,486,482,480,483,506,187,508,359,21,185,186,23,184,22,24,25,360,26,498,528,30,425,29,27,489,324,322,323,325,388,510,526,527,390,499,525,503,490,391,515,321,504,389,505,507,426,500,434,435,523,497,533,524,516,424,529,501,101,102,513,103,512,514,511,519,502,330,327,518,329,521,520,326,522,494,2,331,328,531,530,532,536,534,535,491,495,496,492,493,
402,369,403,404,309,69,241,311,250,254,305,310,308,306,253,304,255,247,252,246,251,410,243,242,248,249,240,245,466,478,244,463,475,368,90,295,419,469,472,307,312,460,417,293,298,297,376,286,421,409,375,281,287,239,300,292,290,299,443,420,338,198,373,214,211,418,415,339,203,209,416,269,157,210,202,204,398,205,201,200,207,208,291,289,288,206,98,212,213,50,387,334,88,385,372,384,280,383,414,178,263,262,393,395,52,49,337,93,441,272,48,146,171,164,332,47,381,165,392,294,45,41,285,382,386,44,397,284,51,378,396,379,380,147,278,46,283,282,270,394,296,36,145,38,224,35,37,39,279,66,40,43,162,42,399,400,156,94,230,9,3,333,77,100,78,440,172,265,199,197,107,161,317,261,264,266,336,129,58,160,126,229,7,236,155,112,340,95,238,237,119,128,154,223,159,273,8,122,158,127,193,116,140,91,118,4,168,6,169,142,120,104,135,138,123,132,137,358,133,136,97,124,106,139,108,111,113,131,141,92,117,313,61,318,411,105,341,319,342,99,54,274,408,315,314,344,148,60,62,320,268,316,356,267,96,153,351,18,114,413,121,134,57,412,130,125,115,231,56,110,5,271,65,191,72,67,277,355,87,89,76,68,377,374,71,17,370,346,74,275,276,371,55,367,73,152,357,109,335,75,59,196,194,343,195,63,220,70,33,215,166,347,64,173,170,34,143,401,354,144,151,149,353,222,407,150,406,227,163,405,192,228,233,190,221,226,82,225,234,235,352,366,83,84,85,303,176,53,232,350,86,177,365,189,345,364,362,167,302,219,363,175,81,14,11,32,13,10,180,80,31,174,181,349,12,348,218,216,217,188,361,183,179,481,301,79,182,427,16,430,487,428,429,15,0,455,445,19,450,448,1,260,453,464,446,484,485,442,439,432,456,479,438,451,431,449,447,470,467,28,436,452,462,458,465,473,461,422,20,476,488,433,257,474,437,471,468,459,256,477,454,517,457,509,444,423,259,258,486,480,482,483,506,187,508,359,21,185,24,23,186,22,184,25,360,26,528,498,27,30,425,29,489,324,322,325,388,323,526,510,527,391,490,503,525,390,499,515,321,505,389,504,426,507,434,500,435,497,523,516,529,524,533,424,101,501,103,513,514,512,102,511,519,502,327,330,518,329,494,520,326,522,521,331,328,2,530,531,493,491,495,492,532,536,534,535,496,
402,369,403,404,309,69,241,311,250,254,305,310,308,306,253,304,255,247,252,246,251,410,243,242,248,249,240,245,466,478,244,463,368,90,475,295,419,469,472,307,312,460,417,293,298,297,376,286,421,375,409,281,287,239,300,292,290,299,443,420,338,198,373,214,211,415,418,339,209,203,416,269,157,202,210,398,204,205,201,200,208,207,291,289,288,206,98,212,213,50,387,334,88,385,372,384,383,280,414,178,263,262,393,395,52,49,337,93,441,272,48,146,171,164,332,47,392,165,381,294,45,44,41,382,285,386,284,397,51,396,379,378,380,147,46,278,283,282,270,394,296,145,36,38,224,37,35,39,279,40,66,43,162,42,399,400,156,94,230,9,3,333,77,78,100,440,172,265,199,197,107,161,317,264,261,266,336,160,129,58,126,229,7,155,112,236,340,237,95,238,119,154,128,223,159,122,8,273,158,127,193,116,140,91,118,4,168,169,6,142,120,104,138,135,132,123,136,97,137,358,133,124,106,139,108,111,131,141,113,313,117,92,318,341,61,411,105,319,342,99,54,274,315,408,314,344,148,62,60,320,316,96,356,267,268,18,153,351,114,121,57,412,413,134,125,115,130,231,5,56,110,65,271,72,191,67,277,87,355,89,68,76,71,17,377,374,370,346,275,74,276,371,55,367,73,152,357,109,75,335,59,196,194,343,63,195,220,70,215,33,347,166,64,173,170,143,34,401,354,144,149,151,222,353,150,406,407,227,405,163,221,233,228,226,190,192,82,225,235,234,352,84,366,85,83,53,176,232,303,86,350,365,177,189,364,345,362,363,219,167,302,175,14,81,11,10,32,13,180,174,80,31,349,181,348,12,216,217,188,218,361,183,481,179,79,301,182,427,16,430,487,429,428,0,15,455,445,450,19,448,1,260,453,464,446,484,485,442,432,439,479,456,438,451,431,447,449,470,467,28,436,452,458,462,465,473,422,461,20,488,433,476,257,471,477,256,459,437,468,474,454,517,457,509,423,259,444,258,486,480,482,483,506,187,508,359,21,185,24,23,22,186,184,25,360,26,528,498,29,425,27,30,324,322,489,388,325,323,526,510,527,525,391,499,503,390,490,515,321,389,504,505,507,426,434,500,435,523,497,424,516,533,524,529,101,501,512,102,514,103,511,513,519,502,518,329,330,327,522,494,326,520,521,331,328,2,495,491,534,531,535,530,532,536,496,492,493,
402,369,403,404,309,69,241,311,250,254,305,310,308,306,253,304,255,247,252,246,251,410,243,242,249,248,240,245,466,478,244,463,475,368,90,295,419,469,472,307,312,460,417,293,297,298,376,286,421,409,375,281,287,239,300,292,290,299,443,420,338,198,373,214,211,418,415,339,203,209,416,269,157,210,202,398,204,205,201,200,208,207,291,289,288,206,98,212,213,50,387,334,88,385,372,384,383,280,414,178,263,262,393,395,52,49,337,93,441,272,146,48,171,164,332,47,165,392,381,294,41,285,44,45,382,386,284,51,397,396,379,378,380,147,46,278,283,282,394,270,296,36,145,38,224,37,35,39,66,279,40,43,162,42,399,400,156,94,9,230,3,333,77,100,78,440,172,265,199,197,161,107,317,264,261,266,336,129,160,58,126,229,7,236,155,112,340,238,95,237,154,119,128,223,159,273,8,122,158,127,193,116,140,91,118,4,168,169,6,142,138,135,104,120,132,123,358,133,137,136,97,124,106,139,108,111,131,113,141,117,313,92,105,341,411,318,61,319,54,342,99,274,315,408,344,314,148,62,60,320,267,316,96,268,356,18,351,153,134,121,114,413,57,412,115,125,130,231,5,110,56,65,271,72,67,191,87,355,277,89,68,76,71,370,17,377,374,275,346,74,276,371,55,367,152,73,357,109,75,335,59,196,194,343,195,63,220,70,215,33,166,347,64,173,170,34,401,143,354,144,151,149,353,222,406,407,150,227,405,163,192,233,190,228,226,221,225,82,234,235,352,85,83,84,366,53,232,303,176,350,86,365,189,177,345,364,362,302,167,363,219,14,175,81,11,32,13,10,31,80,180,174,349,181,348,12,218,217,216,188,361,183,179,481,79,301,182,427,16,430,487,429,428,15,0,455,445,450,19,448,1,453,260,484,464,446,485,442,439,432,456,479,438,431,451,447,449,467,470,28,452,436,462,465,458,473,422,461,20,433,488,476,257,474,256,459,477,437,468,471,454,517,457,509,423,444,259,258,482,486,480,483,506,187,508,359,21,185,24,184,23,186,22,25,360,26,528,498,27,425,30,29,489,322,324,388,323,325,526,510,527,499,503,490,391,525,390,515,321,389,505,504,507,426,500,434,435,497,523,424,516,524,533,529,101,501,513,511,512,103,514,102,519,502,518,329,330,327,521,522,494,326,520,328,2,331,492,532,496,536,534,535,530,495,493,491,531,
402,369,403,404,309,69,241,311,250,254,305,308,310,306,253,304,255,247,252,246,251,410,243,242,249,248,240,245,466,478,244,463,90,475,368,295,419,469,472,307,312,460,417,293,298,297,376,286,421,409,375,281,287,239,300,292,290,299,443,420,338,198,373,214,211,418,415,339,203,209,269,416,157,210,202,398,204,205,201,200,207,208,291,289,288,206,98,212,213,387,50,334,88,385,372,384,280,383,414,178,262,263,393,395,52,49,337,93,272,441,146,48,171,164,332,47,381,392,165,294,41,382,386,285,44,45,284,51,397,378,396,379,380,147,278,46,283,282,394,270,296,36,145,38,224,37,35,39,66,40,279,43,162,42,399,400,156,94,9,230,3,333,77,78,100,440,172,265,199,197,161,107,317,261,264,266,336,129,160,58,126,229,7,236,112,155,340,238,95,237,154,119,128,223,159,158,8,122,273,127,116,193,140,91,118,168,4,6,169,142,135,123,120,132,138,104,133,136,358,137,97,106,124,108,111,139,131,113,141,117,92,313,341,61,411,318,105,319,99,274,54,342,315,408,344,314,148,60,62,320,356,267,96,316,268,18,351,153,121,412,413,134,114,57,125,115,231,130,5,110,56,65,67,271,191,72,87,355,277,89,68,76,370,71,377,17,374,275,74,346,371,276,367,55,73,152,357,109,335,75,59,196,194,343,63,195,220,215,70,33,347,166,173,64,170,401,143,34,354,144,151,149,222,353,407,150,406,405,227,163,190,221,233,226,192,228,82,225,234,235,352,84,85,366,83,53,176,303,232,350,86,365,177,189,364,345,363,302,219,167,362,14,81,175,11,10,32,13,174,31,180,80,349,181,348,12,218,188,216,217,361,183,179,481,79,301,182,427,16,430,487,428,429,0,15,455,445,450,19,448,1,260,453,484,446,464,442,485,439,432,479,456,431,438,451,449,447,470,467,28,436,452,458,465,462,473,461,422,20,488,433,476,257,468,459,471,477,256,437,474,454,517,457,509,259,444,423,258,486,480,482,483,506,187,508,359,21,185,24,186,184,22,23,25,360,26,498,528,30,29,425,27,324,322,489,323,325,388,510,526,527,503,525,499,391,390,490,515,321,505,504,389,426,507,500,434,435,523,497,533,516,529,524,424,501,101,512,511,102,513,103,514,519,502,330,329,518,327,522,521,520,326,494,331,2,328,491,495,492,531,534,530,532,536,493,496,535,
402,369,403,404,309,69,241,311,250,254,305,310,308,306,253,304,255,247,252,246,251,410,243,242,249,248,240,245,466,478,244,463,475,90,368,295,419,469,472,307,312,460,417,293,297,298,376,286,421,409,375,281,287,239,300,292,290,299,443,420,338,198,373,214,211,418,415,339,209,203,269,416,157,210,202,204,398,205,201,200,208,207,291,289,288,206,98,212,213,50,387,334,88,385,372,384,280,383,414,178,263,262,393,395,52,49,337,93,441,272,48,146,171,164,332,47,165,392,381,294,382,285,44,41,45,386,51,397,284,379,378,380,396,147,278,46,283,282,270,394,296,36,145,38,224,35,37,39,40,279,66,43,162,42,399,400,156,94,230,9,3,333,77,100,78,440,172,265,199,197,161,107,317,261,264,266,336,129,58,160,126,229,7,236,112,155,340,237,95,238,128,154,119,223,159,122,273,8,158,127,193,116,140,91,118,4,168,6,169,142,132,135,138,104,123,120,136,358,137,133,97,106,124,111,108,139,141,113,131,92,313,117,61,411,318,105,341,319,54,274,342,99,408,315,314,344,148,60,62,320,96,267,316,268,356,351,153,18,413,114,121,412,57,134,115,125,231,130,56,5,110,191,67,65,271,72,87,277,355,89,68,76,377,17,374,370,71,74,275,346,371,276,367,55,152,73,357,109,335,75,59,196,194,343,195,63,220,215,70,33,166,347,173,64,170,143,401,34,354,144,149,151,222,353,407,406,150,163,227,405,233,228,221,190,192,226,82,225,234,235,352,366,83,84,85,232,53,176,303,86,350,189,177,365,364,345,219,302,167,363,362,175,14,81,11,32,13,10,180,80,174,31,181,349,348,12,216,218,217,188,361,183,481,179,301,79,182,427,16,430,487,428,429,15,0,455,445,19,450,448,1,453,260,464,446,484,485,442,432,439,479,456,451,438,431,447,449,467,470,28,436,452,458,465,462,473,461,422,20,433,476,488,257,437,474,468,459,477,256,471,454,517,457,509,444,423,259,258,480,486,482,483,506,187,508,359,21,185,24,22,184,186,23,25,360,26,528,498,27,425,29,30,322,489,324,388,323,325,526,510,527,503,391,525,490,499,390,515,321,389,504,505,507,426,434,500,435,523,497,516,524,533,424,529,501,101,513,512,103,102,511,514,519,502,329,330,327,518,522,521,494,520,326,2,328,331,492,532,530,491,536,531,535,495,496,493,534,
402,369,403,404,309,69,241,311,250,254,305,310,308,306,253,304,255,247,252,246,251,410,243,242,249,248,240,245,466,478,244,463,368,90,475,295,419,469,472,307,312,460,417,293,298,297,376,286,421,409,375,281,287,239,300,292,290,299,443,420,338,198,373,214,211,418,415,339,209,203,269,416,157,210,202,204,398,205,201,200,207,208,291,289,288,206,98,212,213,50,387,334,88,385,372,384,280,383,414,178,263,262,393,395,52,49,337,93,441,272,48,146,171,164,332,47,392,165,381,294,285,41,44,45,382,386,51,397,284,378,396,379,380,147,278,46,283,282,394,270,296,36,145,38,224,37,35,39,66,40,279,43,162,42,399,156,400,94,230,9,3,333,77,100,78,440,172,265,199,197,107,161,317,264,261,266,336,129,58,160,126,229,7,112,236,155,340,237,95,238,154,119,128,223,159,8,273,122,158,127,140,193,116,91,118,4,168,6,169,142,135,138,104,123,120,132,97,358,137,136,133,106,124,111,108,139,113,131,141,313,117,92,105,411,318,61,341,319,99,342,54,274,408,315,344,314,148,60,62,320,268,316,96,356,267,18,351,153,121,413,134,114,412,57,231,115,130,125,110,5,56,67,271,72,65,191,87,355,277,89,68,76,17,370,71,377,374,275,346,74,371,276,55,367,152,73,357,109,335,75,59,196,343,194,63,195,220,33,215,70,166,347,173,64,170,34,401,143,354,144,149,151,222,353,406,407,150,163,405,227,228,190,226,221,233,192,225,82,235,234,352,83,84,366,85,53,303,176,232,350,86,189,365,177,345,364,363,362,302,219,167,175,14,81,11,13,32,10,180,80,31,174,181,349,348,12,217,216,188,218,361,183,179,481,79,301,182,427,16,430,487,429,428,15,0,455,445,19,450,1,448,260,453,484,446,464,485,442,432,439,479,456,431,451,438,449,447,470,467,28,436,452,462,465,458,473,422,461,20,433,476,488,257,459,477,437,474,468,471,256,454,517,457,509,444,259,423,258,486,480,482,483,506,187,508,359,21,185,186,184,24,22,23,25,360,26,528,498,30,425,29,27,489,322,324,325,388,323,526,510,527,503,490,391,499,525,390,515,321,504,389,505,507,426,434,500,435,497,523,524,516,424,529,533,101,501,514,102,103,511,512,513,519,502,330,327,518,329,522,494,521,326,520,331,2,328,496,534,532,531,530,492,491,493,495,536,535,
402,369,403,404,309,69,241,311,250,254,305,308,310,306,253,304,255,247,252,246,251,410,243,242,249,248,240,245,466,478,244,463,90,475,368,295,419,469,472,307,312,460,417,293,298,297,376,286,421,409,375,281,287,239,300,292,290,299,443,420,338,198,373,214,211,418,415,339,209,203,269,416,157,202,210,398,204,205,201,200,207,208,291,289,288,98,206,212,213,50,387,334,88,385,372,384,280,383,414,178,262,263,393,395,52,49,337,93,272,441,146,48,171,164,332,47,392,381,165,294,382,45,285,41,386,44,51,397,284,396,380,378,379,147,46,278,283,282,270,394,296,36,145,38,224,37,35,39,40,66,279,43,162,42,399,156,400,94,9,230,3,333,77,78,100,440,172,265,199,197,161,107,317,264,261,266,336,160,58,129,126,229,7,155,236,112,340,238,237,95,119,154,128,223,159,273,8,122,158,127,193,116,140,91,118,4,168,169,6,142,135,120,123,132,138,104,97,358,133,136,137,124,106,139,111,108,141,113,131,117,92,313,105,318,341,411,61,319,274,99,342,54,408,315,344,314,62,60,148,320,268,316,96,267,356,153,18,351,413,121,114,412,57,134,115,130,125,231,56,110,5,191,65,271,72,67,277,87,355,89,68,76,377,17,370,71,374,346,275,74,276,371,55,367,73,152,357,109,335,75,59,196,194,343,195,63,220,33,70,215,166,347,64,173,170,34,401,143,354,144,151,149,353,222,150,407,406,163,405,227,221,228,190,226,192,233,82,225,234,235,352,366,84,83,85,53,232,176,303,350,86,189,177,365,345,364,167,362,363,302,219,81,175,14,11,10,32,13,31,174,80,180,349,181,348,12,188,217,216,218,361,183,481,179,79,301,182,427,16,430,487,429,428,15,0,455,445,19,450,448,1,453,260,484,464,446,442,485,439,432,456,479,451,438,431,447,449,470,467,28,452,436,458,462,465,473,422,461,20,488,476,433,257,468,471,477,256,474,437,459,454,517,457,509,423,259,444,258,486,482,480,483,506,187,508,359,21,185,184,22,23,24,186,25,360,26,498,528,27,30,29,425,489,322,324,388,323,325,510,526,527,490,390,525,503,499,391,515,321,505,389,504,507,426,500,434,435,497,523,424,516,529,524,533,101,501,513,514,511,103,102,512,519,502,518,327,330,329,326,522,521,520,494,331,2,328,531,493,491,532,530,492,496,534,535,495,536,
402,369,403,404,309,69,241,311,250,254,305,308,310,306,253,304,255,247,252,246,251,410,243,242,249,248,240,245,466,478,244,463,475,90,368,295,419,469,472,307,312,460,417,293,297,298,376,286,421,375,409,281,287,239,300,292,290,299,443,420,338,198,373,214,211,415,418,339,209,203,269,416,157,202,210,398,204,205,201,200,207,208,291,289,288,98,206,212,213,387,50,334,88,385,372,384,280,383,414,178,262,263,393,395,52,49,337,93,441,272,146,48,171,164,332,47,381,165,392,294,285,45,44,386,382,41,397,51,284,396,378,380,379,147,278,46,283,282,270,394,296,36,145,38,224,37,35,39,279,40,66,43,162,42,399,400,156,94,230,9,3,333,77,100,78,440,172,265,199,197,161,107,317,261,264,266,336,160,58,129,126,229,7,112,236,155,340,95,238,237,154,128,119,223,159,158,273,122,8,127,140,116,193,91,118,4,168,169,6,142,138,120,104,132,123,135,133,358,136,137,97,124,106,139,111,108,113,131,141,92,117,313,61,341,318,411,105,319,342,274,99,54,315,408,344,314,62,148,60,320,267,96,316,268,356,351,18,153,114,412,121,134,413,57,125,231,130,115,5,56,110,72,67,271,191,65,355,87,277,89,68,76,71,377,370,374,17,74,275,346,276,371,55,367,73,152,357,109,335,75,59,196,343,194,195,63,220,215,70,33,166,347,64,173,170,143,401,34,354,144,149,151,222,353,150,407,406,163,405,227,190,233,192,221,226,228,225,82,235,234,352,85,83,366,84,232,53,176,303,86,350,177,189,365,364,345,167,362,219,302,363,14,175,81,11,13,32,10,31,180,80,174,181,349,348,12,218,188,217,216,361,183,481,179,301,79,182,427,16,430,487,429,428,15,0,455,445,450,19,1,448,260,453,484,464,446,485,442,432,439,456,479,431,438,451,449,447,470,467,28,436,452,465,458,462,473,461,422,20,488,433,476,257,459,256,468,437,474,471,477,454,517,457,509,423,444,259,258,480,482,486,483,506,187,508,359,21,185,24,184,23,22,186,25,360,26,528,498,425,29,30,27,489,324,322,325,388,323,510,526,527,499,490,525,503,390,391,515,321,505,504,389,507,426,500,434,435,523,497,516,524,529,424,533,101,501,512,103,511,514,102,513,519,502,518,329,330,327,522,326,494,520,521,328,331,2,532,493,531,495,536,530,535,491,496,534,492,
402,369,403,404,309,69,241,311,250,254,305,310,308,306,253,304,255,247,252,246,251,410,243,242,249,248,240,245,466,478,244,463,368,90,475,295,419,469,472,307,312,460,417,293,297,298,376,286,421,409,375,281,287,239,300,292,290,299,443,420,338,198,373,214,211,415,418,339,203,209,416,269,157,202,210,204,398,205,201,200,208,207,291,289,288,206,98,212,213,50,387,334,88,385,372,384,280,383,414,178,263,262,393,395,52,49,337,93,441,272,146,48,171,164,332,47,381,165,392,294,45,44,382,41,285,386,284,51,397,379,378,396,380,147,46,278,283,282,394,270,296,36,145,38,224,37,35,39,279,40,66,43,162,42,399,156,400,94,230,9,3,333,77,100,78,440,172,265,199,197,161,107,317,261,264,266,336,129,160,58,126,229,7,155,236,112,340,237,238,95,154,119,128,223,159,273,122,8,158,127,116,140,193,91,118,4,168,6,169,142,138,104,120,123,135,132,358,136,137,97,133,106,124,139,108,111,141,113,131,117,313,92,318,105,341,61,411,319,274,342,99,54,408,315,314,344,60,62,148,320,267,316,356,96,268,153,351,18,114,412,134,57,121,413,125,115,130,231,110,5,56,271,65,191,72,67,355,277,87,89,76,68,71,374,377,17,370,74,346,275,371,276,55,367,73,152,357,109,335,75,59,196,343,194,195,63,220,33,215,70,347,166,64,173,170,34,401,143,354,144,151,149,222,353,406,150,407,405,163,227,226,233,221,192,190,228,82,225,234,235,352,83,84,85,366,232,53,303,176,350,86,189,177,365,364,345,362,363,167,219,302,81,175,14,11,32,10,13,180,80,31,174,181,349,12,348,218,188,217,216,361,183,481,179,301,79,182,427,16,430,487,429,428,0,15,455,445,19,450,448,1,260,453,484,446,464,485,442,432,439,479,456,431,451,438,447,449,467,470,28,436,452,465,462,458,473,461,422,20,433,488,476,257,437,477,474,459,256,471,468,454,517,457,509,444,259,423,258,480,486,482,483,506,187,508,359,21,185,184,22,23,186,24,25,360,26,498,528,27,29,425,30,489,324,322,388,325,323,510,526,527,391,490,525,390,503,499,515,321,389,504,505,507,426,500,434,435,523,497,529,516,424,524,533,501,101,512,102,103,514,513,511,519,502,327,330,518,329,521,522,494,520,326,328,331,2,492,496,535,536,531,534,532,530,495,491,493,
402,369,403,404,309,69,241,311,250,254,305,310,308,306,253,304,255,247,252,246,251,410,243,242,248,249,240,245,466,478,244,463,368,90,475,295,419,469,472,307,312,460,417,293,298,297,376,286,421,409,375,281,287,239,300,292,290,299,443,420,338,198,373,214,211,415,418,339,203,209,416,269,157,210,202,204,398,205,201,200,207,208,291,289,288,206,98,212,213,50,387,334,88,385,372,384,280,383,414,178,263,262,393,395,52,49,337,93,272,441,48,146,171,164,332,47,381,392,165,294,45,44,382,41,285,386,51,284,397,380,396,379,378,147,278,46,283,282,270,394,296,36,145,38,224,35,37,39,40,279,66,43,162,42,399,156,400,94,9,230,3,333,77,78,100,440,172,265,199,197,107,161,317,264,261,266,336,160,58,129,126,229,7,112,236,155,340,238,237,95,128,119,154,223,159,273,158,8,122,127,193,116,140,91,118,4,168,6,169,142,138,132,135,104,120,123,136,97,358,137,133,124,106,111,139,108,131,113,141,92,117,313,61,105,341,318,411,319,99,54,274,342,315,408,314,344,148,60,62,320,356,96,268,267,316,153,18,351,412,57,134,121,413,114,115,125,130,231,5,110,56,65,72,271,191,67,87,277,355,89,76,68,17,370,374,71,377,275,346,74,276,371,367,55,73,152,357,109,335,75,59,196,343,194,63,195,220,33,215,70,347,166,173,64,170,34,143,401,354,144,149,151,222,353,407,150,406,163,405,227,221,228,190,192,226,233,82,225,235,234,352,85,84,83,366,303,53,232,176,350,86,177,189,365,364,345,363,302,167,219,362,175,81,14,11,13,32,10,180,80,174,31,349,181,12,348,216,188,217,218,361,183,481,179,301,79,182,427,16,430,487,428,429,0,15,455,445,450,19,448,1,453,260,464,484,446,485,442,432,439,479,456,438,451,431,447,449,470,467,28,452,436,458,462,465,473,461,422,20,476,488,433,257,477,256,471,468,459,437,474,454,517,457,509,423,259,444,258,486,482,480,483,506,187,508,359,21,185,186,24,23,22,184,25,360,26,528,498,425,30,27,29,324,489,322,388,325,323,526,510,527,490,503,525,390,499,391,515,321,504,389,505,426,507,434,500,435,523,497,524,533,424,529,516,501,101,511,514,513,512,103,102,519,502,518,329,330,327,494,520,521,522,326,328,331,2,534,491,492,531,495,493,536,496,535,530,532,
402,369,403,404,309,69,241,311,250,254,305,310,308,306,253,304,255,247,252,246,251,410,243,242,249,248,240,245,466,478,244,463,368,475,90,295,419,469,472,307,312,460,417,293,297,298,376,286,421,375,409,281,287,239,300,292,290,299,443,420,338,198,373,214,211,415,418,339,203,209,269,416,157,202,210,204,398,205,201,200,208,207,291,289,288,98,206,212,213,387,50,334,88,385,372,384,383,280,414,178,263,262,393,395,52,49,337,93,441,272,146,48,171,164,332,47,392,165,381,294,45,41,382,44,285,386,51,397,284,379,380,378,396,147,278,46,283,282,270,394,296,36,145,38,224,35,37,39,40,279,66,43,162,42,399,156,400,94,230,9,3,333,77,100,78,440,172,265,199,197,161,107,317,261,264,266,336,160,129,58,126,229,7,236,155,112,340,237,95,238,154,128,119,223,159,158,8,273,122,127,140,116,193,91,118,4,168,6,169,142,120,138,135,123,104,132,133,97,136,137,358,106,124,139,111,108,113,141,131,92,117,313,61,105,411,318,341,319,54,99,274,342,315,408,314,344,62,148,60,320,267,268,316,96,356,351,153,18,413,57,134,114,412,121,125,115,231,130,56,5,110,271,65,67,72,191,277,355,87,89,76,68,17,377,374,370,71,275,346,74,371,276,367,55,73,152,357,109,75,335,59,196,343,194,195,63,220,215,33,70,166,347,173,64,170,143,401,34,354,144,151,149,353,222,406,150,407,405,163,227,192,221,190,226,228,233,82,225,234,235,352,83,84,85,366,303,176,53,232,86,350,365,177,189,345,364,167,302,362,363,219,14,81,175,11,32,13,10,80,31,180,174,349,181,348,12,218,188,217,216,361,183,179,481,301,79,182,427,16,430,487,429,428,15,0,455,445,450,19,1,448,260,453,446,484,464,485,442,432,439,479,456,438,431,451,447,449,467,470,28,452,436,462,465,458,473,422,461,20,488,476,433,257,477,468,437,256,474,459,471,454,517,457,509,423,444,259,258,480,482,486,483,506,187,508,359,21,185,22,23,24,184,186,25,360,26,498,528,30,425,29,27,322,324,489,388,323,325,526,510,527,390,525,391,499,490,503,515,321,389,505,504,426,507,434,500,435,497,523,516,424,529,524,533,101,501,512,513,103,102,514,511,519,502,518,327,329,330,521,522,494,326,520,328,331,2,532,492,493,530,491,531,535,495,534,536,496,
402,369,403,404,309,69,241,311,250,254,305,310,308,306,253,304,255,247,252,246,251,410,243,242,249,248,240,245,466,478,244,463,368,90,475,295,419,469,472,307,312,460,417,293,297,298,376,286,421,409,375,281,287,239,300,292,290,299,443,420,338,198,373,214,211,418,415,339,209,203,269,416,157,210,202,204,398,205,201,200,207,208,291,289,288,206,98,212,213,387,50,334,88,385,372,384,383,280,414,178,263,262,393,395,52,49,337,93,441,272,146,48,171,164,332,47,392,165,381,294,386,285,41,44,382,45,397,284,51,380,378,379,396,147,278,46,283,282,394,270,296,145,36,38,224,35,37,39,66,279,40,43,162,42,399,400,156,94,230,9,3,333,77,100,78,440,172,265,199,197,161,107,317,261,264,266,336,160,129,58,126,229,7,236,112,155,340,237,95,238,154,128,119,223,159,122,158,8,273,127,193,116,140,91,118,4,168,169,6,142,104,120,138,132,123,135,358,136,97,133,137,106,124,139,108,111,131,141,113,313,92,117,341,105,411,318,61,319,54,99,274,342,408,315,344,314,60,62,148,320,267,316,268,96,356,18,153,351,134,57,413,121,412,114,130,231,115,125,110,56,5,72,67,191,65,271,355,87,277,89,68,76,17,374,370,71,377,275,346,74,276,371,367,55,152,73,357,109,75,335,59,196,343,194,195,63,220,215,70,33,166,347,173,64,170,401,143,34,354,144,151,149,353,222,406,407,150,227,163,405,221,226,190,233,192,228,225,82,234,235,352,84,366,83,85,303,53,176,232,350,86,177,365,189,345,364,362,363,302,219,167,14,175,81,11,10,13,32,80,180,31,174,181,349,12,348,188,218,217,216,361,183,179,481,301,79,182,427,16,430,487,429,428,0,15,455,445,450,19,448,1,260,453,464,446,484,485,442,432,439,479,456,438,451,431,447,449,470,467,28,452,436,458,462,465,473,461,422,20,476,433,488,257,437,471,459,468,256,477,474,454,517,457,509,423,259,444,258,486,480,482,483,506,187,508,359,21,185,24,23,22,184,186,25,360,26,498,528,425,29,30,27,489,324,322,388,323,325,526,510,527,503,490,499,525,390,391,515,321,504,505,389,426,507,500,434,435,497,523,533,516,524,529,424,501,101,103,513,511,514,102,512,519,502,330,329,327,518,326,522,521,520,494,331,328,2,534,536,492,530,495,531,493,491,496,535,532,
402,369,403,404,309,69,241,311,250,254,305,310,308,306,253,304,255,247,252,246,251,410,243,242,249,248,240,245,466,478,244,463,90,368,475,295,419,469,472,307,312,460,417,293,298,297,376,286,421,375,409,281,287,239,300,292,290,299,443,420,338,198,373,214,211,415,418,339,209,203,269,416,157,202,210,204,398,205,201,200,207,208,291,289,288,98,206,212,213,387,50,334,88,385,372,384,383,280,414,178,262,263,393,395,52,49,337,93,272,441,48,146,171,164,332,47,392,381,165,294,285,44,41,45,386,382,284,51,397,396,378,379,380,147,278,46,283,282,394,270,296,145,36,38,224,37,35,39,279,66,40,43,162,42,399,400,156,94,230,9,3,333,77,100,78,440,172,265,199,197,161,107,317,264,261,266,336,58,129,160,126,229,7,236,155,112,340,238,237,95,154,128,119,223,159,8,158,273,122,127,140,193,116,91,118,168,4,6,169,142,120,123,104,132,138,135,358,137,133,136,97,124,106,139,108,111,113,131,141,313,117,92,341,318,105,61,411,319,54,342,99,274,315,408,314,344,60,148,62,320,96,268,356,316,267,18,153,351,134,121,413,412,114,57,231,125,115,130,110,56,5,67,72,65,191,271,277,87,355,89,76,68,374,377,71,17,370,346,275,74,276,371,55,367,152,73,357,109,75,335,59,196,194,343,195,63,220,215,33,70,166,347,64,173,170,34,401,143,354,144,149,151,353,222,407,150,406,227,163,405,228,226,192,190,233,221,82,225,234,235,352,83,85,366,84,232,303,53,176,86,350,365,177,189,364,345,362,219,167,302,363,175,81,14,11,13,10,32,180,174,80,31,181,349,12,348,217,218,216,188,361,183,179,481,301,79,182,427,16,430,487,428,429,0,15,455,445,19,450,1,448,453,260,484,464,446,442,485,432,439,479,456,438,431,451,447,449,470,467,28,436,452,458,462,465,473,461,422,20,433,488,476,257,477,474,468,437,471,256,459,454,517,457,509,444,423,259,258,486,480,482,483,506,187,508,359,21,185,22,186,24,184,23,25,360,26,498,528,29,30,27,425,324,489,322,323,325,388,510,526,527,390,490,391,503,525,499,515,321,389,504,505,507,426,500,434,435,497,523,529,516,524,533,424,501,101,511,514,512,103,102,513,519,502,518,329,327,330,520,326,521,494,522,328,331,2,493,496,532,535,531,492,534,536,491,530,495,
402,369,403,404,309,69,241,311,250,254,305,310,308,306,253,304,255,247,252,246,251,410,243,242,248,249,240,245,466,478,244,463,368,475,90,295,419,469,472,307,312,460,417,293,298,297,376,286,421,409,375,281,287,239,300,292,290,299,443,420,338,198,373,214,211,418,415,339,203,209,416,269,157,210,202,398,204,205,201,200,207,208,291,289,288,98,206,212,213,50,387,334,88,385,372,384,383,280,414,178,263,262,393,395,52,49,337,93,272,441,146,48,171,164,332,47,165,381,392,294,382,44,45,41,386,285,51,397,284,396,378,379,380,147,278,46,283,282,394,270,296,145,36,38,224,35,37,39,66,279,40,43,162,42,399,156,400,94,9,230,3,333,77,78,100,440,172,265,199,197,161,107,317,261,264,266,336,160,129,58,126,229,7,236,112,155,340,95,237,238,119,128,154,223,159,273,122,8,158,127,116,193,140,91,118,4,168,169,6,142,138,123,135,104,132,120,137,136,97,358,133,106,124,108,111,139,113,131,141,92,313,117,61,105,411,341,318,319,54,99,274,342,315,408,344,314,60,62,148,320,356,268,267,316,96,153,351,18,413,57,412,114,134,121,231,115,130,125,56,110,5,191,271,67,65,72,87,355,277,89,76,68,374,377,370,71,17,346,74,275,276,371,55,367,152,73,357,109,75,335,59,196,343,194,63,195,220,215,33,70,347,166,173,64,170,34,401,143,354,144,149,151,353,222,150,407,406,405,163,227,192,190,221,226,233,228,225,82,235,234,352,366,84,85,83,232,176,53,303,350,86,365,189,177,364,345,167,302,362,219,363,175,14,81,11,13,10,32,31,174,180,80,349,181,12,348,217,218,216,188,361,183,481,179,79,301,182,427,16,430,487,428,429,0,15,455,445,19,450,448,1,453,260,464,484,446,485,442,432,439,456,479,451,431,438,449,447,467,470,28,452,436,462,458,465,473,422,461,20,488,433,476,257,459,474,477,471,468,437,256,454,517,457,509,444,259,423,258,480,482,486,483,506,187,508,359,21,185,24,22,186,23,184,25,360,26,528,498,27,30,425,29,324,322,489,388,323,325,526,510,527,503,490,499,390,525,391,515,321,505,504,389,426,507,500,434,435,523,497,424,533,516,524,529,501,101,103,511,512,102,514,513,519,502,518,327,329,330,326,520,521,494,522,2,328,331,493,492,530,495,536,535,491,496,531,532,534,
402,369,403,404,309,69,241,311,250,254,305,308,310,306,253,304,255,247,252,246,251,410,243,242,249,248,240,245,466,478,244,463,368,90,475,295,419,469,472,307,312,460,417,293,297,298,376,286,421,409,375,281,287,239,300,292,290,299,443,420,338,198,373,214,211,415,418,339,209,203,416,269,157,210,202,398,204,205,201,200,208,207,291,289,288,206,98,212,213,50,387,334,88,385,372,384,383,280,414,178,263,262,393,395,52,49,337,93,441,272,146,48,171,164,332,47,392,381,165,294,44,285,45,382,41,386,397,51,284,379,396,380,378,147,278,46,283,282,270,394,296,36,145,38,224,37,35,39,279,66,40,43,162,42,399,400,156,94,9,230,3,333,77,78,100,440,172,265,199,197,161,107,317,261,264,266,336,58,160,129,126,229,7,155,112,236,340,95,237,238,128,154,119,223,159,158,122,8,273,127,140,193,116,91,118,4,168,6,169,142,132,120,123,104,138,135,133,136,137,358,97,106,124,111,108,139,141,113,131,92,313,117,341,61,318,105,411,319,99,342,274,54,408,315,314,344,148,60,62,320,316,96,356,267,268,18,153,351,57,134,121,114,412,413,125,231,130,115,110,56,5,72,67,271,65,191,87,277,355,89,76,68,71,17,370,374,377,275,346,74,371,276,367,55,73,152,357,109,335,75,59,196,343,194,63,195,220,70,215,33,347,166,64,173,170,143,401,34,354,144,151,149,353,222,150,406,407,227,405,163,192,190,228,226,221,233,225,82,235,234,352,83,366,84,85,53,303,176,232,350,86,365,177,189,345,364,219,363,302,362,167,81,175,14,11,10,13,32,174,31,80,180,181,349,348,12,217,188,216,218,361,183,481,179,79,301,182,427,16,430,487,428,429,15,0,455,445,450,19,448,1,260,453,484,464,446,485,442,439,432,456,479,438,451,431,447,449,467,470,28,436,452,462,458,465,473,461,422,20,488,433,476,257,468,474,477,256,459,437,471,454,517,457,509,444,259,423,258,480,486,482,483,506,187,508,359,21,185,22,23,184,186,24,25,360,26,498,528,27,29,30,425,489,324,322,325,388,323,510,526,527,503,525,490,391,499,390,515,321,389,504,505,426,507,500,434,435,497,523,529,424,516,524,533,501,101,512,102,103,511,513,514,519,502,518,327,329,330,326,520,521,494,522,328,331,2,531,536,535,492,496,534,495,532,491,493,530,
402,369,403,404,309,69,241,311,250,254,305,308,310,306,253,304,255,247,252,246,251,410,243,242,249,248,240,245,466,478,244,463,475,368,90,295,419,469,472,307,312,460,417,293,297,298,376,286,421,375,409,281,287,239,300,292,290,299,443,420,338,198,373,214,211,418,415,339,203,209,416,269,157,210,202,204,398,205,201,200,208,207,291,289,288,206,98,212,213,387,50,334,88,385,372,384,383,280,414,178,263,262,393,395,52,49,337,93,441,272,48,146,171,164,332,47,381,392,165,294,45,285,44,382,386,41,397,51,284,396,379,378,380,147,278,46,283,282,394,270,296,145,36,38,224,35,37,39,279,66,40,43,162,42,399,156,400,94,9,230,3,333,77,78,100,440,172,265,199,197,107,161,317,261,264,266,336,129,58,160,126,229,7,155,236,112,340,238,237,95,154,128,119,223,159,158,122,8,273,127,140,116,193,91,118,168,4,169,6,142,123,132,120,135,104,138,358,97,137,133,136,124,106,111,139,108,131,113,141,117,92,313,411,318,105,61,341,319,342,274,54,99,408,315,314,344,60,148,62,320,267,268,316,356,96,18,153,351,413,114,121,134,57,412,115,130,231,125,5,56,110,72,67,271,191,65,277,87,355,89,76,68,17,377,374,370,71,74,346,275,371,276,367,55,73,152,357,109,335,75,59,196,343,194,63,195,220,70,33,215,166,347,173,64,170,34,143,401,354,144,151,149,222,353,407,406,150,405,227,163,228,226,221,190,233,192,225,82,235,234,352,83,85,84,366,53,176,303,232,350,86,189,177,365,345,364,362,302,219,363,167,175,14,81,11,32,13,10,174,31,80,180,181,349,12,348,216,188,218,217,361,183,179,481,79,301,182,427,16,430,487,428,429,15,0,455,445,450,19,1,448,453,260,484,446,464,442,485,439,432,456,479,438,451,431,447,449,470,467,28,452,436,465,462,458,473,422,461,20,476,433,488,257,468,471,437,474,256,459,477,454,517,457,509,423,444,259,258,486,482,480,483,506,187,508,359,21,185,186,23,24,184,22,25,360,26,528,498,425,29,30,27,324,322,489,323,388,325,510,526,527,490,390,503,391,525,499,515,321,505,504,389,507,426,500,434,435,523,497,533,529,424,524,516,501,101,513,511,514,103,102,512,519,502,329,327,330,518,494,520,326,522,521,331,2,328,493,496,495,535,534,492,530,532,531,491,536,
402,369,403,404,309,69,241,311,250,254,305,310,308,306,253,304,255,247,252,246,251,410,243,242,249,248,240,245,466,478,244,463,90,368,475,295,419,469,472,307,312,460,417,293,297,298,376,286,421,409,375,281,287,239,300,292,290,299,443,420,338,198,373,214,211,415,418,339,203,209,269,416,157,210,202,204,398,205,201,200,207,208,291,289,288,206,98,212,213,50,387,334,88,385,372,384,280,383,414,178,263,262,393,395,52,49,337,93,441,272,146,48,171,164,332,47,392,381,165,294,285,45,382,41,386,44,397,284,51,379,378,396,380,147,46,278,283,282,394,270,296,145,36,38,224,37,35,39,66,279,40,43,162,42,399,156,400,94,9,230,3,333,77,78,100,440,172,265,199,197,107,161,317,261,264,266,336,160,58,129,126,229,7,112,236,155,340,95,238,237,128,154,119,223,159,158,8,273,122,127,140,116,193,91,118,4,168,6,169,142,104,138,120,132,123,135,137,97,136,133,358,106,124,108,111,139,141,113,131,313,92,117,61,105,318,341,411,319,99,274,54,342,315,408,344,314,60,62,148,320,356,268,267,316,96,351,18,153,413,412,57,114,134,121,125,115,130,231,110,56,5,65,72,67,191,271,87,277,355,89,76,68,374,377,71,17,370,275,74,346,276,371,367,55,73,152,357,109,335,75,59,196,194,343,195,63,220,33,70,215,347,166,173,64,170,401,34,143,354,144,149,151,222,353,406,407,150,163,227,405,226,228,192,221,233,190,82,225,235,234,352,85,84,366,83,232,303,53,176,350,86,189,177,365,364,345,363,167,219,302,362,175,81,14,11,32,13,10,31,174,180,80,349,181,12,348,217,216,188,218,361,183,481,179,79,301,182,427,16,430,487,429,428,0,15,455,445,19,450,1,448,453,260,464,484,446,485,442,432,439,479,456,451,438,431,449,447,467,470,28,452,436,462,465,458,473,422,461,20,488,476,433,257,256,437,459,471,468,477,474,454,517,457,509,259,423,444,258,486,480,482,483,506,187,508,359,21,185,184,22,186,23,24,25,360,26,498,528,27,425,30,29,324,489,322,388,325,323,526,510,527,499,391,490,503,525,390,515,321,389,505,504,507,426,500,434,435,497,523,533,524,424,516,529,501,101,102,512,514,511,513,103,519,502,518,330,329,327,521,326,494,520,522,2,328,331,535,532,496,534,491,531,536,495,493,530,492,
402,369,403,404,309,69,241,311,250,254,305,308,310,306,253,304,255,247,252,246,251,410,243,242,249,248,240,245,466,478,244,463,368,90,475,295,419,469,472,307,312,460,417,293,297,298,376,286,421,409,375,281,287,239,300,292,290,299,443,420,338,198,373,214,211,415,418,339,209,203,416,269,157,210,202,204,398,205,201,200,207,208,291,289,288,98,206,212,213,387,50,334,88,385,372,384,383,280,414,178,263,262,393,395,52,49,337,93,441,272,146,48,171,164,332,47,381,165,392,294,41,285,386,44,45,382,51,284,397,379,380,378,396,147,278,46,283,282,394,270,296,145,36,38,224,35,37,39,66,279,40,43,162,42,399,156,400,94,230,9,3,333,77,100,78,440,172,265,199,197,107,161,317,264,261,266,336,129,58,160,126,229,7,155,236,112,340,238,237,95,128,119,154,223,159,158,8,273,122,127,140,116,193,91,118,168,4,6,169,142,135,123,104,132,120,138,97,358,136,137,133,106,124,108,139,111,113,141,131,92,313,117,341,318,61,105,411,319,99,274,342,54,315,408,314,344,148,60,62,320,316,96,356,267,268,153,18,351,121,134,57,412,114,413,130,115,125,231,5,56,110,271,72,191,67,65,87,277,355,89,76,68,71,377,370,17,374,74,275,346,276,371,367,55,73,152,357,109,335,75,59,196,194,343,63,195,220,70,33,215,166,347,64,173,170,143,34,401,354,144,149,151,222,353,406,407,150,227,163,405,190,226,233,228,221,192,225,82,234,235,352,366,85,83,84,176,53,232,303,350,86,365,177,189,345,364,219,362,302,363,167,175,81,14,11,13,10,32,174,80,31,180,181,349,348,12,218,217,216,188,361,183,481,179,301,79,182,427,16,430,487,429,428,15,0,455,445,19,450,1,448,453,260,484,446,464,442,485,439,432,479,456,451,431,438,447,449,467,470,28,436,452,465,462,458,473,422,461,20,433,488,476,257,474,437,468,477,459,256,471,454,517,457,509,423,259,444,258,480,486,482,483,506,187,508,359,21,185,22,186,184,24,23,25,360,26,528,498,27,29,30,425,489,324,322,325,388,323,526,510,527,503,391,499,490,525,390,515,321,505,504,389,426,507,500,434,435,497,523,524,533,529,424,516,501,101,511,513,103,514,102,512,519,502,327,329,518,330,520,494,522,326,521,2,331,328,495,493,532,531,492,534,536,496,491,535,530,
402,369,403,404,309,69,241,311,250,254,305,308,310,306,253,304,255,247,252,246,251,410,243,242,249,248,240,245,466,478,244,463,90,368,475,295,419,469,472,307,312,460,417,293,297,298,376,286,421,375,409,281,287,239,300,292,290,299,443,420,338,198,373,214,211,418,415,339,209,203,416,269,157,202,210,204,398,205,201,200,207,208,291,289,288,98,206,212,213,387,50,334,88,385,372,384,280,383,414,178,262,263,393,395,52,49,337,93,272,441,146,48,171,164,332,47,392,165,381,294,382,285,45,386,41,44,397,51,284,380,378,379,396,147,278,46,283,282,394,270,296,145,36,38,224,37,35,39,66,40,279,43,162,42,399,156,400,94,230,9,3,333,77,100,78,440,172,265,199,197,161,107,317,264,261,266,336,129,160,58,126,229,7,112,236,155,340,95,237,238,119,154,128,223,159,8,158,273,122,127,140,193,116,91,118,168,4,169,6,142,120,132,123,104,135,138,97,136,133,358,137,106,124,108,139,111,113,131,141,92,117,313,411,318,105,61,341,319,54,274,99,342,315,408,344,314,60,148,62,320,267,268,356,96,316,351,153,18,134,57,114,413,121,412,115,130,231,125,56,5,110,72,191,271,67,65,277,355,87,89,68,76,370,17,71,377,374,275,74,346,371,276,55,367,73,152,357,109,335,75,59,196,194,343,63,195,220,215,33,70,347,166,173,64,170,34,401,143,354,144,151,149,353,222,150,407,406,405,163,227,192,221,228,190,226,233,82,225,235,234,352,366,85,84,83,53,232,176,303,86,350,177,189,365,345,364,302,363,219,362,167,14,175,81,11,13,10,32,31,80,174,180,349,181,12,348,188,216,217,218,361,183,179,481,301,79,182,427,16,430,487,428,429,0,15,455,445,450,19,1,448,260,453,464,484,446,485,442,432,439,456,479,431,451,438,449,447,467,470,28,436,452,465,458,462,473,422,461,20,433,488,476,257,459,477,437,471,474,468,256,454,517,457,509,259,444,423,258,486,482,480,483,506,187,508,359,21,185,24,186,22,23,184,25,360,26,498,528,27,425,30,29,324,322,489,323,388,325,526,510,527,490,525,391,503,499,390,515,321,389,504,505,507,426,434,500,435,523,497,524,424,533,529,516,501,101,511,102,514,512,513,103,519,502,329,518,330,327,521,522,520,494,326,328,2,331,531,534,493,532,495,530,536,535,496,491,492,
402,369,403,404,309,69,241,311,250,254,305,308,310,306,253,304,255,247,252,246,251,410,243,242,248,249,240,245,466,478,244,463,368,475,90,295,419,469,472,307,312,460,417,293,297,298,376,286,421,409,375,281,287,239,300,292,290,299,443,420,338,198,373,214,211,415,418,339,203,209,416,269,157,202,210,204,398,205,201,200,208,207,291,289,288,206,98,212,213,387,50,334,88,385,372,384,280,383,414,178,263,262,393,395,52,49,337,93,272,441,146,48,171,164,332,47,381,392,165,294,382,285,386,44,45,41,284,51,397,379,378,396,380,147,46,278,283,282,394,270,296,36,145,38,224,35,37,39,279,40,66,43,162,42,399,156,400,94,230,9,3,333,77,100,78,440,172,265,199,197,107,161,317,264,261,266,336,160,129,58,126,229,7,112,155,236,340,237,95,238,128,119,154,223,159,8,158,273,122,127,193,140,116,91,118,168,4,169,6,142,123,132,135,120,138,104,136,358,97,137,133,124,106,108,139,111,131,113,141,92,117,313,341,411,61,318,105,319,274,342,99,54,315,408,344,314,60,62,148,320,267,316,268,356,96,351,18,153,412,57,121,413,114,134,231,125,130,115,110,5,56,67,72,271,65,191,277,87,355,89,68,76,370,374,377,71,17,74,346,275,276,371,367,55,73,152,357,109,335,75,59,196,194,343,195,63,220,70,33,215,166,347,64,173,170,143,401,34,354,144,151,149,353,222,406,150,407,405,227,163,190,192,226,221,228,233,225,82,234,235,352,83,84,366,85,53,176,303,232,86,350,189,177,365,364,345,302,362,167,363,219,14,81,175,11,10,32,13,31,174,80,180,349,181,348,12,216,218,188,217,361,183,481,179,301,79,182,427,16,430,487,428,429,0,15,455,445,450,19,1,448,453,260,484,464,446,442,485,439,432,456,479,431,438,451,449,447,470,467,28,436,452,462,465,458,473,422,461,20,433,476,488,257,256,437,459,474,468,471,477,454,517,457,509,444,259,423,258,480,486,482,483,506,187,508,359,21,185,184,186,22,24,23,25,360,26,528,498,27,425,30,29,324,322,489,325,388,323,526,510,527,499,490,390,503,391,525,515,321,505,389,504,507,426,434,500,435,497,523,533,516,524,529,424,501,101,513,512,103,514,511,102,519,502,330,518,327,329,521,494,522,326,520,331,2,328,493,532,531,534,491,492,535,536,530,496,495,
402,369,403,404,309,69,241,311,250,254,305,310,308,306,253,304,255,247,252,246,251,410,243,242,248,249,240,245,466,478,244,463,368,475,90,295,419,469,472,307,312,460,417,293,297,298,376,286,421,409,375,281,287,239,300,292,290,299,443,420,338,198,373,214,211,415,418,339,209,203,416,269,157,202,210,204,398,205,201,200,207,208,291,289,288,98,206,212,213,387,50,334,88,385,372,384,383,280,414,178,263,262,393,395,52,49,337,93,272,441,146,48,171,164,332,47,381,392,165,294,285,41,44,386,45,382,51,397,284,396,378,380,379,147,278,46,283,282,394,270,296,36,145,38,224,35,37,39,66,40,279,43,162,42,399,400,156,94,230,9,3,333,77,100,78,440,172,265,199,197,107,161,317,264,261,266,336,58,160,129,126,229,7,155,236,112,340,237,238,95,119,154,128,223,159,273,158,122,8,127,140,193,116,91,118,168,4,169,6,142,132,135,104,138,120,123,133,97,137,358,136,106,124,111,139,108,141,131,113,313,117,92,411,61,318,105,341,319,342,54,274,99,315,408,314,344,62,60,148,320,316,96,356,268,267,153,18,351,413,412,134,114,57,121,130,115,231,125,56,5,110,191,65,67,72,271,355,87,277,89,68,76,17,71,374,370,377,275,74,346,371,276,55,367,152,73,357,109,335,75,59,196,343,194,63,195,220,215,70,33,347,166,64,173,170,34,143,401,354,144,151,149,222,353,407,150,406,163,405,227,192,190,233,228,226,221,225,82,234,235,352,366,85,83,84,53,176,232,303,86,350,189,365,177,345,364,362,167,363,302,219,175,14,81,11,10,32,13,80,174,180,31,181,349,12,348,216,218,188,217,361,183,481,179,301,79,182,427,16,430,487,428,429,0,15,455,445,19,450,1,448,260,453,446,464,484,442,485,432,439,479,456,431,451,438,447,449,470,467,28,436,452,465,458,462,473,422,461,20,488,433,476,257,468,256,459,474,471,477,437,454,517,457,509,423,259,444,258,486,482,480,483,506,187,508,359,21,185,186,184,23,24,22,25,360,26,528,498,30,29,27,425,324,322,489,388,325,323,526,510,527,390,499,503,490,525,391,515,321,505,504,389,426,507,500,434,435,497,523,533,529,524,424,516,101,501,102,512,511,514,513,103,519,502,329,518,330,327,522,520,494,326,521,2,328,331,531,493,535,491,492,530,495,532,534,536,496,
402,369,403,404,309,69,241,311,250,254,305,308,310,306,253,304,255,247,252,246,251,410,243,242,248,249,240,245,466,478,244,463,368,475,90,295,419,469,472,307,312,460,417,293,297,298,376,286,421,375,409,281,287,239,300,292,290,299,443,420,338,198,373,214,211,415,418,339,209,203,269,416,157,210,202,398,204,205,201,200,207,208,291,289,288,98,206,212,213,50,387,334,88,385,372,384,383,280,414,178,262,263,393,395,52,49,337,93,272,441,146,48,171,164,332,47,392,381,165,294,44,41,45,382,285,386,51,397,284,379,380,396,378,147,278,46,283,282,394,270,296,36,145,38,224,37,35,39,279,66,40,43,162,42,399,156,400,94,230,9,3,333,77,100,78,440,172,265,199,197,107,161,317,261,264,266,336,129,58,160,126,229,7,155,236,112,340,237,95,238,128,119,154,223,159,273,8,122,158,127,140,116,193,91,118,168,4,6,169,142,123,135,138,120,104,132,133,136,358,137,97,106,124,111,139,108,113,131,141,117,92,313,341,61,318,105,411,319,274,54,342,99,408,315,314,344,60,62,148,320,268,96,356,267,316,351,18,153,134,57,412,413,114,121,130,115,125,231,56,110,5,67,65,191,72,271,277,87,355,89,76,68,71,370,377,374,17,275,74,346,276,371,55,367,73,152,357,109,75,335,59,196,343,194,195,63,220,215,33,70,347,166,173,64,170,401,143,34,354,144,151,149,353,222,150,407,406,163,405,227,192,226,221,233,228,190,82,225,234,235,352,84,83,85,366,53,232,303,176,86,350,189,177,365,364,345,363,362,302,167,219,175,81,14,11,10,13,32,174,80,31,180,181,349,348,12,216,188,217,218,361,183,481,179,79,301,182,427,16,430,487,429,428,0,15,455,445,19,450,448,1,453,260,484,464,446,442,485,439,432,479,456,431,438,451,449,447,470,467,28,452,436,465,458,462,473,422,461,20,488,476,433,257,471,459,256,474,437,468,477,454,517,457,509,444,259,423,258,482,486,480,483,506,187,508,359,21,185,184,23,186,22,24,25,360,26,528,498,425,30,27,29,489,322,324,388,325,323,510,526,527,391,499,525,490,390,503,515,321,504,389,505,426,507,434,500,435,497,523,524,529,424,516,533,101,501,513,511,102,514,512,103,519,502,330,518,329,327,520,326,521,494,522,2,331,328,530,534,492,532,531,495,496,536,493,535,491,
402,369,403,404,309,69,241,311,250,254,305,310,308,306,253,304,255,247,252,246,251,410,243,242,248,249,240,245,466,478,244,463,475,90,368,295,419,469,472,307,312,460,417,293,298,297,376,286,421,375,409,281,287,239,300,292,290,299,443,420,338,198,373,214,211,415,418,339,203,209,269,416,157,202,210,398,204,205,201,200,207,208,291,289,288,206,98,212,213,50,387,334,88,385,372,384,383,280,414,178,263,262,393,395,52,49,337,93,441,272,48,146,171,164,332,47,165,392,381,294,386,45,285,44,41,382,397,51,284,378,380,379,396,147,46,278,283,282,394,270,296,145,36,38,224,37,35,39,40,279,66,43,162,42,399,400,156,94,230,9,3,333,77,100,78,440,172,265,199,197,107,161,317,261,264,266,336,58,160,129,126,229,7,155,112,236,340,238,95,237,119,154,128,223,159,8,158,122,273,127,140,116,193,91,118,4,168,169,6,142,120,132,123,138,104,135,137,358,136,97,133,106,124,111,108,139,141,131,113,117,92,313,411,105,61,341,318,319,99,54,342,274,315,408,344,314,60,148,62,320,356,96,268,267,316,153,351,18,412,57,413,121,134,114,130,115,125,231,110,5,56,72,271,65,67,191,87,277,355,89,76,68,377,370,374,71,17,74,275,346,371,276,55,367,152,73,357,109,335,75,59,196,194,343,63,195,220,215,33,70,347,166,64,173,170,401,34,143,354,144,151,149,353,222,150,406,407,227,405,163,190,233,226,228,221,192,225,82,234,235,352,83,84,366,85,303,53,176,232,86,350,189,177,365,364,345,167,302,363,219,362,14,81,175,11,10,13,32,31,80,174,180,349,181,348,12,218,216,188,217,361,183,481,179,301,79,182,427,16,430,487,428,429,0,15,455,445,450,19,448,1,260,453,464,484,446,485,442,432,439,456,479,451,438,431,449,447,470,467,28,452,436,462,465,458,473,461,422,20,476,488,433,257,477,471,474,437,459,256,468,454,517,457,509,259,444,423,258,482,486,480,483,506,187,508,359,21,185,186,23,184,22,24,25,360,26,528,498,29,30,27,425,489,324,322,325,323,388,510,526,527,391,499,490,503,390,525,515,321,504,389,505,507,426,434,500,435,497,523,529,424,533,516,524,101,501,512,514,103,511,102,513,519,502,329,327,330,518,521,520,326,522,494,2,331,328,534,530,491,531,532,493,495,496,536,492,535,
402,369,403,404,309,69,241,311,250,254,305,308,310,306,253,304,255,247,252,246,251,410,243,242,248,249,240,245,466,478,244,463,368,475,90,295,419,469,472,307,312,460,417,293,297,298,376,286,421,375,409,281,287,239,300,292,290,299,443,420,338,198,373,214,211,415,418,339,209,203,416,269,157,210,202,204,398,205,201,200,207,208,291,289,288,98,206,212,213,387,50,334,88,385,372,384,383,280,414,178,263,262,393,395,52,49,337,93,441,272,146,48,171,164,332,47,381,165,392,294,45,285,382,44,386,41,284,397,51,379,378,396,380,147,278,46,283,282,394,270,296,36,145,38,224,35,37,39,40,279,66,43,162,42,399,400,156,94,9,230,3,333,77,78,100,440,172,265,199,197,107,161,317,264,261,266,336,160,58,129,126,229,7,155,112,236,340,238,237,95,128,154,119,223,159,8,158,122,273,127,193,116,140,91,118,4,168,169,6,142,132,138,135,120,104,123,137,133,136,97,358,106,124,108,139,111,131,113,141,313,92,117,318,105,411,341,61,319,54,274,342,99,408,315,314,344,62,148,60,320,268,267,96,316,356,18,351,153,134,57,412,114,121,413,130,231,125,115,56,5,110,191,271,67,65,72,87,355,277,89,68,76,377,370,374,17,71,275,74,346,371,276,55,367,73,152,357,109,75,335,59,196,343,194,195,63,220,33,215,70,166,347,173,64,170,34,143,401,354,144,149,151,222,353,150,407,406,227,163,405,228,190,233,221,192,226,225,82,235,234,352,84,83,366,85,232,176,303,53,350,86,177,365,189,364,345,302,362,219,363,167,81,175,14,11,13,32,10,174,80,180,31,349,181,12,348,216,188,217,218,361,183,179,481,79,301,182,427,16,430,487,429,428,0,15,455,445,450,19,1,448,453,260,484,464,446,485,442,439,432,479,456,438,451,431,447,449,467,470,28,436,452,458,465,462,473,461,422,20,488,476,433,257,256,474,468,471,437,459,477,454,517,457,509,259,444,423,258,482,486,480,483,506,187,508,359,21,185,24,23,184,186,22,25,360,26,528,498,30,29,27,425,489,322,324,388,323,325,510,526,527,525,391,499,390,503,490,515,321,389,504,505,507,426,434,500,435,523,497,516,524,529,424,533,501,101,514,512,103,511,513,102,519,502,518,327,329,330,494,520,326,521,522,328,2,331,534,536,535,492,495,532,491,493,496,530,531,
402,369,403,404,309,69,241,311,250,254,305,308,310,306,253,304,255,247,252,246,251,410,243,242,248,249,240,245,466,478,244,463,475,368,90,295,419,469,472,307,312,460,417,293,297,298,376,286,421,375,409,281,287,239,300,292,290,299,443,420,338,198,373,214,211,415,418,339,203,209,269,416,157,210,202,398,204,205,201,200,207,208,291,289,288,98,206,212,213,387,50,334,88,385,372,384,383,280,414,178,262,263,393,395,52,49,337,93,441,272,146,48,171,164,332,47,165,392,381,294,44,45,41,285,386,382,397,51,284,379,396,378,380,147,46,278,283,282,394,270,296,145,36,38,224,37,35,39,279,40,66,43,162,42,399,156,400,94,9,230,3,333,77,78,100,440,172,265,199,197,161,107,317,261,264,266,336,160,58,129,126,229,7,236,155,112,340,238,237,95,128,119,154,223,159,158,8,122,273,127,116,140,193,91,118,4,168,169,6,142,123,132,135,104,138,120,137,133,97,358,136,124,106,139,111,108,141,113,131,117,313,92,411,318,61,341,105,319,54,342,274,99,408,315,314,344,148,62,60,320,268,316,267,356,96,153,18,351,412,121,413,114,134,57,231,125,115,130,5,110,56,65,67,72,191,271,87,277,355,89,76,68,377,17,71,374,370,275,346,74,276,371,367,55,73,152,357,109,75,335,59,196,343,194,195,63,220,70,215,33,166,347,64,173,170,401,34,143,354,144,151,149,353,222,407,406,150,405,227,163,233,190,221,192,226,228,82,225,234,235,352,83,84,366,85,232,53,176,303,350,86,365,177,189,345,364,219,362,167,302,363,81,175,14,11,13,32,10,180,174,80,31,181,349,348,12,188,217,216,218,361,183,481,179,79,301,182,427,16,430,487,428,429,0,15,455,445,450,19,448,1,453,260,484,464,446,485,442,432,439,456,479,431,438,451,449,447,467,470,28,452,436,465,458,462,473,422,461,20,488,433,476,257,477,471,474,468,437,256,459,454,517,457,509,259,444,423,258,486,482,480,483,506,187,508,359,21,185,24,23,184,22,186,25,360,26,528,498,27,425,29,30,489,322,324,325,388,323,526,510,527,390,391,490,525,503,499,515,321,505,389,504,507,426,434,500,435,523,497,533,516,424,529,524,501,101,102,513,103,512,511,514,519,502,518,329,330,327,326,494,520,521,522,2,331,328,495,536,493,534,535,496,531,530,491,532,492,
402,369,403,404,309,69,241,311,250,254,305,308,310,306,253,304,255,247,252,246,251,410,243,242,248,249,240,245,466,478,244,463,90,475,368,295,419,469,472,307,312,460,417,293,297,298,376,286,421,409,375,281,287,239,300,292,290,299,443,420,338,198,373,214,211,415,418,339,209,203,269,416,157,210,202,398,204,205,201,200,207,208,291,289,288,98,206,212,213,387,50,334,88,385,372,384,280,383,414,178,263,262,393,395,52,49,337,93,272,441,146,48,171,164,332,47,392,381,165,294,44,45,285,382,41,386,51,397,284,396,379,380,378,147,278,46,283,282,270,394,296,36,145,38,224,35,37,39,279,40,66,43,162,42,399,400,156,94,9,230,3,333,77,78,100,440,172,265,199,197,107,161,317,261,264,266,336,160,129,58,126,229,7,236,155,112,340,238,237,95,128,154,119,223,159,8,122,158,273,127,140,193,116,91,118,168,4,169,6,142,135,104,138,132,120,123,137,358,133,136,97,124,106,108,139,111,113,141,131,117,313,92,411,105,61,318,341,319,342,99,274,54,315,408,344,314,148,62,60,320,316,96,267,356,268,351,18,153,121,413,114,57,412,134,130,115,231,125,110,56,5,191,65,67,72,271,355,87,277,89,68,76,17,71,370,377,374,74,275,346,371,276,55,367,73,152,357,109,335,75,59,196,343,194,195,63,220,215,33,70,166,347,173,64,170,143,34,401,354,144,149,151,222,353,406,407,150,405,227,163,233,190,221,226,192,228,225,82,234,235,352,84,85,366,83,303,53,176,232,350,86,189,365,177,364,345,219,362,302,363,167,175,14,81,11,32,13,10,80,180,31,174,349,181,12,348,218,217,188,216,361,183,481,179,79,301,182,427,16,430,487,429,428,0,15,455,445,19,450,1,448,260,453,446,464,484,485,442,432,439,479,456,451,431,438,449,447,470,467,28,436,452,465,462,458,473,422,461,20,433,488,476,257,471,474,477,256,468,459,437,454,517,457,509,423,259,444,258,482,486,480,483,506,187,508,359,21,185,24,23,184,186,22,25,360,26,498,528,29,27,30,425,324,489,322,388,323,325,526,510,527,499,525,390,391,503,490,515,321,505,389,504,426,507,434,500,435,497,523,424,529,533,524,516,101,501,511,102,512,514,513,103,519,502,329,518,330,327,494,326,521,522,520,328,2,331,535,532,534,496,495,491,536,531,530,493,492,
402,369,403,404,309,69,241,311,250,254,305,310,308,306,253,304,255,247,252,246,251,410,243,242,248,249,240,245,466,478,244,463,90,475,368,295,419,469,472,307,312,460,417,293,297,298,376,286,421,409,375,281,287,239,300,292,290,299,443,420,338,198,373,214,211,415,418,339,203,209,269,416,157,202,210,398,204,205,201,200,207,208,291,289,288,206,98,212,213,387,50,334,88,385,372,384,280,383,414,178,263,262,393,395,52,49,337,93,272,441,48,146,171,164,332,47,381,165,392,294,45,285,41,382,44,386,284,51,397,380,379,396,378,147,278,46,283,282,394,270,296,145,36,38,224,37,35,39,40,66,279,43,162,42,399,400,156,94,9,230,3,333,77,78,100,440,172,265,199,197,107,161,317,261,264,266,336,58,129,160,126,229,7,112,155,236,340,238,237,95,128,119,154,223,159,122,8,158,273,127,116,140,193,91,118,4,168,169,6,142,138,120,104,123,135,132,133,136,358,137,97,106,124,111,108,139,113,131,141,92,117,313,61,318,341,105,411,319,342,99,54,274,315,408,344,314,62,60,148,320,268,356,96,316,267,351,18,153,412,413,57,134,121,114,130,125,231,115,56,110,5,191,72,65,67,271,87,355,277,89,68,76,370,17,374,71,377,275,346,74,276,371,367,55,73,152,357,109,75,335,59,196,343,194,63,195,220,33,215,70,166,347,64,173,170,34,401,143,354,144,149,151,353,222,406,150,407,405,163,227,228,190,226,233,221,192,225,82,234,235,352,84,366,83,85,176,232,53,303,86,350,365,189,177,364,345,167,302,363,219,362,81,14,175,11,32,10,13,174,180,31,80,349,181,12,348,216,217,188,218,361,183,481,179,301,79,182,427,16,430,487,428,429,0,15,455,445,19,450,448,1,260,453,464,446,484,442,485,432,439,456,479,451,431,438,447,449,467,470,28,452,436,465,458,462,473,461,422,20,433,476,488,257,477,256,468,474,459,471,437,454,517,457,509,423,259,444,258,482,486,480,483,506,187,508,359,21,185,24,186,23,184,22,25,360,26,498,528,27,30,425,29,489,322,324,323,325,388,526,510,527,499,503,391,390,525,490,515,321,505,389,504,507,426,500,434,435,497,523,524,533,516,529,424,501,101,102,511,512,103,513,514,519,502,329,518,327,330,522,521,494,520,326,328,331,2,496,493,495,531,491,532,536,535,530,492,534,
402,369,403,404,309,69,241,311,250,254,305,308,310,306,253,304,255,247,252,246,251,410,243,242,249,248,240,245,466,478,244,463,90,368,475,295,419,469,472,307,312,460,417,293,297,298,376,286,421,375,409,281,287,239,300,292,290,299,443,420,338,198,373,214,211,418,415,339,203,209,416,269,157,202,210,398,204,205,201,200,207,208,291,289,288,206,98,212,213,387,50,334,88,385,372,384,383,280,414,178,263,262,393,395,52,49,337,93,441,272,48,146,171,164,332,47,165,381,392,294,382,386,285,45,41,44,51,397,284,380,396,379,378,147,46,278,283,282,394,270,296,36,145,38,224,35,37,39,66,279,40,43,162,42,399,400,156,94,230,9,3,333,77,100,78,440,172,265,199,197,161,107,317,264,261,266,336,129,58,160,126,229,7,112,236,155,340,238,237,95,154,119,128,223,159,273,158,122,8,127,140,193,116,91,118,168,4,6,169,142,135,123,104,132,138,120,97,137,133,136,358,124,106,108,139,111,141,131,113,313,92,117,318,61,105,341,411,319,274,54,99,342,408,315,314,344,60,148,62,320,316,268,267,96,356,153,351,18,121,134,413,412,57,114,115,231,130,125,110,56,5,72,271,65,191,67,277,87,355,89,68,76,17,370,377,374,71,275,74,346,371,276,367,55,152,73,357,109,75,335,59,196,194,343,63,195,220,33,215,70,166,347,173,64,170,143,401,34,354,144,149,151,353,222,407,150,406,405,163,227,192,233,221,190,228,226,225,82,234,235,352,83,366,84,85,303,53,232,176,86,350,365,189,177,345,364,362,167,363,219,302,81,14,175,11,32,10,13,80,180,31,174,181,349,12,348,217,216,188,218,361,183,179,481,301,79,182,427,16,430,487,428,429,15,0,455,445,19,450,1,448,260,453,484,446,464,442,485,439,432,456,479,438,431,451,447,449,470,467,28,436,452,458,462,465,473,422,461,20,433,476,488,257,437,471,468,474,459,477,256,454,517,457,509,423,259,444,258,480,482,486,483,506,187,508,359,21,185,184,186,24,23,22,25,360,26,528,498,27,29,30,425,322,489,324,388,323,325,510,526,527,525,490,503,390,391,499,515,321,389,504,505,426,507,500,434,435,497,523,424,529,516,524,533,501,101,512,513,103,514,511,102,519,502,330,329,327,518,494,520,522,326,521,331,328,2,530,534,492,495,493,536,491,531,496,532,535,
402,369,403,404,309,69,241,311,250,254,305,310,308,306,253,304,255,247,252,246,251,410,243,242,249,248,240,245,466,478,244,463,368,90,475,295,419,469,472,307,312,460,417,293,298,297,376,286,421,375,409,281,287,239,300,292,290,299,443,420,338,198,373,214,211,415,418,339,203,209,416,269,157,202,210,398,204,205,201,200,207,208,291,289,288,98,206,212,213,50,387,334,88,385,372,384,280,383,414,178,263,262,393,395,52,49,337,93,441,272,146,48,171,164,332,47,165,381,392,294,41,45,386,44,382,285,284,51,397,396,380,378,379,147,46,278,283,282,394,270,296,36,145,38,224,35,37,39,279,40,66,43,162,42,399,400,156,94,9,230,3,333,77,78,100,440,172,265,199,197,107,161,317,261,264,266,336,160,58,129,126,229,7,112,236,155,340,238,95,237,119,128,154,223,159,122,158,8,273,127,116,193,140,91,118,4,168,169,6,142,104,123,135,120,132,138,137,358,136,97,133,106,124,139,108,111,141,131,113,117,92,313,105,61,318,341,411,319,54,99,342,274,315,408,314,344,60,148,62,320,268,356,316,267,96,153,18,351,57,114,412,121,413,134,125,115,231,130,110,5,56,65,271,191,67,72,355,87,277,89,76,68,17,370,377,374,71,346,275,74,276,371,55,367,152,73,357,109,335,75,59,196,194,343,63,195,220,70,215,33,166,347,64,173,170,34,401,143,354,144,149,151,222,353,150,406,407,405,227,163,190,226,228,221,233,192,82,225,234,235,352,84,83,366,85,232,176,303,53,350,86,365,189,177,345,364,167,302,219,362,363,175,14,81,11,10,13,32,31,180,174,80,349,181,12,348,218,216,217,188,361,183,179,481,301,79,182,427,16,430,487,429,428,0,15,455,445,19,450,448,1,260,453,484,464,446,485,442,432,439,479,456,431,438,451,447,449,467,470,28,452,436,465,458,462,473,461,422,20,488,476,433,257,468,474,471,256,477,437,459,454,517,457,509,423,259,444,258,482,486,480,483,506,187,508,359,21,185,24,186,22,23,184,25,360,26,498,528,29,30,27,425,324,322,489,323,388,325,510,526,527,391,503,499,525,390,490,515,321,505,504,389,507,426,500,434,435,523,497,424,533,529,524,516,101,501,513,102,511,103,512,514,519,502,518,330,327,329,521,494,522,520,326,2,331,328,496,535,530,493,534,531,491,495,536,492,532,
402,369,403,404,309,69,241,311,250,254,305,308,310,306,253,304,255,247,252,246,251,410,243,242,248,249,240,245,466,478,244,463,475,368,90,295,419,469,472,307,312,460,417,293,297,298,376,286,421,375,409,281,287,239,300,292,290,299,443,420,338,198,373,214,211,418,415,339,209,203,416,269,157,210,202,204,398,205,201,200,207,208,291,289,288,206,98,212,213,387,50,334,88,385,372,384,280,383,414,178,263,262,393,395,52,49,337,93,272,441,146,48,171,164,332,47,165,392,381,294,386,285,45,41,382,44,397,51,284,378,379,396,380,147,46,278,283,282,270,394,296,36,145,38,224,35,37,39,66,40,279,43,162,42,399,156,400,94,230,9,3,333,77,78,100,440,172,265,199,197,107,161,317,261,264,266,336,129,58,160,126,229,7,236,155,112,340,95,238,237,154,128,119,223,159,158,122,8,273,127,140,116,193,91,118,4,168,6,169,142,132,123,104,120,138,135,97,136,358,137,133,106,124,111,139,108,141,113,131,313,92,117,318,411,105,61,341,319,274,99,342,54,408,315,314,344,62,148,60,320,268,96,267,316,356,153,18,351,412,121,413,57,114,134,231,130,115,125,5,110,56,67,191,271,65,72,277,87,355,89,68,76,377,370,17,374,71,74,275,346,371,276,367,55,152,73,357,109,75,335,59,196,343,194,63,195,220,70,33,215,166,347,173,64,170,143,401,34,354,144,149,151,353,222,407,406,150,227,405,163,226,192,221,190,228,233,225,82,234,235,352,83,84,366,85,303,53,232,176,350,86,177,189,365,345,364,167,362,302,363,219,14,175,81,11,10,32,13,31,180,174,80,181,349,348,12,188,216,217,218,361,183,481,179,301,79,182,427,16,430,487,429,428,0,15,455,445,19,450,1,448,260,453,484,464,446,442,485,439,432,479,456,431,438,451,449,447,470,467,28,436,452,458,462,465,473,422,461,20,488,433,476,257,477,468,459,471,437,256,474,454,517,457,509,259,423,444,258,480,486,482,483,506,187,508,359,21,185,186,24,184,23,22,25,360,26,498,528,29,425,27,30,489,324,322,325,388,323,526,510,527,499,503,490,390,391,525,515,321,389,505,504,507,426,500,434,435,523,497,516,529,424,524,533,501,101,511,513,512,514,103,102,519,502,518,329,327,330,494,326,520,521,522,328,2,331,530,496,534,531,532,495,535,493,536,492,491,
402,369,403,404,309,69,241,311,250,254,305,310,308,306,253,304,255,247,252,246,251,410,243,242,249,248,240,245,466,478,244,463,475,368,90,295,419,469,472,307,312,460,417,293,298,297,376,286,421,409,375,281,287,239,300,292,290,299,443,420,338,198,373,214,211,418,415,339,209,203,416,269,157,202,210,204,398,205,201,200,208,207,291,289,288,206,98,212,213,387,50,334,88,385,372,384,383,280,414,178,263,262,393,395,52,49,337,93,272,441,48,146,171,164,332,47,392,381,165,294,285,41,382,45,44,386,284,397,51,378,380,379,396,147,46,278,283,282,270,394,296,145,36,38,224,35,37,39,40,279,66,43,162,42,399,400,156,94,230,9,3,333,77,100,78,440,172,265,199,197,161,107,317,261,264,266,336,160,129,58,126,229,7,155,112,236,340,237,95,238,119,128,154,223,159,122,273,158,8,127,116,193,140,91,118,168,4,169,6,142,138,132,123,135,120,104,136,97,137,133,358,124,106,139,111,108,141,131,113,117,92,313,61,411,318,105,341,319,54,274,99,342,408,315,314,344,60,148,62,320,356,268,267,316,96,153,18,351,121,114,412,134,413,57,125,231,130,115,56,110,5,65,271,191,72,67,87,277,355,89,76,68,71,377,17,370,374,275,74,346,371,276,55,367,152,73,357,109,75,335,59,196,343,194,195,63,220,215,70,33,166,347,64,173,170,401,34,143,354,144,149,151,222,353,406,150,407,163,405,227,228,190,233,226,221,192,225,82,234,235,352,84,85,366,83,53,176,303,232,86,350,365,177,189,345,364,167,219,363,362,302,175,14,81,11,32,13,10,80,174,31,180,349,181,348,12,188,217,218,216,361,183,179,481,79,301,182,427,16,430,487,428,429,0,15,455,445,450,19,1,448,453,260,446,484,464,442,485,439,432,479,456,431,438,451,447,449,470,467,28,436,452,465,462,458,473,461,422,20,488,476,433,257,477,437,474,459,468,471,256,454,517,457,509,423,259,444,258,480,482,486,483,506,187,508,359,21,185,186,24,23,184,22,25,360,26,528,498,29,30,27,425,489,324,322,388,323,325,510,526,527,490,390,525,499,503,391,515,321,389,505,504,507,426,434,500,435,497,523,516,529,533,524,424,101,501,511,513,512,102,103,514,519,502,327,518,329,330,520,326,522,494,521,2,331,328,492,531,530,491,535,532,493,495,534,536,496,
402,369,403,404,309,69,241,311,250,254,305,308,310,306,253,304,255,247,252,246,251,410,243,242,249,248,240,245,466,478,244,463,90,368,475,295,419,469,472,307,312,460,417,293,298,297,376,286,421,375,409,281,287,239,300,292,290,299,443,420,338,198,373,214,211,418,415,339,203,209,416,269,157,210,202,398,204,205,201,200,208,207,291,289,288,206,98,212,213,50,387,334,88,385,372,384,383,280,414,178,262,263,393,395,52,49,337,93,441,272,146,48,171,164,332,47,392,165,381,294,386,382,41,285,44,45,51,284,397,378,379,396,380,147,278,46,283,282,394,270,296,145,36,38,224,35,37,39,40,66,279,43,162,42,399,156,400,94,9,230,3,333,77,100,78,440,172,265,199,197,161,107,317,261,264,266,336,160,129,58,126,229,7,155,236,112,340,237,238,95,119,154,128,223,159,122,8,273,158,127,116,140,193,91,118,168,4,169,6,142,135,138,104,123,132,120,137,97,133,358,136,124,106,111,108,139,113,141,131,313,92,117,411,105,318,341,61,319,274,54,342,99,315,408,314,344,62,148,60,320,316,356,267,268,96,351,153,18,413,121,134,412,114,57,115,231,130,125,110,5,56,191,72,67,65,271,277,355,87,89,76,68,374,370,377,71,17,275,346,74,371,276,55,367,73,152,357,109,75,335,59,196,343,194,63,195,220,33,70,215,166,347,173,64,170,143,401,34,354,144,149,151,222,353,407,406,150,405,227,163,190,221,226,233,192,228,225,82,234,235,352,84,366,83,85,232,176,303,53,350,86,177,189,365,345,364,302,167,363,219,362,175,14,81,11,10,32,13,180,31,80,174,349,181,12,348,217,216,218,188,361,183,179,481,301,79,182,427,16,430,487,428,429,0,15,455,445,19,450,1,448,260,453,446,484,464,442,485,439,432,479,456,438,451,431,449,447,467,470,28,436,452,462,465,458,473,422,461,20,476,488,433,257,468,437,477,459,474,256,471,454,517,457,509,423,259,444,258,480,486,482,483,506,187,508,359,21,185,22,186,24,184,23,25,360,26,528,498,29,27,425,30,489,324,322,325,388,323,510,526,527,490,391,525,499,503,390,515,321,389,505,504,507,426,500,434,435,523,497,524,424,533,516,529,501,101,512,102,103,514,513,511,519,502,518,330,327,329,326,520,522,494,521,328,331,2,532,534,492,536,496,530,495,493,491,531,535,
402,369,403,404,309,69,241,311,250,254,305,308,310,306,253,304,255,247,252,246,251,410,243,242,249,248,240,245,466,478,244,463,475,90,368,295,419,469,472,307,312,460,417,293,298,297,376,286,421,375,409,281,287,239,300,292,290,299,443,420,338,198,373,214,211,415,418,339,203,209,269,416,157,202,210,398,204,205,201,200,207,208,291,289,288,206,98,212,213,50,387,334,88,385,372,384,280,383,414,178,263,262,393,395,52,49,337,93,441,272,48,146,171,164,332,47,392,165,381,294,45,44,41,382,285,386,284,51,397,378,380,379,396,147,46,278,283,282,270,394,296,36,145,38,224,37,35,39,66,40,279,43,162,42,399,156,400,94,230,9,3,333,77,100,78,440,172,265,199,197,161,107,317,264,261,266,336,129,160,58,126,229,7,236,112,155,340,95,238,237,128,119,154,223,159,158,273,8,122,127,116,140,193,91,118,168,4,169,6,142,138,123,132,104,120,135,358,137,97,136,133,124,106,111,108,139,113,141,131,92,117,313,105,341,411,61,318,319,274,54,99,342,408,315,344,314,62,60,148,320,356,267,316,268,96,18,351,153,114,134,413,412,121,57,130,231,125,115,110,56,5,72,271,65,67,191,87,355,277,89,76,68,377,374,370,17,71,275,346,74,276,371,55,367,152,73,357,109,335,75,59,196,194,343,195,63,220,33,215,70,166,347,173,64,170,34,401,143,354,144,151,149,353,222,406,150,407,405,163,227,192,228,221,226,190,233,82,225,235,234,352,366,83,85,84,53,303,232,176,350,86,177,365,189,364,345,362,363,167,302,219,14,81,175,11,13,10,32,174,180,31,80,349,181,348,12,216,218,188,217,361,183,179,481,301,79,182,427,16,430,487,428,429,15,0,455,445,19,450,448,1,260,453,484,464,446,442,485,439,432,456,479,451,438,431,447,449,470,467,28,452,436,458,465,462,473,422,461,20,488,476,433,257,468,471,477,256,474,459,437,454,517,457,509,259,444,423,258,482,486,480,483,506,187,508,359,21,185,184,186,23,24,22,25,360,26,528,498,29,30,27,425,324,489,322,388,325,323,510,526,527,490,499,391,390,503,525,515,321,505,389,504,507,426,500,434,435,497,523,533,424,529,516,524,501,101,512,511,102,513,514,103,519,502,330,518,329,327,326,522,521,520,494,328,2,331,492,495,491,536,534,493,535,532,496,530,531,
402,369,403,404,309,69,241,311,250,254,305,308,310,306,253,304,255,247,252,246,251,410,243,242,249,248,240,245,466,478,244,463,90,368,475,295,419,469,472,307,312,460,417,293,298,297,376,286,421,409,375,281,287,239,300,292,290,299,443,420,338,198,373,214,211,415,418,339,203,209,269,416,157,202,210,398,204,205,201,200,208,207,291,289,288,206,98,212,213,50,387,334,88,385,372,384,280,383,414,178,262,263,393,395,52,49,337,93,272,441,48,146,171,164,332,47,165,392,381,294,382,285,41,386,45,44,51,284,397,378,396,379,380,147,46,278,283,282,394,270,296,36,145,38,224,35,37,39,279,66,40,43,162,42,399,400,156,94,230,9,3,333,77,100,78,440,172,265,199,197,107,161,317,261,264,266,336,129,58,160,126,229,7,112,155,236,340,237,95,238,128,154,119,223,159,158,273,8,122,127,116,140,193,91,118,4,168,169,6,142,135,104,120,132,123,138,358,97,136,133,137,106,124,108,111,139,131,141,113,92,313,117,341,318,105,61,411,319,342,99,54,274,315,408,344,314,62,60,148,320,268,96,267,316,356,18,153,351,121,134,412,57,114,413,115,130,231,125,5,110,56,271,191,65,72,67,87,355,277,89,68,76,374,377,71,370,17,275,74,346,371,276,55,367,73,152,357,109,75,335,59,196,194,343,195,63,220,33,215,70,347,166,173,64,170,401,143,34,354,144,151,149,353,222,406,150,407,405,227,163,192,221,190,228,233,226,225,82,234,235,352,366,84,83,85,176,53,232,303,86,350,177,189,365,364,345,167,362,219,363,302,14,175,81,11,10,32,13,80,174,31,180,181,349,12,348,216,218,217,188,361,183,481,179,79,301,182,427,16,430,487,429,428,0,15,455,445,450,19,448,1,453,260,484,464,446,485,442,432,439,479,456,431,438,451,447,449,467,470,28,436,452,458,465,462,473,422,461,20,476,488,433,257,477,471,437,459,474,468,256,454,517,457,509,259,423,444,258,482,486,480,483,506,187,508,359,21,185,22,186,184,23,24,25,360,26,528,498,27,30,29,425,322,489,324,323,325,388,510,526,527,490,390,391,503,525,499,515,321,389,505,504,426,507,500,434,435,523,497,524,533,424,529,516,501,101,513,511,512,514,102,103,519,502,329,518,330,327,521,494,522,326,520,331,2,328,532,536,492,530,531,491,535,534,495,493,496,
402,369,403,404,309,69,241,311,250,254,305,310,308,306,253,304,255,247,252,246,251,410,243,242,248,249,240,245,466,478,244,463,368,90,475,295,419,469,472,307,312,460,417,293,297,298,376,286,421,375,409,281,287,239,300,292,290,299,443,420,338,198,373,214,211,418,415,339,209,203,416,269,157,210,202,398,204,205,201,200,208,207,291,289,288,206,98,212,213,50,387,334,88,385,372,384,280,383,414,178,262,263,393,395,52,49,337,93,441,272,48,146,171,164,332,47,392,165,381,294,382,285,45,41,44,386,51,284,397,378,380,379,396,147,46,278,283,282,270,394,296,145,36,38,224,35,37,39,279,66,40,43,162,42,399,156,400,94,9,230,3,333,77,100,78,440,172,265,199,197,161,107,317,264,261,266,336,58,160,129,126,229,7,112,236,155,340,238,95,237,128,119,154,223,159,8,273,158,122,127,193,140,116,91,118,4,168,169,6,142,135,132,104,120,123,138,136,133,97,137,358,124,106,139,108,111,131,141,113,117,313,92,411,61,105,318,341,319,99,274,342,54,408,315,314,344,60,148,62,320,316,267,356,268,96,153,18,351,121,114,412,134,413,57,130,115,125,231,5,56,110,191,72,67,271,65,277,87,355,89,76,68,377,17,71,370,374,74,346,275,371,276,367,55,73,152,357,109,335,75,59,196,343,194,195,63,220,33,215,70,166,347,173,64,170,143,34,401,354,144,151,149,222,353,150,407,406,227,405,163,190,233,226,221,192,228,82,225,235,234,352,85,84,83,366,303,232,53,176,86,350,177,365,189,345,364,167,363,302,219,362,14,81,175,11,10,32,13,80,174,180,31,181,349,12,348,217,218,216,188,361,183,179,481,79,301,182,427,16,430,487,428,429,0,15,455,445,450,19,448,1,453,260,464,446,484,485,442,432,439,456,479,451,438,431,447,449,467,470,28,436,452,465,462,458,473,422,461,20,488,476,433,257,474,477,459,256,468,471,437,454,517,457,509,444,259,423,258,480,482,486,483,506,187,508,359,21,185,186,24,184,22,23,25,360,26,528,498,30,425,29,27,322,324,489,325,323,388,510,526,527,391,525,503,499,490,390,515,321,505,504,389,507,426,500,434,435,523,497,524,424,529,533,516,101,501,514,513,102,103,511,512,519,502,327,329,330,518,522,520,521,326,494,2,328,331,493,495,536,531,532,491,535,530,492,496,534,
402,369,403,404,309,69,241,311,250,254,305,308,310,306,253,304,255,247,252,246,251,410,243,242,249,248,240,245,466,478,244,463,368,90,475,295,419,469,472,307,312,460,417,293,298,297,376,286,421,375,409,281,287,239,300,292,290,299,443,420,338,198,373,214,211,418,415,339,209,203,269,416,157,202,210,398,204,205,201,200,208,207,291,289,288,206,98,212,213,387,50,334,88,385,372,384,280,383,414,178,262,263,393,395,52,49,337,93,272,441,48,146,171,164,332,47,392,165,381,294,386,382,285,45,44,41,51,397,284,378,380,379,396,147,278,46,283,282,270,394,296,36,145,38,224,35,37,39,40,279,66,43,162,42,399,156,400,94,230,9,3,333,77,78,100,440,172,265,199,197,161,107,317,264,261,266,336,58,160,129,126,229,7,112,236,155,340,238,95,237,119,154,128,223,159,158,273,122,8,127,193,140,116,91,118,4,168,6,169,142,123,120,132,138,104,135,137,136,358,97,133,106,124,111,139,108,113,141,131,117,92,313,341,318,61,105,411,319,54,342,274,99,408,315,314,344,60,62,148,320,356,267,316,96,268,18,153,351,412,121,114,57,413,134,130,231,115,125,5,56,110,65,271,67,72,191,355,277,87,89,76,68,17,374,377,71,370,346,74,275,276,371,55,367,152,73,357,109,75,335,59,196,343,194,63,195,220,33,70,215,347,166,64,173,170,401,34,143,354,144,151,149,222,353,150,407,406,163,227,405,221,190,233,228,192,226,82,225,234,235,352,85,84,366,83,303,53,176,232,86,350,177,365,189,345,364,362,219,167,302,363,175,81,14,11,10,13,32,31,80,174,180,181,349,12,348,217,188,216,218,361,183,481,179,79,301,182,427,16,430,487,428,429,0,15,455,445,450,19,1,448,260,453,464,446,484,485,442,439,432,456,479,451,438,431,449,447,470,467,28,452,436,462,465,458,473,422,461,20,488,476,433,257,474,437,468,471,256,477,459,454,517,457,509,423,259,444,258,482,486,480,483,506,187,508,359,21,185,23,22,184,24,186,25,360,26,498,528,29,30,27,425,322,489,324,388,323,325,526,510,527,503,525,490,390,499,391,515,321,504,389,505,507,426,434,500,435,523,497,424,533,516,524,529,101,501,511,102,512,513,514,103,519,502,327,330,518,329,522,520,326,521,494,331,328,2,496,493,491,532,536,492,495,530,531,534,535,
402,369,403,404,309,69,241,311,250,254,305,310,308,306,253,304,255,247,252,246,251,410,243,242,248,249,240,245,466,478,244,463,368,90,475,295,419,469,472,307,312,460,417,293,297,298,376,286,421,375,409,281,287,239,300,292,290,299,443,420,338,198,373,214,211,418,415,339,209,203,416,269,157,210,202,204,398,205,201,200,208,207,291,289,288,206,98,212,213,50,387,334,88,385,372,384,383,280,414,178,263,262,393,395,52,49,337,93,441,272,48,146,171,164,332,47,381,392,165,294,44,41,386,285,382,45,284,397,51,378,396,380,379,147,46,278,283,282,270,394,296,145,36,38,224,37,35,39,66,40,279,43,162,42,399,400,156,94,9,230,3,333,77,100,78,440,172,265,199,197,161,107,317,264,261,266,336,160,129,58,126,229,7,155,236,112,340,95,237,238,128,119,154,223,159,273,8,158,122,127,193,116,140,91,118,168,4,169,6,142,138,132,104,123,120,135,97,133,137,358,136,124,106,139,108,111,131,113,141,117,92,313,105,318,411,61,341,319,54,99,342,274,315,408,344,314,60,62,148,320,356,96,316,267,268,153,351,18,121,413,134,57,114,412,130,125,231,115,56,5,110,191,65,72,67,271,277,355,87,89,76,68,71,17,374,370,377,74,346,275,371,276,55,367,73,152,357,109,335,75,59,196,343,194,63,195,220,215,33,70,166,347,173,64,170,143,34,401,354,144,151,149,353,222,406,407,150,405,163,227,233,228,226,192,190,221,225,82,234,235,352,85,83,84,366,303,53,232,176,350,86,177,365,189,364,345,363,167,362,302,219,175,14,81,11,10,13,32,31,180,80,174,181,349,12,348,218,217,188,216,361,183,179,481,79,301,182,427,16,430,487,429,428,0,15,455,445,19,450,448,1,453,260,446,484,464,442,485,432,439,456,479,438,451,431,449,447,467,470,28,452,436,465,462,458,473,461,422,20,488,476,433,257,477,468,471,474,256,437,459,454,517,457,509,444,259,423,258,480,486,482,483,506,187,508,359,21,185,22,184,24,23,186,25,360,26,528,498,29,425,27,30,489,324,322,325,388,323,526,510,527,390,503,499,490,391,525,515,321,505,389,504,507,426,434,500,435,497,523,424,533,529,524,516,101,501,511,512,514,103,513,102,519,502,327,330,329,518,494,326,521,520,522,2,331,328,536,492,496,532,531,535,495,530,491,493,534,
402,369,403,404,309,69,241,311,250,254,305,310,308,306,253,304,255,247,252,246,251,410,243,242,248,249,240,245,466,478,244,463,90,368,475,295,419,469,472,307,312,460,417,293,298,297,376,286,421,375,409,281,287,239,300,292,290,299,443,420,338,198,373,214,211,418,415,339,203,209,416,269,157,210,202,204,398,205,201,200,208,207,291,289,288,98,206,212,213,387,50,334,88,385,372,384,280,383,414,178,263,262,393,395,52,49,337,93,272,441,146,48,171,164,332,47,381,165,392,294,41,44,285,386,45,382,51,284,397,396,379,378,380,147,46,278,283,282,394,270,296,145,36,38,224,37,35,39,66,40,279,43,162,42,399,156,400,94,230,9,3,333,77,100,78,440,172,265,199,197,161,107,317,264,261,266,336,129,160,58,126,229,7,236,112,155,340,95,237,238,119,128,154,223,159,122,158,273,8,127,193,116,140,91,118,168,4,169,6,142,135,120,138,104,123,132,97,137,136,133,358,106,124,111,108,139,141,113,131,92,117,313,105,318,341,411,61,319,54,342,99,274,408,315,314,344,60,148,62,320,316,96,356,267,268,18,351,153,114,121,134,412,413,57,130,125,115,231,56,5,110,72,191,271,65,67,355,87,277,89,76,68,377,17,374,71,370,346,275,74,276,371,55,367,152,73,357,109,75,335,59,196,194,343,195,63,220,70,215,33,347,166,64,173,170,143,34,401,354,144,149,151,222,353,150,407,406,163,227,405,221,233,192,226,228,190,82,225,235,234,352,85,366,83,84,303,53,176,232,86,350,365,189,177,364,345,363,362,219,302,167,14,81,175,11,32,13,10,80,180,174,31,349,181,348,12,216,188,217,218,361,183,481,179,79,301,182,427,16,430,487,429,428,0,15,455,445,450,19,448,1,260,453,446,484,464,442,485,432,439,479,456,438,451,431,449,447,470,467,28,436,452,465,458,462,473,461,422,20,433,488,476,257,468,256,471,477,459,437,474,454,517,457,509,259,423,444,258,486,482,480,483,506,187,508,359,21,185,22,24,186,23,184,25,360,26,498,528,30,29,27,425,322,324,489,323,325,388,510,526,527,490,391,499,390,503,525,515,321,389,504,505,507,426,434,500,435,497,523,529,516,424,533,524,101,501,103,512,514,513,102,511,519,502,330,327,329,518,521,522,326,520,494,2,328,331,496,531,493,535,534,530,492,491,532,536,495,
402,369,403,404,309,69,241,311,250,254,305,308,310,306,253,304,255,247,252,246,251,410,243,242,248,249,240,245,466,478,244,463,475,368,90,295,419,469,472,307,312,460,417,293,297,298,376,286,421,375,409,281,287,239,300,292,290,299,443,420,338,198,373,214,211,415,418,339,203,209,416,269,157,202,210,398,204,205,201,200,208,207,291,289,288,98,206,212,213,50,387,334,88,385,372,384,280,383,414,178,262,263,393,395,52,49,337,93,272,441,146,48,171,164,332,47,381,165,392,294,41,382,285,45,44,386,51,397,284,380,378,396,379,147,46,278,283,282,394,270,296,36,145,38,224,35,37,39,279,40,66,43,162,42,399,400,156,94,9,230,3,333,77,78,100,440,172,265,199,197,161,107,317,264,261,266,336,58,129,160,126,229,7,155,112,236,340,95,237,238,154,119,128,223,159,158,273,8,122,127,116,193,140,91,118,168,4,169,6,142,123,120,138,135,104,132,358,97,133,136,137,124,106,108,111,139,141,131,113,117,92,313,341,61,411,105,318,319,99,274,54,342,315,408,344,314,62,148,60,320,267,96,356,268,316,18,351,153,412,121,114,57,413,134,115,130,231,125,56,5,110,67,65,191,271,72,355,277,87,89,76,68,17,71,374,377,370,346,74,275,276,371,367,55,152,73,357,109,75,335,59,196,194,343,63,195,220,33,70,215,347,166,173,64,170,401,34,143,354,144,149,151,353,222,406,407,150,227,405,163,192,228,226,221,233,190,225,82,235,234,352,83,84,85,366,53,303,176,232,86,350,365,189,177,364,345,302,167,219,362,363,81,14,175,11,10,32,13,174,80,31,180,349,181,12,348,218,217,188,216,361,183,481,179,79,301,182,427,16,430,487,429,428,15,0,455,445,450,19,448,1,453,260,464,446,484,485,442,432,439,456,479,431,438,451,447,449,467,470,28,436,452,465,458,462,473,422,461,20,488,476,433,257,459,477,474,256,468,471,437,454,517,457,509,423,444,259,258,482,486,480,483,506,187,508,359,21,185,186,22,23,24,184,25,360,26,498,528,29,425,30,27,322,324,489,323,388,325,526,510,527,525,391,390,499,490,503,515,321,389,505,504,426,507,500,434,435,523,497,516,524,529,424,533,501,101,103,514,102,511,513,512,519,502,518,330,329,327,494,326,521,520,522,331,2,328,491,495,536,496,531,530,534,493,535,492,532,
402,369,403,404,309,69,241,311,250,254,305,308,310,306,253,304,255,247,252,246,251,410,243,242,249,248,240,245,466,478,244,463,90,475,368,295,419,469,472,307,312,460,417,293,298,297,376,286,421,375,409,281,287,239,300,292,290,299,443,420,338,198,373,214,211,418,415,339,209,203,269,416,157,202,210,398,204,205,201,200,207,208,291,289,288,206,98,212,213,387,50,334,88,385,372,384,280,383,414,178,263,262,393,395,52,49,337,93,441,272,48,146,171,164,332,47,165,392,381,294,285,45,382,386,44,41,284,51,397,378,380,379,396,147,278,46,283,282,270,394,296,36,145,38,224,37,35,39,279,40,66,43,162,42,399,400,156,94,9,230,3,333,77,100,78,440,172,265,199,197,107,161,317,261,264,266,336,58,160,129,126,229,7,155,112,236,340,237,95,238,128,119,154,223,159,8,122,273,158,127,140,116,193,91,118,168,4,169,6,142,138,123,104,132,120,135,358,136,133,137,97,124,106,108,139,111,131,141,113,92,117,313,61,105,411,318,341,319,99,54,274,342,408,315,314,344,148,60,62,320,316,268,267,96,356,351,153,18,121,412,114,413,134,57,130,125,115,231,110,56,5,191,65,271,72,67,355,87,277,89,76,68,374,370,17,377,71,275,74,346,371,276,55,367,73,152,357,109,335,75,59,196,343,194,195,63,220,33,215,70,347,166,64,173,170,401,143,34,354,144,151,149,353,222,407,406,150,163,227,405,221,190,233,192,226,228,225,82,235,234,352,85,366,84,83,232,176,53,303,86,350,365,189,177,345,364,363,219,302,362,167,81,175,14,11,10,13,32,180,174,80,31,349,181,12,348,188,217,218,216,361,183,481,179,301,79,182,427,16,430,487,428,429,0,15,455,445,450,19,448,1,453,260,484,464,446,485,442,439,432,479,456,451,438,431,449,447,467,470,28,452,436,465,458,462,473,461,422,20,488,476,433,257,459,256,471,474,477,468,437,454,517,457,509,423,259,444,258,480,482,486,483,506,187,508,359,21,185,186,24,22,184,23,25,360,26,498,528,29,425,30,27,489,322,324,325,323,388,510,526,527,490,391,390,499,503,525,515,321,505,504,389,426,507,434,500,435,523,497,524,516,529,424,533,101,501,514,103,512,511,102,513,519,502,330,518,329,327,522,521,520,494,326,2,331,328,534,532,495,491,536,492,493,496,530,531,535,
402,369,403,404,309,69,241,311,250,254,305,308,310,306,253,304,255,247,252,246,251,410,243,242,248,249,240,245,466,478,244,463,475,90,368,295,419,469,472,307,312,460,417,293,297,298,376,286,421,375,409,281,287,239,300,292,290,299,443,420,338,198,373,214,211,418,415,339,203,209,416,269,157,202,210,398,204,205,201,200,207,208,291,289,288,206,98,212,213,387,50,334,88,385,372,384,280,383,414,178,262,263,393,395,52,49,337,93,441,272,48,146,171,164,332,47,381,392,165,294,45,44,386,285,41,382,51,397,284,379,378,380,396,147,278,46,283,282,394,270,296,36,145,38,224,35,37,39,40,279,66,43,162,42,399,400,156,94,230,9,3,333,77,78,100,440,172,265,199,197,161,107,317,261,264,266,336,58,129,160,126,229,7,155,236,112,340,238,237,95,119,154,128,223,159,158,273,122,8,127,193,140,116,91,118,4,168,6,169,142,135,120,104,132,138,123,137,136,133,358,97,106,124,108,139,111,131,141,113,117,92,313,341,105,411,318,61,319,342,274,54,99,408,315,314,344,60,62,148,320,267,316,356,268,96,351,18,153,121,114,413,134,57,412,115,231,125,130,110,56,5,271,72,65,191,67,355,87,277,89,76,68,374,377,17,370,71,275,346,74,371,276,55,367,73,152,357,109,75,335,59,196,194,343,195,63,220,33,70,215,347,166,173,64,170,34,401,143,354,144,149,151,222,353,407,406,150,163,405,227,233,226,190,192,228,221,82,225,235,234,352,366,85,84,83,303,53,176,232,350,86,189,365,177,364,345,167,363,362,302,219,14,175,81,11,13,10,32,80,31,174,180,181,349,348,12,217,218,188,216,361,183,179,481,301,79,182,427,16,430,487,429,428,0,15,455,445,19,450,1,448,453,260,484,464,446,485,442,439,432,456,479,451,438,431,449,447,470,467,28,452,436,462,465,458,473,461,422,20,433,488,476,257,459,437,471,477,474,256,468,454,517,457,509,444,259,423,258,482,486,480,483,506,187,508,359,21,185,24,22,184,186,23,25,360,26,498,528,29,30,27,425,322,324,489,388,323,325,526,510,527,391,390,490,499,525,503,515,321,504,505,389,507,426,434,500,435,497,523,524,424,533,529,516,501,101,511,514,513,102,103,512,519,502,327,518,329,330,521,326,520,494,522,328,331,2,535,492,491,493,496,495,532,530,534,536,531,
402,369,403,404,309,69,241,311,250,254,305,308,310,306,253,304,255,247,252,246,251,410,243,242,248,249,240,245,466,478,244,463,90,475,368,295,419,469,472,307,312,460,417,293,297,298,376,286,421,409,375,281,287,239,300,292,290,299,443,420,338,198,373,214,211,415,418,339,209,203,416,269,157,202,210,398,204,205,201,200,208,207,291,289,288,206,98,212,213,50,387,334,88,385,372,384,383,280,414,178,262,263,393,395,52,49,337,93,272,441,48,146,171,164,332,47,165,381,392,294,285,41,386,382,44,45,51,284,397,380,379,396,378,147,46,278,283,282,394,270,296,145,36,38,224,37,35,39,40,279,66,43,162,42,399,156,400,94,230,9,3,333,77,100,78,440,172,265,199,197,161,107,317,261,264,266,336,58,160,129,126,229,7,112,155,236,340,237,238,95,128,119,154,223,159,122,8,158,273,127,193,116,140,91,118,4,168,169,6,142,138,104,120,132,123,135,137,358,133,97,136,106,124,111,139,108,113,141,131,117,92,313,341,105,318,411,61,319,342,54,274,99,315,408,344,314,148,60,62,320,356,268,267,96,316,153,351,18,114,57,134,412,121,413,115,130,125,231,56,110,5,271,191,72,67,65,355,277,87,89,68,76,71,370,17,374,377,275,346,74,371,276,55,367,73,152,357,109,335,75,59,196,194,343,63,195,220,70,215,33,166,347,173,64,170,34,401,143,354,144,149,151,353,222,406,150,407,163,227,405,221,192,190,228,226,233,225,82,235,234,352,83,85,366,84,53,232,176,303,350,86,365,189,177,345,364,219,362,167,363,302,81,175,14,11,13,10,32,31,180,174,80,181,349,12,348,188,216,218,217,361,183,179,481,79,301,182,427,16,430,487,429,428,0,15,455,445,450,19,448,1,453,260,464,446,484,485,442,439,432,456,479,431,438,451,449,447,467,470,28,452,436,458,465,462,473,422,461,20,433,488,476,257,468,256,459,477,437,471,474,454,517,457,509,259,444,423,258,480,482,486,483,506,187,508,359,21,185,186,22,23,184,24,25,360,26,498,528,29,425,30,27,324,489,322,325,388,323,526,510,527,490,503,525,390,391,499,515,321,505,504,389,507,426,500,434,435,497,523,516,529,424,524,533,101,501,513,102,511,103,512,514,519,502,327,329,518,330,494,522,520,521,326,328,331,2,492,493,530,532,495,535,496,534,491,531,536,
402,369,403,404,309,69,241,311,250,254,305,308,310,306,253,304,255,247,252,246,251,410,243,242,248,249,240,245,466,478,244,463,368,475,90,295,419,469,472,307,312,460,417,293,297,298,376,286,421,409,375,281,287,239,300,292,290,299,443,420,338,198,373,214,211,418,415,339,209,203,416,269,157,202,210,398,204,205,201,200,207,208,291,289,288,98,206,212,213,387,50,334,88,385,372,384,383,280,414,178,263,262,393,395,52,49,337,93,441,272,146,48,171,164,332,47,392,165,381,294,285,386,41,44,45,382,51,397,284,396,379,378,380,147,46,278,283,282,394,270,296,145,36,38,224,37,35,39,66,40,279,43,162,42,399,156,400,94,230,9,3,333,77,100,78,440,172,265,199,197,107,161,317,261,264,266,336,160,58,129,126,229,7,112,155,236,340,237,238,95,128,119,154,223,159,122,273,158,8,127,140,193,116,91,118,168,4,169,6,142,104,132,123,138,120,135,137,358,97,136,133,106,124,108,111,139,113,131,141,313,117,92,411,105,61,318,341,319,342,99,54,274,408,315,344,314,148,60,62,320,96,267,316,356,268,153,351,18,121,134,57,114,412,413,231,115,130,125,5,56,110,191,65,67,72,271,277,355,87,89,76,68,374,17,370,71,377,74,346,275,276,371,55,367,73,152,357,109,335,75,59,196,194,343,195,63,220,70,33,215,347,166,64,173,170,143,401,34,354,144,149,151,353,222,406,407,150,227,163,405,226,192,190,221,233,228,225,82,235,234,352,83,84,366,85,176,303,232,53,86,350,189,365,177,345,364,219,363,302,167,362,81,175,14,11,32,13,10,80,174,31,180,349,181,12,348,217,218,188,216,361,183,481,179,79,301,182,427,16,430,487,428,429,15,0,455,445,450,19,1,448,453,260,446,464,484,485,442,439,432,479,456,431,438,451,449,447,470,467,28,436,452,458,462,465,473,461,422,20,488,433,476,257,471,459,477,256,437,468,474,454,517,457,509,259,423,444,258,480,482,486,483,506,187,508,359,21,185,22,23,186,24,184,25,360,26,528,498,30,425,27,29,324,322,489,323,325,388,510,526,527,391,503,490,499,525,390,515,321,389,505,504,507,426,434,500,435,497,523,529,524,533,424,516,501,101,514,103,511,102,513,512,519,502,330,518,327,329,521,522,326,520,494,328,331,2,536,493,496,532,531,491,530,495,535,534,492,
402,369,403,404,309,69,241,311,250,254,305,310,308,306,253,304,255,247,252,246,251,410,243,242,248,249,240,245,466,478,244,463,90,368,475,295,419,469,472,307,312,460,417,293,298,297,376,286,421,409,375,281,287,239,300,292,290,299,443,420,338,198,373,214,211,415,418,339,203,209,416,269,157,210,202,204,398,205,201,200,207,208,291,289,288,98,206,212,213,387,50,334,88,385,372,384,280,383,414,178,262,263,393,395,52,49,337,93,272,441,48,146,171,164,332,47,392,381,165,294,285,382,386,44,45,41,397,284,51,379,396,378,380,147,278,46,283,282,270,394,296,36,145,38,224,35,37,39,279,40,66,43,162,42,399,400,156,94,230,9,3,333,77,100,78,440,172,265,199,197,107,161,317,264,261,266,336,129,58,160,126,229,7,155,236,112,340,95,238,237,154,119,128,223,159,8,122,273,158,127,116,140,193,91,118,168,4,6,169,142,120,135,104,123,138,132,97,136,137,358,133,106,124,111,139,108,141,131,113,92,313,117,105,61,341,411,318,319,54,99,274,342,408,315,314,344,148,62,60,320,356,268,96,267,316,153,351,18,413,57,134,412,121,114,231,130,115,125,5,110,56,72,67,271,65,191,87,277,355,89,76,68,374,71,370,377,17,346,275,74,371,276,367,55,73,152,357,109,75,335,59,196,343,194,195,63,220,215,33,70,166,347,64,173,170,143,401,34,354,144,149,151,222,353,407,406,150,163,227,405,192,221,233,228,226,190,225,82,235,234,352,85,83,84,366,232,303,53,176,86,350,177,365,189,364,345,363,362,219,167,302,81,14,175,11,13,10,32,80,31,180,174,349,181,348,12,188,218,216,217,361,183,481,179,301,79,182,427,16,430,487,428,429,0,15,455,445,450,19,1,448,260,453,446,464,484,485,442,432,439,479,456,451,438,431,447,449,470,467,28,436,452,465,462,458,473,422,461,20,476,488,433,257,468,477,437,474,459,471,256,454,517,457,509,259,423,444,258,480,482,486,483,506,187,508,359,21,185,24,186,23,22,184,25,360,26,528,498,29,425,30,27,489,324,322,323,325,388,510,526,527,499,391,390,503,490,525,515,321,389,505,504,426,507,434,500,435,497,523,529,524,533,516,424,101,501,511,512,103,514,102,513,519,502,329,327,330,518,522,521,494,520,326,331,328,2,534,493,530,535,491,496,532,492,495,531,536,
402,369,403,404,309,69,241,311,250,254,305,308,310,306,253,304,255,247,252,246,251,410,243,242,249,248,240,245,466,478,244,463,368,90,475,295,419,469,472,307,312,460,417,293,297,298,376,286,421,409,375,281,287,239,300,292,290,299,443,420,338,198,373,214,211,418,415,339,203,209,269,416,157,210,202,398,204,205,201,200,207,208,291,289,288,98,206,212,213,387,50,334,88,385,372,384,383,280,414,178,262,263,393,395,52,49,337,93,272,441,146,48,171,164,332,47,381,392,165,294,386,45,44,285,382,41,397,284,51,379,396,378,380,147,278,46,283,282,394,270,296,36,145,38,224,35,37,39,279,66,40,43,162,42,399,156,400,94,9,230,3,333,77,100,78,440,172,265,199,197,107,161,317,264,261,266,336,129,58,160,126,229,7,112,236,155,340,237,238,95,154,119,128,223,159,8,122,273,158,127,116,140,193,91,118,168,4,169,6,142,132,135,104,123,120,138,133,358,97,136,137,106,124,139,111,108,113,141,131,313,92,117,105,61,341,411,318,319,274,342,99,54,408,315,344,314,60,62,148,320,267,316,268,96,356,351,18,153,114,57,413,412,134,121,115,130,231,125,110,5,56,72,271,67,191,65,355,277,87,89,68,76,377,370,17,71,374,346,275,74,276,371,55,367,73,152,357,109,335,75,59,196,343,194,195,63,220,215,33,70,166,347,173,64,170,143,401,34,354,144,149,151,222,353,406,407,150,405,227,163,221,228,233,192,190,226,225,82,235,234,352,366,85,83,84,53,176,232,303,350,86,189,177,365,364,345,167,362,219,363,302,175,14,81,11,32,13,10,174,80,180,31,349,181,348,12,188,218,217,216,361,183,481,179,301,79,182,427,16,430,487,429,428,0,15,455,445,19,450,1,448,453,260,484,464,446,485,442,432,439,456,479,438,431,451,449,447,470,467,28,452,436,462,465,458,473,422,461,20,433,476,488,257,437,471,459,477,256,468,474,454,517,457,509,444,423,259,258,480,486,482,483,506,187,508,359,21,185,24,184,22,23,186,25,360,26,498,528,27,29,30,425,324,322,489,325,388,323,510,526,527,525,499,503,490,391,390,515,321,504,389,505,507,426,500,434,435,497,523,529,533,424,516,524,501,101,514,513,512,102,511,103,519,502,330,329,327,518,326,521,520,494,522,331,2,328,534,530,493,496,492,535,532,536,491,495,531,
402,369,403,404,309,69,241,311,250,254,305,310,308,306,253,304,255,247,252,246,251,410,243,242,249,248,240,245,466,478,244,463,368,475,90,295,419,469,472,307,312,460,417,293,297,298,376,286,421,409,375,281,287,239,300,292,290,299,443,420,338,198,373,214,211,415,418,339,203,209,269,416,157,210,202,398,204,205,201,200,208,207,291,289,288,98,206,212,213,50,387,334,88,385,372,384,383,280,414,178,263,262,393,395,52,49,337,93,441,272,48,146,171,164,332,47,392,165,381,294,382,285,41,386,45,44,397,51,284,380,378,396,379,147,46,278,283,282,270,394,296,36,145,38,224,35,37,39,40,279,66,43,162,42,399,400,156,94,9,230,3,333,77,100,78,440,172,265,199,197,161,107,317,261,264,266,336,58,160,129,126,229,7,112,236,155,340,237,238,95,128,154,119,223,159,273,122,8,158,127,193,116,140,91,118,4,168,6,169,142,138,135,104,132,123,120,97,133,358,136,137,124,106,111,139,108,131,113,141,313,117,92,341,61,411,318,105,319,54,99,342,274,408,315,314,344,62,148,60,320,268,356,316,96,267,351,18,153,57,413,134,114,121,412,231,130,125,115,5,56,110,65,67,191,271,72,87,355,277,89,68,76,377,374,17,370,71,74,346,275,371,276,367,55,152,73,357,109,75,335,59,196,343,194,63,195,220,70,33,215,347,166,64,173,170,143,401,34,354,144,151,149,353,222,150,406,407,227,163,405,192,228,190,226,221,233,225,82,235,234,352,84,85,83,366,176,53,303,232,350,86,177,365,189,364,345,167,363,302,219,362,175,81,14,11,13,10,32,31,174,80,180,349,181,348,12,218,217,216,188,361,183,481,179,301,79,182,427,16,430,487,429,428,15,0,455,445,450,19,448,1,260,453,484,464,446,485,442,439,432,479,456,451,431,438,447,449,467,470,28,436,452,458,465,462,473,461,422,20,476,433,488,257,474,256,468,477,437,459,471,454,517,457,509,259,444,423,258,482,486,480,483,506,187,508,359,21,185,184,186,22,24,23,25,360,26,528,498,425,27,30,29,489,324,322,388,325,323,526,510,527,503,391,390,499,490,525,515,321,505,389,504,507,426,500,434,435,497,523,524,516,529,424,533,101,501,511,102,513,512,103,514,519,502,518,330,327,329,326,522,494,521,520,328,331,2,495,534,492,531,536,532,491,535,530,496,493,
402,369,403,404,309,69,241,311,250,254,305,310,308,306,253,304,255,247,252,246,251,410,243,242,248,249,240,245,466,478,244,463,475,90,368,295,419,469,472,307,312,460,417,293,298,297,376,286,421,409,375,281,287,239,300,292,290,299,443,420,338,198,373,214,211,418,415,339,203,209,269,416,157,202,210,398,204,205,201,200,208,207,291,289,288,206,98,212,213,387,50,334,88,385,372,384,383,280,414,178,262,263,393,395,52,49,337,93,272,441,146,48,171,164,332,47,381,165,392,294,44,41,45,285,382,386,51,397,284,378,380,379,396,147,46,278,283,282,394,270,296,36,145,38,224,35,37,39,279,40,66,43,162,42,399,156,400,94,9,230,3,333,77,100,78,440,172,265,199,197,161,107,317,264,261,266,336,160,58,129,126,229,7,236,112,155,340,95,237,238,119,128,154,223,159,273,158,8,122,127,116,193,140,91,118,4,168,169,6,142,104,120,138,123,132,135,136,97,133,137,358,124,106,139,108,111,141,131,113,313,92,117,341,318,411,105,61,319,99,274,342,54,315,408,314,344,62,60,148,320,96,267,268,356,316,153,351,18,57,134,121,413,412,114,231,130,115,125,110,56,5,271,65,67,72,191,277,355,87,89,68,76,377,374,370,71,17,346,275,74,371,276,367,55,73,152,357,109,75,335,59,196,343,194,63,195,220,215,33,70,347,166,173,64,170,34,401,143,354,144,151,149,222,353,406,150,407,227,163,405,192,228,221,233,226,190,82,225,235,234,352,83,85,84,366,303,53,176,232,350,86,365,177,189,345,364,363,302,167,362,219,14,175,81,11,32,10,13,31,174,180,80,181,349,12,348,216,217,218,188,361,183,481,179,79,301,182,427,16,430,487,429,428,0,15,455,445,19,450,448,1,453,260,484,446,464,485,442,439,432,479,456,431,451,438,449,447,467,470,28,452,436,458,465,462,473,422,461,20,488,476,433,257,477,468,459,471,256,437,474,454,517,457,509,423,259,444,258,486,482,480,483,506,187,508,359,21,185,24,23,186,22,184,25,360,26,498,528,30,29,27,425,489,322,324,325,323,388,526,510,527,391,390,525,490,499,503,515,321,504,505,389,426,507,500,434,435,523,497,516,529,533,424,524,501,101,511,513,514,103,512,102,519,502,330,329,518,327,521,494,522,326,520,328,2,331,492,491,534,531,496,532,536,530,535,493,495,
402,369,403,404,309,69,241,311,250,254,305,308,310,306,253,304,255,247,252,246,251,410,243,242,248,249,240,245,466,478,244,463,475,90,368,295,419,469,472,307,312,460,417,293,297,298,376,286,421,375,409,281,287,239,300,292,290,299,443,420,338,198,373,214,211,415,418,339,203,209,269,416,157,210,202,204,398,205,201,200,208,207,291,289,288,98,206,212,213,387,50,334,88,385,372,384,280,383,414,178,263,262,393,395,52,49,337,93,441,272,146,48,171,164,332,47,381,165,392,294,44,45,41,285,386,382,51,284,397,396,380,379,378,147,278,46,283,282,270,394,296,36,145,38,224,35,37,39,40,66,279,43,162,42,399,156,400,94,230,9,3,333,77,78,100,440,172,265,199,197,107,161,317,261,264,266,336,58,160,129,126,229,7,236,155,112,340,237,238,95,119,154,128,223,159,273,8,158,122,127,116,193,140,91,118,4,168,6,169,142,132,138,135,123,104,120,97,133,358,136,137,106,124,139,111,108,141,131,113,92,117,313,105,341,61,318,411,319,54,274,342,99,315,408,314,344,60,148,62,320,356,96,268,316,267,18,153,351,413,412,57,114,121,134,130,115,125,231,56,5,110,65,271,67,72,191,277,87,355,89,68,76,17,374,377,71,370,275,74,346,371,276,367,55,152,73,357,109,335,75,59,196,194,343,195,63,220,215,70,33,166,347,173,64,170,401,143,34,354,144,151,149,353,222,150,406,407,405,227,163,228,226,233,192,190,221,225,82,234,235,352,85,366,83,84,232,176,53,303,86,350,177,189,365,364,345,362,219,363,167,302,14,81,175,11,13,10,32,180,174,80,31,349,181,12,348,218,216,188,217,361,183,179,481,79,301,182,427,16,430,487,429,428,15,0,455,445,450,19,1,448,453,260,484,464,446,442,485,432,439,479,456,438,431,451,449,447,470,467,28,452,436,458,465,462,473,461,422,20,488,433,476,257,459,468,256,437,471,474,477,454,517,457,509,423,259,444,258,486,480,482,483,506,187,508,359,21,185,186,22,184,23,24,25,360,26,498,528,29,27,30,425,322,324,489,325,388,323,526,510,527,390,499,525,490,391,503,515,321,389,505,504,426,507,500,434,435,497,523,529,533,516,524,424,101,501,513,511,512,514,103,102,519,502,518,327,329,330,521,520,494,326,522,2,328,331,532,530,491,496,495,493,492,534,535,531,536,
402,369,403,404,309,69,241,311,250,254,305,308,310,306,253,304,255,247,252,246,251,410,243,242,248,249,240,245,466,478,244,463,368,475,90,295,419,469,472,307,312,460,417,293,298,297,376,286,421,409,375,281,287,239,300,292,290,299,443,420,338,198,373,214,211,415,418,339,203,209,269,416,157,210,202,204,398,205,201,200,208,207,291,289,288,206,98,212,213,50,387,334,88,385,372,384,280,383,414,178,263,262,393,395,52,49,337,93,272,441,48,146,171,164,332,47,165,381,392,294,382,386,41,45,285,44,51,397,284,379,378,396,380,147,278,46,283,282,270,394,296,145,36,38,224,35,37,39,279,66,40,43,162,42,399,156,400,94,230,9,3,333,77,78,100,440,172,265,199,197,107,161,317,264,261,266,336,160,129,58,126,229,7,236,155,112,340,238,95,237,128,154,119,223,159,122,8,158,273,127,116,193,140,91,118,168,4,6,169,142,104,138,135,123,120,132,137,358,97,133,136,124,106,139,111,108,131,113,141,92,117,313,105,61,411,318,341,319,99,274,342,54,408,315,344,314,62,60,148,320,316,268,267,96,356,153,351,18,413,114,134,412,121,57,125,130,231,115,56,110,5,271,72,191,67,65,87,355,277,89,68,76,377,17,71,374,370,275,74,346,371,276,367,55,73,152,357,109,75,335,59,196,194,343,63,195,220,33,70,215,347,166,64,173,170,401,143,34,354,144,151,149,353,222,150,406,407,405,227,163,221,190,192,226,228,233,82,225,234,235,352,366,83,85,84,232,53,303,176,350,86,177,189,365,364,345,302,219,362,167,363,14,81,175,11,13,32,10,180,174,31,80,349,181,12,348,216,188,217,218,361,183,179,481,79,301,182,427,16,430,487,429,428,15,0,455,445,450,19,1,448,260,453,464,446,484,485,442,439,432,479,456,451,438,431,447,449,470,467,28,452,436,465,462,458,473,461,422,20,476,433,488,257,437,474,477,256,468,459,471,454,517,457,509,444,259,423,258,480,482,486,483,506,187,508,359,21,185,23,24,186,184,22,25,360,26,528,498,30,425,27,29,322,324,489,325,388,323,510,526,527,525,490,503,390,499,391,515,321,389,504,505,507,426,500,434,435,497,523,424,524,533,529,516,101,501,513,102,511,103,514,512,519,502,330,518,327,329,522,520,326,494,521,328,331,2,530,532,536,531,496,534,492,491,495,535,493,
402,369,403,404,309,69,241,311,250,254,305,310,308,306,253,304,255,247,252,246,251,410,243,242,248,249,240,245,466,478,244,463,90,368,475,295,419,469,472,307,312,460,417,293,298,297,376,286,421,409,375,281,287,239,300,292,290,299,443,420,338,198,373,214,211,415,418,339,203,209,416,269,157,210,202,398,204,205,201,200,208,207,291,289,288,206,98,212,213,387,50,334,88,385,372,384,280,383,414,178,263,262,393,395,52,49,337,93,272,441,146,48,171,164,332,47,381,392,165,294,386,41,44,45,285,382,397,51,284,379,396,380,378,147,278,46,283,282,394,270,296,36,145,38,224,35,37,39,40,279,66,43,162,42,399,400,156,94,230,9,3,333,77,78,100,440,172,265,199,197,161,107,317,261,264,266,336,58,160,129,126,229,7,236,112,155,340,238,237,95,119,128,154,223,159,122,273,8,158,127,140,193,116,91,118,168,4,6,169,142,104,138,135,123,120,132,136,133,97,137,358,106,124,139,111,108,113,131,141,92,313,117,61,411,341,318,105,319,99,54,274,342,408,315,314,344,62,148,60,320,96,356,267,316,268,18,351,153,413,121,114,412,57,134,231,115,125,130,56,5,110,191,271,65,67,72,277,87,355,89,68,76,370,377,17,374,71,74,275,346,276,371,367,55,73,152,357,109,75,335,59,196,343,194,63,195,220,33,215,70,347,166,173,64,170,401,143,34,354,144,149,151,222,353,407,406,150,227,163,405,221,233,226,192,190,228,82,225,234,235,352,84,83,85,366,176,53,303,232,86,350,365,177,189,345,364,302,219,363,167,362,14,175,81,11,13,32,10,31,80,174,180,349,181,348,12,217,216,218,188,361,183,481,179,301,79,182,427,16,430,487,428,429,0,15,455,445,450,19,448,1,453,260,464,446,484,442,485,432,439,456,479,451,438,431,449,447,470,467,28,436,452,462,465,458,473,461,422,20,488,476,433,257,256,474,459,477,468,437,471,454,517,457,509,444,423,259,258,482,480,486,483,506,187,508,359,21,185,22,184,23,186,24,25,360,26,528,498,425,30,29,27,489,322,324,325,388,323,526,510,527,390,490,525,499,391,503,515,321,505,389,504,426,507,500,434,435,523,497,424,533,516,524,529,101,501,103,102,511,512,513,514,519,502,329,327,518,330,326,494,520,522,521,331,2,328,495,531,536,491,530,534,492,493,532,496,535,
402,369,403,404,309,69,241,311,250,254,305,310,308,306,253,304,255,247,252,246,251,410,243,242,248,249,240,245,466,478,244,463,368,475,90,295,419,469,472,307,312,460,417,293,297,298,376,286,421,375,409,281,287,239,300,292,290,299,443,420,338,198,373,214,211,418,415,339,209,203,416,269,157,210,202,204,398,205,201,200,208,207,291,289,288,98,206,212,213,50,387,334,88,385,372,384,280,383,414,178,262,263,393,395,52,49,337,93,272,441,48,146,171,164,332,47,381,392,165,294,45,386,44,41,285,382,51,284,397,396,378,379,380,147,278,46,283,282,394,270,296,145,36,38,224,37,35,39,66,40,279,43,162,42,399,400,156,94,230,9,3,333,77,78,100,440,172,265,199,197,161,107,317,261,264,266,336,160,129,58,126,229,7,236,155,112,340,95,237,238,119,128,154,223,159,158,8,122,273,127,116,193,140,91,118,4,168,6,169,142,104,123,135,138,132,120,97,136,133,137,358,106,124,108,111,139,141,131,113,117,92,313,105,318,61,411,341,319,342,99,274,54,315,408,314,344,62,60,148,320,356,267,316,96,268,18,153,351,57,114,121,413,412,134,130,125,231,115,56,5,110,191,271,65,67,72,277,87,355,89,68,76,377,370,374,17,71,275,346,74,371,276,55,367,152,73,357,109,335,75,59,196,343,194,63,195,220,33,70,215,347,166,173,64,170,143,34,401,354,144,149,151,353,222,406,150,407,405,227,163,192,226,221,228,233,190,82,225,234,235,352,83,84,366,85,232,176,303,53,86,350,177,189,365,345,364,362,363,167,219,302,81,175,14,11,10,13,32,180,174,80,31,349,181,12,348,216,217,188,218,361,183,481,179,301,79,182,427,16,430,487,428,429,15,0,455,445,19,450,1,448,260,453,484,464,446,485,442,439,432,479,456,451,431,438,449,447,467,470,28,436,452,465,462,458,473,461,422,20,433,476,488,257,459,256,471,477,468,437,474,454,517,457,509,259,444,423,258,486,480,482,483,506,187,508,359,21,185,186,24,23,184,22,25,360,26,498,528,29,30,425,27,322,489,324,323,388,325,510,526,527,490,499,391,525,390,503,515,321,505,389,504,507,426,500,434,435,523,497,424,533,524,516,529,501,101,512,102,514,511,513,103,519,502,327,518,330,329,522,326,521,494,520,2,331,328,536,496,495,492,491,530,534,535,493,532,531,
402,369,403,404,309,69,241,311,250,254,305,308,310,306,253,304,255,247,252,246,251,410,243,242,248,249,240,245,466,478,244,463,368,475,90,295,419,469,472,307,312,460,417,293,298,297,376,286,421,375,409,281,287,239,300,292,290,299,443,420,338,198,373,214,211,418,415,339,203,209,416,269,157,210,202,398,204,205,201,200,207,208,291,289,288,206,98,212,213,50,387,334,88,385,372,384,280,383,414,178,263,262,393,395,52,49,337,93,272,441,146,48,171,164,332,47,392,165,381,294,45,285,41,44,382,386,51,397,284,379,380,396,378,147,278,46,283,282,394,270,296,145,36,38,224,35,37,39,40,279,66,43,162,42,399,156,400,94,230,9,3,333,77,100,78,440,172,265,199,197,107,161,317,261,264,266,336,58,129,160,126,229,7,236,155,112,340,238,237,95,119,128,154,223,159,8,273,158,122,127,116,193,140,91,118,168,4,169,6,142,104,132,138,120,123,135,136,133,358,137,97,106,124,139,111,108,131,113,141,117,313,92,318,61,411,105,341,319,54,99,342,274,408,315,314,344,60,62,148,320,316,356,267,268,96,351,18,153,121,114,412,134,413,57,125,231,115,130,56,110,5,72,271,191,67,65,277,87,355,89,68,76,17,370,374,377,71,74,346,275,371,276,367,55,73,152,357,109,335,75,59,196,194,343,63,195,220,215,33,70,166,347,173,64,170,401,34,143,354,144,149,151,222,353,407,406,150,163,227,405,233,226,228,190,221,192,225,82,234,235,352,366,84,83,85,53,176,232,303,350,86,189,177,365,364,345,362,219,167,302,363,14,175,81,11,13,32,10,180,174,80,31,349,181,348,12,216,218,217,188,361,183,179,481,301,79,182,427,16,430,487,428,429,0,15,455,445,19,450,448,1,260,453,484,464,446,485,442,439,432,479,456,431,451,438,449,447,470,467,28,436,452,458,465,462,473,422,461,20,433,488,476,257,471,477,474,437,468,459,256,454,517,457,509,444,423,259,258,480,482,486,483,506,187,508,359,21,185,22,184,23,24,186,25,360,26,528,498,29,30,27,425,322,324,489,323,325,388,526,510,527,525,503,499,391,390,490,515,321,504,389,505,507,426,500,434,435,523,497,424,529,516,533,524,501,101,512,511,102,103,513,514,519,502,327,329,518,330,326,494,522,521,520,2,331,328,532,536,496,535,534,495,530,492,491,493,531,
402,369,403,404,309,69,241,311,250,254,305,310,308,306,253,304,255,247,252,246,251,410,243,242,248,249,240,245,466,478,244,463,475,368,90,295,419,469,472,307,312,460,417,293,298,297,376,286,421,375,409,281,287,239,300,292,290,299,443,420,338,198,373,214,211,418,415,339,203,209,269,416,157,202,210,204,398,205,201,200,208,207,291,289,288,206,98,212,213,387,50,334,88,385,372,384,280,383,414,178,263,262,393,395,52,49,337,93,441,272,146,48,171,164,332,47,381,392,165,294,386,45,41,285,382,44,51,397,284,379,380,378,396,147,46,278,283,282,394,270,296,36,145,38,224,37,35,39,66,40,279,43,162,42,399,156,400,94,230,9,3,333,77,100,78,440,172,265,199,197,107,161,317,264,261,266,336,160,58,129,126,229,7,236,155,112,340,95,238,237,128,154,119,223,159,8,158,122,273,127,116,193,140,91,118,4,168,6,169,142,123,135,138,104,120,132,137,97,136,358,133,106,124,111,139,108,141,113,131,92,117,313,61,411,341,318,105,319,342,54,99,274,408,315,344,314,148,62,60,320,268,356,316,96,267,18,351,153,413,114,121,57,412,134,115,231,130,125,5,110,56,271,65,67,191,72,87,355,277,89,76,68,370,377,374,71,17,346,74,275,276,371,55,367,152,73,357,109,75,335,59,196,343,194,63,195,220,33,215,70,347,166,173,64,170,143,34,401,354,144,151,149,222,353,150,407,406,163,227,405,226,192,233,221,228,190,82,225,234,235,352,366,85,83,84,232,303,53,176,350,86,365,177,189,345,364,363,219,362,167,302,175,81,14,11,13,10,32,80,31,174,180,349,181,348,12,216,188,218,217,361,183,481,179,301,79,182,427,16,430,487,429,428,0,15,455,445,450,19,448,1,453,260,446,464,484,485,442,439,432,456,479,431,451,438,447,449,470,467,28,436,452,462,458,465,473,422,461,20,488,476,433,257,477,474,256,459,468,471,437,454,517,457,509,259,423,444,258,480,482,486,483,506,187,508,359,21,185,22,186,184,23,24,25,360,26,498,528,425,29,30,27,489,322,324,388,325,323,510,526,527,525,499,503,390,391,490,515,321,389,504,505,426,507,434,500,435,497,523,533,424,529,524,516,101,501,512,511,103,513,514,102,519,502,518,327,330,329,521,326,520,494,522,328,2,331,491,536,492,532,496,534,530,535,493,531,495,
402,369,403,404,309,69,241,311,250,254,305,310,308,306,253,304,255,247,252,246,251,410,243,242,248,249,240,245,466,478,244,463,90,368,475,295,419,469,472,307,312,460,417,293,298,297,376,286,421,409,375,281,287,239,300,292,290,299,443,420,338,198,373,214,211,415,418,339,209,203,416,269,157,202,210,204,398,205,201,200,208,207,291,289,288,98,206,212,213,387,50,334,88,385,372,384,280,383,414,178,262,263,393,395,52,49,337,93,272,441,146,48,171,164,332,47,165,381,392,294,285,382,45,41,386,44,51,397,284,378,380,379,396,147,46,278,283,282,394,270,296,36,145,38,224,37,35,39,66,40,279,43,162,42,399,156,400,94,230,9,3,333,77,78,100,440,172,265,199,197,107,161,317,264,261,266,336,129,58,160,126,229,7,155,236,112,340,237,95,238,119,154,128,223,159,158,273,122,8,127,140,193,116,91,118,4,168,6,169,142,120,104,123,138,132,135,358,97,133,136,137,124,106,139,108,111,141,131,113,92,117,313,341,411,105,318,61,319,54,342,274,99,315,408,344,314,148,60,62,320,356,268,316,96,267,351,18,153,57,114,412,121,134,413,125,231,130,115,110,56,5,65,271,191,67,72,87,355,277,89,76,68,71,377,370,374,17,74,346,275,371,276,55,367,73,152,357,109,335,75,59,196,194,343,195,63,220,33,70,215,166,347,173,64,170,143,401,34,354,144,149,151,222,353,407,406,150,227,405,163,233,228,221,226,190,192,82,225,234,235,352,85,83,366,84,303,53,176,232,86,350,177,189,365,364,345,363,362,219,302,167,81,14,175,11,13,10,32,31,80,180,174,349,181,12,348,218,217,188,216,361,183,179,481,79,301,182,427,16,430,487,429,428,15,0,455,445,450,19,448,1,453,260,484,464,446,442,485,432,439,479,456,431,438,451,449,447,467,470,28,436,452,462,465,458,473,422,461,20,488,433,476,257,459,471,477,437,474,256,468,454,517,457,509,423,259,444,258,486,480,482,483,506,187,508,359,21,185,22,184,24,186,23,25,360,26,498,528,27,29,425,30,322,489,324,323,388,325,526,510,527,390,391,499,525,503,490,515,321,505,504,389,426,507,434,500,435,497,523,533,516,424,529,524,101,501,511,514,102,512,103,513,519,502,329,518,330,327,522,494,521,520,326,331,328,2,531,534,495,496,493,535,530,532,492,536,491,
402,369,403,404,309,69,241,311,250,254,305,308,310,306,253,304,255,247,252,246,251,410,243,242,248,249,240,245,466,478,244,463,475,368,90,295,419,469,472,307,312,460,417,293,297,298,376,286,421,375,409,281,287,239,300,292,290,299,443,420,338,198,373,214,211,418,415,339,203,209,269,416,157,202,210,398,204,205,201,200,207,208,291,289,288,206,98,212,213,50,387,334,88,385,372,384,383,280,414,178,262,263,393,395,52,49,337,93,441,272,146,48,171,164,332,47,381,165,392,294,45,41,285,386,44,382,397,284,51,396,379,378,380,147,46,278,283,282,270,394,296,145,36,38,224,37,35,39,40,279,66,43,162,42,399,400,156,94,9,230,3,333,77,100,78,440,172,265,199,197,107,161,317,261,264,266,336,58,160,129,126,229,7,236,112,155,340,238,237,95,128,154,119,223,159,158,8,122,273,127,140,116,193,91,118,4,168,169,6,142,123,120,135,132,104,138,97,358,136,137,133,124,106,108,111,139,141,131,113,92,117,313,341,61,411,105,318,319,342,54,274,99,408,315,314,344,60,148,62,320,316,267,356,268,96,153,18,351,121,114,134,412,57,413,115,125,231,130,56,110,5,191,65,271,72,67,355,277,87,89,68,76,17,374,377,71,370,74,346,275,371,276,55,367,152,73,357,109,335,75,59,196,343,194,63,195,220,33,215,70,166,347,64,173,170,401,34,143,354,144,149,151,353,222,406,407,150,227,163,405,192,226,190,228,233,221,225,82,234,235,352,85,366,83,84,232,303,176,53,350,86,189,365,177,364,345,362,302,167,363,219,81,14,175,11,13,32,10,174,80,180,31,181,349,348,12,188,216,218,217,361,183,179,481,301,79,182,427,16,430,487,428,429,0,15,455,445,450,19,1,448,453,260,484,464,446,442,485,432,439,479,456,438,451,431,449,447,467,470,28,452,436,465,458,462,473,422,461,20,476,433,488,257,437,471,468,477,474,459,256,454,517,457,509,259,423,444,258,482,480,486,483,506,187,508,359,21,185,184,23,24,186,22,25,360,26,498,528,29,30,27,425,322,324,489,388,325,323,510,526,527,499,391,490,525,503,390,515,321,505,504,389,426,507,434,500,435,497,523,529,424,516,524,533,501,101,512,511,514,513,103,102,519,502,327,330,329,518,522,520,521,494,326,328,331,2,534,536,493,492,532,535,495,496,531,530,491,
402,369,403,404,309,69,241,311,250,254,305,308,310,306,253,304,255,247,252,246,251,410,243,242,248,249,240,245,466,478,244,463,90,475,368,295,419,469,472,307,312,460,417,293,297,298,376,286,421,409,375,281,287,239,300,292,290,299,443,420,338,198,373,214,211,418,415,339,209,203,269,416,157,210,202,398,204,205,201,200,207,208,291,289,288,98,206,212,213,50,387,334,88,385,372,384,280,383,414,178,262,263,393,395,52,49,337,93,441,272,48,146,171,164,332,47,381,165,392,294,382,41,44,45,386,285,397,284,51,378,396,379,380,147,278,46,283,282,394,270,296,145,36,38,224,35,37,39,66,279,40,43,162,42,399,400,156,94,9,230,3,333,77,100,78,440,172,265,199,197,107,161,317,261,264,266,336,58,160,129,126,229,7,112,236,155,340,95,237,238,119,128,154,223,159,8,273,122,158,127,116,193,140,91,118,168,4,6,169,142,120,132,123,138,104,135,137,358,97,133,136,124,106,111,108,139,131,141,113,117,313,92,105,341,411,61,318,319,54,99,274,342,408,315,314,344,148,62,60,320,268,316,267,356,96,18,351,153,57,121,114,134,413,412,231,125,130,115,56,110,5,72,65,191,271,67,355,277,87,89,76,68,370,377,374,17,71,74,346,275,276,371,55,367,73,152,357,109,335,75,59,196,194,343,195,63,220,215,33,70,347,166,64,173,170,143,401,34,354,144,151,149,353,222,150,406,407,405,227,163,192,233,190,228,221,226,82,225,235,234,352,84,366,83,85,232,176,303,53,350,86,365,189,177,345,364,363,302,362,219,167,81,175,14,11,10,32,13,31,174,80,180,349,181,12,348,188,217,216,218,361,183,481,179,79,301,182,427,16,430,487,428,429,15,0,455,445,19,450,1,448,260,453,484,446,464,485,442,439,432,479,456,438,431,451,447,449,470,467,28,436,452,458,462,465,473,422,461,20,476,488,433,257,256,471,477,437,459,474,468,454,517,457,509,259,423,444,258,480,482,486,483,506,187,508,359,21,185,24,184,23,22,186,25,360,26,528,498,27,29,30,425,324,489,322,325,323,388,526,510,527,499,390,490,503,525,391,515,321,504,505,389,507,426,434,500,435,497,523,424,529,516,533,524,501,101,103,511,512,513,514,102,519,502,518,329,330,327,326,522,520,494,521,331,2,328,531,491,535,492,536,532,534,496,493,530,495,
402,369,403,404,309,69,241,311,250,254,305,308,310,306,253,304,255,247,252,246,251,410,243,242,249,248,240,245,466,478,244,463,368,90,475,295,419,469,472,307,312,460,417,293,297,298,376,286,421,409,375,281,287,239,300,292,290,299,443,420,338,198,373,214,211,418,415,339,203,209,269,416,157,210,202,398,204,205,201,200,208,207,291,289,288,98,206,212,213,387,50,334,88,385,372,384,280,383,414,178,262,263,393,395,52,49,337,93,441,272,48,146,171,164,332,47,381,392,165,294,386,285,41,382,44,45,397,284,51,378,380,396,379,147,46,278,283,282,394,270,296,145,36,38,224,37,35,39,66,40,279,43,162,42,399,400,156,94,230,9,3,333,77,78,100,440,172,265,199,197,107,161,317,264,261,266,336,58,129,160,126,229,7,112,236,155,340,237,238,95,154,128,119,223,159,8,158,122,273,127,193,116,140,91,118,168,4,6,169,142,132,104,138,120,135,123,137,97,133,358,136,106,124,139,108,111,141,113,131,92,117,313,318,105,61,341,411,319,99,274,54,342,408,315,344,314,60,148,62,320,356,316,268,96,267,153,351,18,134,413,114,57,412,121,115,125,130,231,5,110,56,271,65,72,67,191,87,277,355,89,68,76,71,17,374,377,370,74,346,275,371,276,367,55,73,152,357,109,75,335,59,196,194,343,195,63,220,33,70,215,166,347,64,173,170,34,401,143,354,144,151,149,353,222,406,407,150,227,405,163,190,192,226,221,228,233,82,225,235,234,352,85,366,83,84,176,232,303,53,86,350,177,365,189,345,364,362,302,167,363,219,81,175,14,11,10,32,13,180,31,80,174,349,181,12,348,217,216,218,188,361,183,179,481,301,79,182,427,16,430,487,429,428,15,0,455,445,450,19,1,448,453,260,464,484,446,485,442,432,439,479,456,451,438,431,449,447,467,470,28,452,436,465,458,462,473,461,422,20,488,433,476,257,437,474,468,256,477,471,459,454,517,457,509,444,259,423,258,486,480,482,483,506,187,508,359,21,185,24,186,22,23,184,25,360,26,498,528,425,29,30,27,324,322,489,325,388,323,526,510,527,390,490,499,391,525,503,515,321,504,505,389,507,426,434,500,435,497,523,524,516,529,424,533,501,101,102,512,103,511,513,514,519,502,327,518,330,329,326,521,520,522,494,331,328,2,534,536,535,492,496,530,491,493,495,532,531,
402,369,403,404,309,69,241,311,250,254,305,308,310,306,253,304,255,247,252,246,251,410,243,242,249,248,240,245,466,478,244,463,475,368,90,295,419,469,472,307,312,460,417,293,297,298,376,286,421,409,375,281,287,239,300,292,290,299,443,420,338,198,373,214,211,415,418,339,209,203,416,269,157,210,202,398,204,205,201,200,208,207,291,289,288,206,98,212,213,387,50,334,88,385,372,384,383,280,414,178,262,263,393,395,52,49,337,93,272,441,146,48,171,164,332,47,392,165,381,294,386,382,285,44,41,45,51,284,397,396,379,378,380,147,46,278,283,282,394,270,296,36,145,38,224,37,35,39,279,66,40,43,162,42,399,156,400,94,230,9,3,333,77,78,100,440,172,265,199,197,107,161,317,264,261,266,336,160,129,58,126,229,7,155,236,112,340,238,237,95,119,128,154,223,159,122,273,8,158,127,193,140,116,91,118,168,4,169,6,142,123,138,132,135,104,120,97,133,136,358,137,106,124,139,108,111,113,131,141,117,313,92,318,61,411,341,105,319,274,342,99,54,408,315,314,344,62,148,60,320,316,268,356,96,267,153,351,18,57,413,412,121,134,114,231,125,115,130,5,56,110,65,271,72,191,67,277,355,87,89,68,76,17,377,370,374,71,74,275,346,276,371,367,55,73,152,357,109,75,335,59,196,194,343,195,63,220,33,215,70,166,347,173,64,170,401,143,34,354,144,149,151,353,222,407,150,406,163,405,227,228,192,190,226,221,233,82,225,235,234,352,84,85,366,83,232,176,303,53,350,86,177,365,189,345,364,362,302,167,363,219,14,175,81,11,32,13,10,80,180,174,31,349,181,348,12,217,218,188,216,361,183,179,481,79,301,182,427,16,430,487,429,428,15,0,455,445,450,19,448,1,260,453,484,464,446,442,485,432,439,479,456,431,451,438,447,449,467,470,28,452,436,465,462,458,473,422,461,20,433,488,476,257,437,477,471,468,459,256,474,454,517,457,509,444,259,423,258,486,482,480,483,506,187,508,359,21,185,22,184,23,186,24,25,360,26,528,498,30,27,29,425,322,489,324,323,325,388,526,510,527,390,503,490,499,391,525,515,321,389,505,504,426,507,500,434,435,497,523,524,529,533,424,516,501,101,102,512,511,103,514,513,519,502,327,330,329,518,521,520,522,494,326,2,328,331,536,532,534,495,496,530,492,491,535,531,493,
402,369,403,404,309,69,241,311,250,254,305,310,308,306,253,304,255,247,252,246,251,410,243,242,248,249,240,245,466,478,244,463,368,475,90,295,419,469,472,307,312,460,417,293,297,298,376,286,421,409,375,281,287,239,300,292,290,299,443,420,338,198,373,214,211,415,418,339,203,209,269,416,157,210,202,204,398,205,201,200,207,208,291,289,288,98,206,212,213,50,387,334,88,385,372,384,280,383,414,178,263,262,393,395,52,49,337,93,272,441,146,48,171,164,332,47,392,381,165,294,45,41,285,382,386,44,397,51,284,380,378,396,379,147,278,46,283,282,270,394,296,36,145,38,224,35,37,39,66,279,40,43,162,42,399,156,400,94,9,230,3,333,77,100,78,440,172,265,199,197,161,107,317,261,264,266,336,129,58,160,126,229,7,112,236,155,340,238,95,237,154,128,119,223,159,8,122,158,273,127,116,193,140,91,118,4,168,6,169,142,120,104,123,138,132,135,97,133,137,358,136,124,106,108,111,139,141,113,131,92,117,313,411,318,341,105,61,319,274,54,99,342,315,408,314,344,148,60,62,320,356,268,96,267,316,351,153,18,412,121,114,134,413,57,231,115,130,125,5,56,110,271,67,65,72,191,277,355,87,89,76,68,17,374,71,377,370,275,74,346,371,276,367,55,152,73,357,109,335,75,59,196,343,194,195,63,220,70,33,215,166,347,173,64,170,143,401,34,354,144,151,149,353,222,406,150,407,163,227,405,226,228,192,221,190,233,225,82,234,235,352,84,85,83,366,176,303,232,53,86,350,177,189,365,345,364,219,363,302,167,362,175,81,14,11,10,32,13,80,180,31,174,181,349,348,12,188,217,216,218,361,183,179,481,301,79,182,427,16,430,487,428,429,15,0,455,445,19,450,1,448,260,453,446,484,464,442,485,439,432,479,456,431,438,451,449,447,467,470,28,452,436,458,462,465,473,461,422,20,476,488,433,257,468,474,437,471,477,256,459,454,517,457,509,423,444,259,258,486,482,480,483,506,187,508,359,21,185,184,186,24,22,23,25,360,26,528,498,425,27,29,30,489,322,324,325,323,388,510,526,527,490,499,525,503,390,391,515,321,504,389,505,507,426,500,434,435,497,523,516,529,524,533,424,501,101,513,514,103,102,512,511,519,502,327,330,329,518,326,520,522,494,521,331,2,328,531,491,535,534,493,496,530,532,492,536,495,
402,369,403,404,309,69,241,311,250,254,305,308,310,306,253,304,255,247,252,246,251,410,243,242,248,249,240,245,466,478,244,463,475,90,368,295,419,469,472,307,312,460,417,293,297,298,376,286,421,409,375,281,287,239,300,292,290,299,443,420,338,198,373,214,211,418,415,339,209,203,269,416,157,210,202,398,204,205,201,200,207,208,291,289,288,206,98,212,213,387,50,334,88,385,372,384,383,280,414,178,262,263,393,395,52,49,337,93,272,441,48,146,171,164,332,47,165,381,392,294,285,44,45,41,386,382,51,284,397,378,396,380,379,147,278,46,283,282,394,270,296,145,36,38,224,35,37,39,66,279,40,43,162,42,399,400,156,94,9,230,3,333,77,78,100,440,172,265,199,197,107,161,317,261,264,266,336,160,129,58,126,229,7,155,236,112,340,237,95,238,119,128,154,223,159,122,273,158,8,127,193,140,116,91,118,168,4,169,6,142,123,138,135,132,104,120,136,97,137,133,358,106,124,139,108,111,113,141,131,117,313,92,61,411,318,105,341,319,274,54,99,342,408,315,344,314,62,60,148,320,268,316,267,96,356,351,18,153,413,412,134,57,114,121,231,125,115,130,110,5,56,65,72,271,191,67,87,277,355,89,68,76,17,71,377,370,374,74,346,275,371,276,367,55,152,73,357,109,75,335,59,196,343,194,63,195,220,215,70,33,166,347,173,64,170,34,143,401,354,144,149,151,222,353,150,407,406,227,163,405,192,226,221,228,190,233,82,225,235,234,352,366,84,83,85,53,303,176,232,350,86,177,189,365,364,345,219,362,363,167,302,81,175,14,11,32,10,13,80,180,174,31,349,181,12,348,188,216,217,218,361,183,481,179,79,301,182,427,16,430,487,429,428,15,0,455,445,19,450,448,1,260,453,446,464,484,485,442,432,439,456,479,431,438,451,447,449,467,470,28,436,452,462,458,465,473,422,461,20,488,476,433,257,468,459,477,471,474,437,256,454,517,457,509,259,423,444,258,486,480,482,483,506,187,508,359,21,185,186,184,22,24,23,25,360,26,498,528,27,30,425,29,322,324,489,325,388,323,510,526,527,503,391,499,390,525,490,515,321,505,389,504,426,507,500,434,435,497,523,533,424,524,516,529,101,501,514,102,512,513,103,511,519,502,329,518,327,330,521,522,326,520,494,2,331,328,491,492,532,536,496,493,495,531,530,535,534,
402,369,403,404,309,69,241,311,250,254,305,308,310,306,253,304,255,247,252,246,251,410,243,242,248,249,240,245,466,478,244,463,368,475,90,295,419,469,472,307,312,460,417,293,297,298,376,286,421,375,409,281,287,239,300,292,290,299,443,420,338,198,373,214,211,418,415,339,209,203,269,416,157,210,202,204,398,205,201,200,207,208,291,289,288,98,206,212,213,387,50,334,88,385,372,384,280,383,414,178,262,263,393,395,52,49,337,93,441,272,146,48,171,164,332,47,392,381,165,294,41,382,45,285,44,386,397,51,284,380,396,379,378,147,278,46,283,282,270,394,296,145,36,38,224,37,35,39,66,279,40,43,162,42,399,156,400,94,230,9,3,333,77,78,100,440,172,265,199,197,161,107,317,264,261,266,336,160,129,58,126,229,7,155,236,112,340,95,237,238,119,154,128,223,159,122,8,158,273,127,116,140,193,91,118,4,168,169,6,142,120,104,123,138,135,132,97,137,136,133,358,124,106,108,139,111,113,141,131,313,92,117,105,61,318,411,341,319,54,274,342,99,408,315,314,344,62,60,148,320,356,267,316,268,96,153,18,351,413,121,134,412,57,114,231,130,125,115,110,5,56,67,72,191,65,271,87,277,355,89,76,68,374,377,17,71,370,346,275,74,276,371,55,367,73,152,357,109,335,75,59,196,194,343,63,195,220,33,70,215,347,166,173,64,170,143,401,34,354,144,149,151,353,222,406,407,150,227,405,163,233,221,192,190,226,228,82,225,234,235,352,85,84,83,366,303,232,53,176,350,86,365,189,177,345,364,167,363,219,362,302,175,14,81,11,32,13,10,80,31,180,174,181,349,12,348,218,188,217,216,361,183,481,179,79,301,182,427,16,430,487,428,429,15,0,455,445,450,19,1,448,453,260,446,464,484,442,485,432,439,456,479,451,431,438,447,449,467,470,28,452,436,462,458,465,473,461,422,20,433,488,476,257,459,471,474,256,437,477,468,454,517,457,509,444,423,259,258,482,480,486,483,506,187,508,359,21,185,184,186,23,24,22,25,360,26,528,498,30,425,27,29,489,324,322,325,323,388,526,510,527,525,499,391,490,390,503,515,321,389,504,505,426,507,434,500,435,523,497,524,533,424,516,529,101,501,511,103,102,514,512,513,519,502,327,518,329,330,521,494,520,326,522,2,331,328,530,535,536,491,531,496,493,534,495,532,492,
402,369,403,404,309,69,241,311,250,254,305,310,308,306,253,304,255,247,252,246,251,410,243,242,249,248,240,245,466,478,244,463,368,90,475,295,419,469,472,307,312,460,417,293,297,298,376,286,421,375,409,281,287,239,300,292,290,299,443,420,338,198,373,214,211,418,415,339,203,209,416,269,157,210,202,398,204,205,201,200,208,207,291,289,288,206,98,212,213,387,50,334,88,385,372,384,280,383,414,178,262,263,393,395,52,49,337,93,441,272,48,146,171,164,332,47,392,381,165,294,386,382,44,285,41,45,284,51,397,396,378,380,379,147,46,278,283,282,394,270,296,145,36,38,224,35,37,39,279,40,66,43,162,42,399,156,400,94,9,230,3,333,77,78,100,440,172,265,199,197,107,161,317,261,264,266,336,160,58,129,126,229,7,236,155,112,340,95,238,237,154,128,119,223,159,273,158,122,8,127,193,140,116,91,118,4,168,169,6,142,132,138,104,135,123,120,358,136,137,97,133,124,106,139,111,108,141,113,131,117,313,92,411,318,61,341,105,319,274,99,342,54,408,315,314,344,60,148,62,320,316,96,268,267,356,18,351,153,121,114,412,134,57,413,115,130,231,125,5,56,110,271,72,65,67,191,87,355,277,89,76,68,370,377,374,71,17,74,275,346,371,276,55,367,152,73,357,109,335,75,59,196,194,343,63,195,220,33,215,70,166,347,64,173,170,401,143,34,354,144,149,151,222,353,406,150,407,227,405,163,192,233,228,221,190,226,82,225,234,235,352,85,366,83,84,53,176,232,303,86,350,365,177,189,345,364,219,167,362,363,302,14,175,81,11,10,13,32,31,80,180,174,349,181,12,348,216,188,217,218,361,183,481,179,301,79,182,427,16,430,487,429,428,15,0,455,445,450,19,448,1,453,260,464,484,446,485,442,432,439,456,479,438,431,451,447,449,467,470,28,452,436,462,465,458,473,461,422,20,433,488,476,257,459,437,474,468,471,256,477,454,517,457,509,423,259,444,258,486,482,480,483,506,187,508,359,21,185,184,22,24,186,23,25,360,26,528,498,30,27,425,29,324,322,489,388,323,325,510,526,527,525,499,490,391,390,503,515,321,504,389,505,426,507,434,500,435,523,497,516,424,533,529,524,501,101,514,513,512,102,103,511,519,502,330,518,329,327,522,520,326,494,521,328,2,331,535,531,534,491,530,493,492,532,496,495,536,
402,369,403,404,309,69,241,311,250,254,305,310,308,306,253,304,255,247,252,246,251,410,243,242,249,248,240,245,466,478,244,463,368,475,90,295,419,469,472,307,312,460,417,293,297,298,376,286,421,375,409,281,287,239,300,292,290,299,443,420,338,198,373,214,211,418,415,339,209,203,416,269,157,210,202,398,204,205,201,200,208,207,291,289,288,98,206,212,213,50,387,334,88,385,372,384,383,280,414,178,263,262,393,395,52,49,337,93,441,272,146,48,171,164,332,47,381,392,165,294,386,41,45,382,44,285,397,284,51,380,378,396,379,147,46,278,283,282,270,394,296,145,36,38,224,35,37,39,40,279,66,43,162,42,399,400,156,94,9,230,3,333,77,78,100,440,172,265,199,197,107,161,317,261,264,266,336,129,160,58,126,229,7,236,155,112,340,95,237,238,119,154,128,223,159,8,273,122,158,127,193,140,116,91,118,4,168,6,169,142,104,135,123,138,120,132,137,97,358,136,133,124,106,108,139,111,141,113,131,117,313,92,318,411,61,105,341,319,99,342,54,274,408,315,314,344,148,62,60,320,268,316,96,267,356,153,351,18,134,114,121,413,57,412,231,125,115,130,110,56,5,65,271,191,67,72,277,355,87,89,68,76,374,17,71,370,377,275,74,346,371,276,367,55,152,73,357,109,75,335,59,196,194,343,63,195,220,215,33,70,347,166,173,64,170,34,143,401,354,144,151,149,222,353,150,407,406,227,163,405,192,228,233,226,221,190,225,82,234,235,352,366,84,83,85,232,53,303,176,86,350,177,365,189,345,364,362,363,219,302,167,14,175,81,11,32,13,10,31,80,180,174,181,349,12,348,217,188,216,218,361,183,481,179,301,79,182,427,16,430,487,429,428,0,15,455,445,450,19,1,448,260,453,464,484,446,442,485,439,432,479,456,438,431,451,447,449,467,470,28,436,452,458,462,465,473,461,422,20,488,476,433,257,477,474,256,471,437,468,459,454,517,457,509,444,259,423,258,486,482,480,483,506,187,508,359,21,185,24,23,184,22,186,25,360,26,528,498,425,29,27,30,324,322,489,325,323,388,510,526,527,391,499,503,390,525,490,515,321,389,504,505,426,507,500,434,435,497,523,516,533,529,424,524,501,101,102,513,103,514,512,511,519,502,327,329,330,518,521,520,522,494,326,328,331,2,493,491,536,532,496,531,495,535,534,492,530,
402,369,403,404,309,69,241,311,250,254,305,308,310,306,253,304,255,247,252,246,251,410,243,242,249,248,240,245,466,478,244,463,90,368,475,295,419,469,472,307,312,460,417,293,298,297,376,286,421,375,409,281,287,239,300,292,290,299,443,420,338,198,373,214,211,415,418,339,203,209,416,269,157,202,210,398,204,205,201,200,207,208,291,289,288,98,206,212,213,50,387,334,88,385,372,384,280,383,414,178,263,262,393,395,52,49,337,93,441,272,146,48,171,164,332,47,165,392,381,294,41,386,285,382,45,44,397,51,284,379,396,378,380,147,46,278,283,282,394,270,296,36,145,38,224,35,37,39,279,40,66,43,162,42,399,400,156,94,9,230,3,333,77,78,100,440,172,265,199,197,107,161,317,261,264,266,336,58,160,129,126,229,7,236,155,112,340,238,237,95,154,119,128,223,159,158,122,273,8,127,116,193,140,91,118,168,4,169,6,142,120,135,138,132,123,104,133,97,358,137,136,124,106,108,139,111,131,113,141,117,313,92,341,61,105,318,411,319,99,274,54,342,315,408,314,344,60,62,148,320,356,316,96,267,268,351,18,153,121,114,57,134,412,413,130,231,115,125,56,5,110,72,191,67,271,65,277,355,87,89,68,76,17,370,374,377,71,275,74,346,276,371,367,55,152,73,357,109,335,75,59,196,343,194,195,63,220,215,70,33,166,347,173,64,170,401,143,34,354,144,149,151,353,222,406,407,150,163,405,227,190,233,192,221,226,228,225,82,235,234,352,84,85,366,83,53,303,232,176,350,86,365,189,177,345,364,167,219,363,302,362,175,81,14,11,32,10,13,180,80,31,174,181,349,348,12,188,216,217,218,361,183,481,179,301,79,182,427,16,430,487,428,429,0,15,455,445,19,450,448,1,260,453,484,464,446,442,485,439,432,479,456,431,438,451,449,447,470,467,28,452,436,462,458,465,473,422,461,20,433,488,476,257,459,474,471,468,256,437,477,454,517,457,509,423,444,259,258,480,486,482,483,506,187,508,359,21,185,186,23,184,22,24,25,360,26,498,528,27,29,425,30,324,322,489,325,323,388,526,510,527,490,391,503,525,390,499,515,321,505,504,389,507,426,500,434,435,497,523,424,516,533,529,524,101,501,513,103,512,511,102,514,519,502,330,329,518,327,520,494,521,326,522,2,328,331,492,532,495,491,530,493,536,535,531,496,534,
402,369,403,404,309,69,241,311,250,254,305,310,308,306,253,304,255,247,252,246,251,410,243,242,249,248,240,245,466,478,244,463,475,368,90,295,419,469,472,307,312,460,417,293,297,298,376,286,421,409,375,281,287,239,300,292,290,299,443,420,338,198,373,214,211,418,415,339,209,203,269,416,157,202,210,204,398,205,201,200,207,208,291,289,288,98,206,212,213,50,387,334,88,385,372,384,280,383,414,178,262,263,393,395,52,49,337,93,272,441,48,146,171,164,332,47,381,392,165,294,44,41,285,386,382,45,284,51,397,379,378,396,380,147,46,278,283,282,394,270,296,145,36,38,224,37,35,39,40,66,279,43,162,42,399,156,400,94,9,230,3,333,77,78,100,440,172,265,199,197,161,107,317,264,261,266,336,58,129,160,126,229,7,112,155,236,340,238,237,95,154,128,119,223,159,8,122,158,273,127,116,140,193,91,118,168,4,169,6,142,132,104,135,138,120,123,137,358,136,97,133,124,106,108,111,139,113,131,141,92,117,313,411,318,61,105,341,319,342,54,99,274,408,315,314,344,148,60,62,320,316,96,268,356,267,153,18,351,413,134,57,114,412,121,125,130,115,231,56,110,5,191,72,65,67,271,277,355,87,89,68,76,374,377,71,370,17,74,346,275,276,371,55,367,73,152,357,109,75,335,59,196,343,194,63,195,220,70,33,215,347,166,173,64,170,34,143,401,354,144,149,151,222,353,150,406,407,227,163,405,192,221,233,190,228,226,82,225,235,234,352,83,85,366,84,53,176,303,232,350,86,177,189,365,364,345,363,302,219,362,167,175,14,81,11,10,13,32,180,31,174,80,181,349,12,348,217,216,218,188,361,183,179,481,79,301,182,427,16,430,487,428,429,15,0,455,445,450,19,448,1,453,260,464,484,446,485,442,432,439,479,456,431,438,451,449,447,467,470,28,452,436,462,465,458,473,461,422,20,433,488,476,257,477,468,474,459,437,471,256,454,517,457,509,259,423,444,258,486,482,480,483,506,187,508,359,21,185,24,23,184,186,22,25,360,26,528,498,29,425,27,30,489,324,322,325,388,323,510,526,527,391,525,503,499,490,390,515,321,504,389,505,426,507,500,434,435,497,523,529,524,516,533,424,501,101,514,512,103,511,513,102,519,502,327,329,330,518,520,326,522,521,494,328,2,331,492,532,535,536,495,493,534,491,531,496,530,
402,369,403,404,309,69,241,311,250,254,305,310,308,306,253,304,255,247,252,246,251,410,243,242,249,248,240,245,466,478,244,463,475,368,90,295,419,469,472,307,312,460,417,293,298,297,376,286,421,409,375,281,287,239,300,292,290,299,443,420,338,198,373,214,211,418,415,339,203,209,269,416,157,202,210,398,204,205,201,200,208,207,291,289,288,206,98,212,213,387,50,334,88,385,372,384,280,383,414,178,263,262,393,395,52,49,337,93,272,441,146,48,171,164,332,47,165,392,381,294,382,41,386,44,285,45,51,397,284,379,396,378,380,147,278,46,283,282,270,394,296,145,36,38,224,37,35,39,279,40,66,43,162,42,399,400,156,94,9,230,3,333,77,78,100,440,172,265,199,197,161,107,317,261,264,266,336,160,58,129,126,229,7,112,155,236,340,237,95,238,128,119,154,223,159,158,122,273,8,127,193,116,140,91,118,168,4,169,6,142,123,120,135,138,132,104,136,358,137,97,133,124,106,108,139,111,113,131,141,313,117,92,341,411,61,318,105,319,342,274,54,99,315,408,314,344,62,60,148,320,356,96,268,316,267,351,18,153,134,413,121,412,57,114,130,125,231,115,56,5,110,67,191,72,65,271,355,277,87,89,76,68,17,374,71,377,370,346,275,74,371,276,55,367,73,152,357,109,75,335,59,196,343,194,195,63,220,33,70,215,347,166,173,64,170,401,34,143,354,144,151,149,222,353,406,150,407,227,163,405,221,233,228,192,190,226,82,225,234,235,352,366,83,85,84,53,176,232,303,350,86,365,189,177,345,364,167,362,302,363,219,175,14,81,11,13,32,10,80,180,31,174,181,349,12,348,216,217,218,188,361,183,179,481,301,79,182,427,16,430,487,428,429,0,15,455,445,450,19,1,448,260,453,464,484,446,442,485,439,432,456,479,431,451,438,449,447,467,470,28,452,436,462,458,465,473,422,461,20,433,488,476,257,474,471,256,437,468,477,459,454,517,457,509,423,444,259,258,482,486,480,483,506,187,508,359,21,185,186,184,23,24,22,25,360,26,528,498,29,425,30,27,489,322,324,388,325,323,526,510,527,499,390,490,503,525,391,515,321,505,389,504,507,426,434,500,435,523,497,529,533,516,424,524,101,501,514,102,103,511,512,513,519,502,518,329,327,330,521,326,522,520,494,331,328,2,493,496,530,536,531,535,532,495,492,491,534,
402,369,403,404,309,69,241,311,250,254,305,310,308,306,253,304,255,247,252,246,251,410,243,242,249,248,240,245,466,478,244,463,475,90,368,295,419,469,472,307,312,460,417,293,297,298,376,286,421,409,375,281,287,239,300,292,290,299,443,420,338,198,373,214,211,415,418,339,209,203,269,416,157,202,210,204,398,205,201,200,207,208,291,289,288,206,98,212,213,387,50,334,88,385,372,384,383,280,414,178,262,263,393,395,52,49,337,93,441,272,146,48,171,164,332,47,381,165,392,294,386,44,41,45,285,382,397,284,51,378,396,380,379,147,46,278,283,282,270,394,296,145,36,38,224,37,35,39,40,279,66,43,162,42,399,400,156,94,9,230,3,333,77,100,78,440,172,265,199,197,107,161,317,261,264,266,336,58,160,129,126,229,7,155,236,112,340,238,237,95,119,128,154,223,159,122,8,158,273,127,193,116,140,91,118,4,168,6,169,142,138,132,120,104,123,135,137,97,133,358,136,124,106,139,108,111,131,113,141,92,117,313,61,318,411,105,341,319,99,342,274,54,408,315,314,344,62,148,60,320,96,267,356,316,268,351,18,153,134,114,412,121,57,413,115,130,125,231,110,5,56,72,65,271,191,67,277,355,87,89,76,68,374,71,17,377,370,275,74,346,371,276,55,367,73,152,357,109,335,75,59,196,343,194,195,63,220,33,215,70,347,166,173,64,170,34,401,143,354,144,149,151,353,222,150,406,407,163,405,227,233,192,190,226,221,228,82,225,234,235,352,85,83,84,366,176,232,303,53,86,350,365,177,189,364,345,363,302,167,362,219,14,81,175,11,13,10,32,80,174,31,180,181,349,348,12,218,188,217,216,361,183,179,481,79,301,182,427,16,430,487,429,428,0,15,455,445,450,19,448,1,453,260,464,484,446,442,485,439,432,479,456,438,431,451,449,447,470,467,28,452,436,462,458,465,473,422,461,20,476,488,433,257,437,459,477,256,471,468,474,454,517,457,509,259,423,444,258,482,480,486,483,506,187,508,359,21,185,22,23,184,24,186,25,360,26,498,528,29,27,425,30,324,489,322,388,323,325,526,510,527,525,503,499,391,490,390,515,321,504,389,505,507,426,500,434,435,523,497,524,533,516,529,424,101,501,103,511,512,102,514,513,519,502,329,518,327,330,520,521,522,326,494,2,328,331,534,495,496,532,530,493,531,536,492,491,535,
402,369,403,404,309,69,241,311,250,254,305,308,310,306,253,304,255,247,252,246,251,410,243,242,248,249,240,245,466,478,244,463,90,475,368,295,419,469,472,307,312,460,417,293,297,298,376,286,421,375,409,281,287,239,300,292,290,299,443,420,338,198,373,214,211,418,415,339,209,203,269,416,157,202,210,204,398,205,201,200,207,208,291,289,288,98,206,212,213,387,50,334,88,385,372,384,383,280,414,178,262,263,393,395,52,49,337,93,441,272,48,146,171,164,332,47,392,381,165,294,382,386,45,44,41,285,397,51,284,379,380,378,396,147,46,278,283,282,394,270,296,145,36,38,224,35,37,39,40,279,66,43,162,42,399,400,156,94,9,230,3,333,77,78,100,440,172,265,199,197,161,107,317,264,261,266,336,58,129,160,126,229,7,155,112,236,340,95,237,238,119,154,128,223,159,273,8,122,158,127,140,193,116,91,118,168,4,169,6,142,120,135,104,138,132,123,137,133,136,97,358,124,106,108,139,111,141,131,113,117,92,313,411,318,341,105,61,319,274,99,54,342,315,408,314,344,148,60,62,320,96,267,316,268,356,351,18,153,412,114,121,134,57,413,130,125,231,115,110,5,56,65,67,72,191,271,355,87,277,89,68,76,377,370,71,374,17,346,275,74,371,276,367,55,152,73,357,109,75,335,59,196,194,343,63,195,220,70,215,33,166,347,64,173,170,401,34,143,354,144,149,151,353,222,407,150,406,227,163,405,233,226,190,192,228,221,225,82,235,234,352,84,83,85,366,303,53,176,232,86,350,189,365,177,345,364,219,362,167,302,363,14,81,175,11,32,13,10,174,180,31,80,349,181,12,348,217,216,188,218,361,183,481,179,79,301,182,427,16,430,487,429,428,0,15,455,445,19,450,1,448,453,260,446,464,484,485,442,432,439,456,479,438,451,431,447,449,467,470,28,452,436,462,465,458,473,461,422,20,433,476,488,257,459,471,477,437,474,468,256,454,517,457,509,259,444,423,258,480,482,486,483,506,187,508,359,21,185,186,184,24,22,23,25,360,26,528,498,30,27,425,29,489,322,324,325,388,323,526,510,527,391,503,390,499,525,490,515,321,389,505,504,507,426,500,434,435,523,497,524,529,533,424,516,501,101,102,514,103,512,511,513,519,502,330,327,329,518,520,521,326,494,522,331,2,328,532,534,495,491,536,530,492,493,496,535,531,
402,369,403,404,309,69,241,311,250,254,305,310,308,306,253,304,255,247,252,246,251,410,243,242,249,248,240,245,466,478,244,463,368,90,475,295,419,469,472,307,312,460,417,293,298,297,376,286,421,375,409,281,287,239,300,292,290,299,443,420,338,198,373,214,211,415,418,339,203,209,269,416,157,210,202,398,204,205,201,200,208,207,291,289,288,98,206,212,213,50,387,334,88,385,372,384,383,280,414,178,262,263,393,395,52,49,337,93,441,272,48,146,171,164,332,47,381,165,392,294,41,386,44,382,285,45,284,397,51,379,378,396,380,147,46,278,283,282,394,270,296,36,145,38,224,35,37,39,279,40,66,43,162,42,399,400,156,94,230,9,3,333,77,100,78,440,172,265,199,197,107,161,317,261,264,266,336,129,160,58,126,229,7,236,155,112,340,238,95,237,128,154,119,223,159,8,273,122,158,127,116,140,193,91,118,168,4,169,6,142,138,120,135,123,104,132,136,133,97,358,137,106,124,108,111,139,131,141,113,313,92,117,61,318,341,105,411,319,54,274,342,99,408,315,344,314,62,148,60,320,268,267,316,96,356,153,351,18,134,413,412,57,121,114,115,231,125,130,5,110,56,271,72,65,191,67,355,87,277,89,76,68,71,377,17,370,374,275,74,346,276,371,367,55,73,152,357,109,335,75,59,196,194,343,63,195,220,215,70,33,347,166,64,173,170,34,143,401,354,144,151,149,353,222,150,406,407,405,227,163,226,228,190,233,192,221,225,82,235,234,352,84,83,85,366,176,303,232,53,350,86,189,365,177,345,364,302,363,219,167,362,175,81,14,11,32,13,10,180,80,31,174,181,349,12,348,218,216,217,188,361,183,481,179,301,79,182,427,16,430,487,429,428,0,15,455,445,19,450,448,1,260,453,484,464,446,485,442,432,439,479,456,451,431,438,449,447,467,470,28,452,436,458,462,465,473,461,422,20,476,488,433,257,256,477,437,468,471,459,474,454,517,457,509,444,259,423,258,482,480,486,483,506,187,508,359,21,185,22,23,186,184,24,25,360,26,528,498,27,30,425,29,322,324,489,323,388,325,510,526,527,390,499,525,391,490,503,515,321,505,389,504,426,507,434,500,435,497,523,533,424,524,529,516,101,501,102,512,513,514,103,511,519,502,327,518,329,330,494,521,520,326,522,2,328,331,530,536,492,493,491,532,534,496,495,531,535,
402,369,403,404,309,69,241,311,250,254,305,310,308,306,253,304,255,247,252,246,251,410,243,242,249,248,240,245,466,478,244,463,90,368,475,295,419,469,472,307,312,460,417,293,298,297,376,286,421,375,409,281,287,239,300,292,290,299,443,420,338,198,373,214,211,418,415,339,203,209,269,416,157,202,210,398,204,205,201,200,207,208,291,289,288,98,206,212,213,387,50,334,88,385,372,384,280,383,414,178,262,263,393,395,52,49,337,93,441,272,48,146,171,164,332,47,165,381,392,294,285,41,45,44,386,382,284,51,397,379,396,380,378,147,46,278,283,282,394,270,296,36,145,38,224,37,35,39,40,279,66,43,162,42,399,400,156,94,230,9,3,333,77,100,78,440,172,265,199,197,107,161,317,264,261,266,336,160,129,58,126,229,7,236,155,112,340,238,237,95,119,154,128,223,159,273,122,158,8,127,193,116,140,91,118,168,4,6,169,142,123,132,104,135,138,120,97,136,137,358,133,124,106,111,139,108,131,141,113,92,313,117,105,341,411,61,318,319,274,54,342,99,315,408,344,314,62,60,148,320,356,268,316,96,267,153,351,18,413,412,121,114,57,134,231,115,130,125,5,56,110,191,72,271,67,65,277,87,355,89,68,76,370,377,374,17,71,74,275,346,276,371,55,367,73,152,357,109,335,75,59,196,194,343,63,195,220,33,215,70,347,166,173,64,170,401,34,143,354,144,149,151,353,222,406,407,150,163,227,405,221,228,192,226,190,233,82,225,234,235,352,83,85,84,366,176,232,303,53,350,86,189,177,365,364,345,363,219,302,167,362,175,81,14,11,32,13,10,80,174,31,180,349,181,348,12,217,218,188,216,361,183,481,179,301,79,182,427,16,430,487,428,429,15,0,455,445,19,450,1,448,260,453,484,446,464,442,485,432,439,479,456,451,438,431,447,449,470,467,28,452,436,458,465,462,473,461,422,20,488,476,433,257,437,477,468,459,471,256,474,454,517,457,509,423,444,259,258,486,480,482,483,506,187,508,359,21,185,186,184,23,22,24,25,360,26,528,498,425,30,27,29,324,489,322,323,325,388,510,526,527,490,390,391,503,499,525,515,321,389,504,505,507,426,434,500,435,523,497,424,533,516,529,524,101,501,102,103,514,511,512,513,519,502,327,329,518,330,521,326,520,494,522,331,2,328,491,531,530,532,495,535,536,492,496,534,493,
402,369,403,404,309,69,241,311,250,254,305,310,308,306,253,304,255,247,252,246,251,410,243,242,248,249,240,245,466,478,244,463,475,90,368,295,419,469,472,307,312,460,417,293,298,297,376,286,421,409,375,281,287,239,300,292,290,299,443,420,338,198,373,214,211,418,415,339,203,209,269,416,157,210,202,204,398,205,201,200,208,207,291,289,288,98,206,212,213,387,50,334,88,385,372,384,280,383,414,178,263,262,393,395,52,49,337,93,272,441,48,146,171,164,332,47,381,165,392,294,386,382,45,44,285,41,397,284,51,380,396,379,378,147,46,278,283,282,270,394,296,36,145,38,224,37,35,39,66,279,40,43,162,42,399,400,156,94,9,230,3,333,77,78,100,440,172,265,199,197,107,161,317,264,261,266,336,129,160,58,126,229,7,155,112,236,340,95,237,238,128,154,119,223,159,158,122,273,8,127,116,193,140,91,118,168,4,6,169,142,132,123,120,104,135,138,133,358,137,97,136,106,124,139,108,111,113,131,141,313,117,92,105,411,318,341,61,319,274,342,99,54,408,315,314,344,148,62,60,320,268,96,267,316,356,18,153,351,57,134,121,114,413,412,231,115,130,125,56,110,5,67,65,271,72,191,355,277,87,89,68,76,374,370,71,377,17,74,275,346,371,276,55,367,73,152,357,109,335,75,59,196,194,343,195,63,220,70,33,215,347,166,173,64,170,143,401,34,354,144,149,151,222,353,407,406,150,405,163,227,228,233,192,226,190,221,82,225,234,235,352,366,85,84,83,303,53,176,232,86,350,177,189,365,345,364,219,362,302,167,363,81,14,175,11,13,32,10,31,80,174,180,349,181,348,12,218,216,217,188,361,183,179,481,301,79,182,427,16,430,487,428,429,15,0,455,445,19,450,448,1,260,453,484,446,464,485,442,432,439,456,479,438,431,451,447,449,467,470,28,436,452,465,462,458,473,422,461,20,488,433,476,257,468,256,459,437,477,471,474,454,517,457,509,423,444,259,258,480,482,486,483,506,187,508,359,21,185,184,23,24,186,22,25,360,26,528,498,29,425,27,30,489,322,324,323,388,325,526,510,527,499,390,391,525,490,503,515,321,505,504,389,426,507,434,500,435,497,523,424,516,529,533,524,101,501,512,102,513,514,103,511,519,502,330,518,327,329,326,522,520,494,521,331,328,2,532,492,496,491,495,536,534,493,530,535,531,
402,369,403,404,309,69,241,311,250,254,305,308,310,306,253,304,255,247,252,246,251,410,243,242,248,249,240,245,466,478,244,463,90,475,368,295,419,469,472,307,312,460,417,293,297,298,376,286,421,375,409,281,287,239,300,292,290,299,443,420,338,198,373,214,211,415,418,339,209,203,269,416,157,210,202,204,398,205,201,200,208,207,291,289,288,206,98,212,213,387,50,334,88,385,372,384,383,280,414,178,262,263,393,395,52,49,337,93,441,272,146,48,171,164,332,47,381,165,392,294,285,45,382,44,41,386,51,284,397,379,396,380,378,147,278,46,283,282,270,394,296,145,36,38,224,35,37,39,40,279,66,43,162,42,399,400,156,94,9,230,3,333,77,78,100,440,172,265,199,197,107,161,317,261,264,266,336,160,129,58,126,229,7,112,155,236,340,237,238,95,119,154,128,223,159,158,273,122,8,127,116,140,193,91,118,4,168,169,6,142,104,132,138,135,120,123,136,133,137,97,358,106,124,108,111,139,141,131,113,117,313,92,105,411,318,61,341,319,99,342,54,274,315,408,344,314,60,62,148,320,356,267,96,316,268,18,351,153,412,57,121,413,114,134,130,115,231,125,110,56,5,67,191,271,65,72,277,87,355,89,76,68,374,17,370,377,71,275,346,74,371,276,55,367,73,152,357,109,335,75,59,196,343,194,63,195,220,215,33,70,347,166,64,173,170,34,401,143,354,144,149,151,353,222,406,407,150,405,163,227,190,228,233,221,192,226,225,82,234,235,352,85,83,84,366,232,176,53,303,350,86,365,189,177,364,345,302,167,363,219,362,81,175,14,11,13,32,10,31,180,80,174,349,181,348,12,216,218,188,217,361,183,481,179,301,79,182,427,16,430,487,429,428,0,15,455,445,450,19,448,1,453,260,464,484,446,442,485,439,432,456,479,438,431,451,447,449,467,470,28,436,452,458,465,462,473,422,461,20,476,433,488,257,471,474,437,468,459,256,477,454,517,457,509,444,259,423,258,482,480,486,483,506,187,508,359,21,185,23,186,184,22,24,25,360,26,528,498,425,27,29,30,322,489,324,325,388,323,510,526,527,391,390,490,499,525,503,515,321,504,389,505,507,426,500,434,435,523,497,424,524,529,533,516,501,101,512,102,513,511,103,514,519,502,330,327,518,329,522,520,494,326,521,328,2,331,492,495,493,496,536,531,530,491,532,534,535,
402,369,403,404,309,69,241,311,250,254,305,308,310,306,253,304,255,247,252,246,251,410,243,242,248,249,240,245,466,478,244,463,90,475,368,295,419,469,472,307,312,460,417,293,298,297,376,286,421,409,375,281,287,239,300,292,290,299,443,420,338,198,373,214,211,418,415,339,203,209,416,269,157,210,202,204,398,205,201,200,208,207,291,289,288,98,206,212,213,387,50,334,88,385,372,384,383,280,414,178,262,263,393,395,52,49,337,93,441,272,48,146,171,164,332,47,165,392,381,294,41,45,382,285,386,44,284,397,51,378,379,380,396,147,46,278,283,282,394,270,296,36,145,38,224,37,35,39,279,66,40,43,162,42,399,400,156,94,230,9,3,333,77,78,100,440,172,265,199,197,161,107,317,264,261,266,336,129,58,160,126,229,7,112,155,236,340,238,237,95,119,128,154,223,159,158,8,273,122,127,140,116,193,91,118,4,168,6,169,142,132,135,123,120,104,138,137,97,358,133,136,124,106,111,139,108,113,141,131,313,117,92,318,105,411,341,61,319,342,54,274,99,315,408,344,314,60,148,62,320,268,267,356,316,96,18,153,351,134,114,57,121,412,413,115,231,130,125,110,56,5,271,67,191,65,72,87,277,355,89,76,68,17,377,374,370,71,346,74,275,276,371,55,367,152,73,357,109,335,75,59,196,194,343,63,195,220,33,70,215,347,166,64,173,170,34,401,143,354,144,149,151,353,222,406,407,150,227,163,405,192,233,190,228,226,221,82,225,234,235,352,366,83,85,84,232,303,176,53,86,350,189,177,365,345,364,167,363,219,302,362,175,14,81,11,13,32,10,180,31,80,174,181,349,12,348,218,188,217,216,361,183,179,481,301,79,182,427,16,430,487,428,429,15,0,455,445,450,19,448,1,260,453,464,446,484,442,485,439,432,479,456,438,431,451,447,449,470,467,28,436,452,458,465,462,473,422,461,20,488,476,433,257,468,437,459,474,256,471,477,454,517,457,509,423,444,259,258,486,482,480,483,506,187,508,359,21,185,24,184,23,186,22,25,360,26,528,498,27,30,425,29,324,489,322,388,325,323,510,526,527,525,391,490,390,499,503,515,321,505,389,504,507,426,500,434,435,497,523,524,516,529,424,533,101,501,103,513,512,514,511,102,519,502,327,329,330,518,521,522,520,494,326,331,328,2,496,532,492,536,493,531,491,534,495,535,530,
402,369,403,404,309,69,241,311,250,254,305,310,308,306,253,304,255,247,252,246,251,410,243,242,248,249,240,245,466,478,244,463,90,368,475,295,419,469,472,307,312,460,417,293,298,297,376,286,421,409,375,281,287,239,300,292,290,299,443,420,338,198,373,214,211,415,418,339,209,203,269,416,157,210,202,398,204,205,201,200,207,208,291,289,288,98,206,212,213,50,387,334,88,385,372,384,383,280,414,178,262,263,393,395,52,49,337,93,441,272,48,146,171,164,332,47,165,381,392,294,285,41,44,382,45,386,51,284,397,378,380,379,396,147,278,46,283,282,394,270,296,145,36,38,224,37,35,39,66,40,279,43,162,42,399,156,400,94,230,9,3,333,77,100,78,440,172,265,199,197,107,161,317,264,261,266,336,58,129,160,126,229,7,236,155,112,340,238,95,237,154,119,128,223,159,158,8,273,122,127,193,140,116,91,118,168,4,6,169,142,104,123,135,120,138,132,137,97,133,358,136,124,106,108,139,111,141,131,113,117,92,313,318,61,411,341,105,319,342,99,54,274,315,408,344,314,60,148,62,320,96,316,268,267,356,18,351,153,121,57,412,134,413,114,231,125,115,130,110,5,56,72,67,191,271,65,87,277,355,89,68,76,71,370,17,374,377,275,74,346,276,371,367,55,152,73,357,109,75,335,59,196,343,194,63,195,220,33,215,70,166,347,64,173,170,34,401,143,354,144,149,151,222,353,406,150,407,227,163,405,221,192,228,226,190,233,225,82,234,235,352,83,366,85,84,176,53,232,303,350,86,365,177,189,345,364,219,302,362,363,167,175,14,81,11,10,13,32,31,174,180,80,181,349,348,12,188,216,218,217,361,183,179,481,301,79,182,427,16,430,487,428,429,0,15,455,445,19,450,1,448,453,260,446,484,464,442,485,439,432,479,456,431,451,438,447,449,467,470,28,452,436,458,465,462,473,422,461,20,433,488,476,257,459,256,474,437,468,471,477,454,517,457,509,259,444,423,258,486,480,482,483,506,187,508,359,21,185,24,22,186,184,23,25,360,26,498,528,29,425,30,27,324,322,489,323,325,388,526,510,527,390,503,490,499,391,525,515,321,504,505,389,507,426,434,500,435,523,497,424,524,516,529,533,501,101,514,102,103,511,512,513,519,502,329,518,330,327,521,520,494,522,326,2,331,328,536,492,491,530,531,495,493,496,534,535,532,
402,369,403,404,309,69,241,311,250,254,305,308,310,306,253,304,255,247,252,246,251,410,243,242,249,248,240,245,466,478,244,463,90,368,475,295,419,469,472,307,312,460,417,293,298,297,376,286,421,409,375,281,287,239,300,292,290,299,443,420,338,198,373,214,211,415,418,339,203,209,416,269,157,202,210,204,398,205,201,200,208,207,291,289,288,206,98,212,213,50,387,334,88,385,372,384,383,280,414,178,262,263,393,395,52,49,337,93,441,272,146,48,171,164,332,47,165,381,392,294,45,382,41,44,386,285,284,51,397,380,396,379,378,147,46,278,283,282,394,270,296,36,145,38,224,35,37,39,279,40,66,43,162,42,399,400,156,94,9,230,3,333,77,78,100,440,172,265,199,197,107,161,317,264,261,266,336,160,129,58,126,229,7,112,236,155,340,237,238,95,154,119,128,223,159,122,273,8,158,127,116,140,193,91,118,4,168,169,6,142,120,123,132,135,104,138,133,137,358,97,136,124,106,108,139,111,141,131,113,313,92,117,341,411,318,105,61,319,99,274,342,54,408,315,344,314,62,60,148,320,96,268,356,267,316,153,351,18,114,57,121,413,412,134,115,125,231,130,56,110,5,67,271,72,65,191,355,87,277,89,76,68,374,377,71,17,370,275,74,346,371,276,55,367,73,152,357,109,335,75,59,196,194,343,63,195,220,215,33,70,347,166,64,173,170,143,401,34,354,144,151,149,222,353,407,150,406,163,405,227,192,226,233,228,190,221,225,82,235,234,352,85,83,84,366,232,53,303,176,350,86,365,189,177,345,364,362,363,302,219,167,14,81,175,11,32,13,10,80,31,174,180,181,349,12,348,218,216,217,188,361,183,481,179,301,79,182,427,16,430,487,429,428,15,0,455,445,450,19,1,448,453,260,446,484,464,442,485,439,432,456,479,438,431,451,447,449,470,467,28,452,436,462,458,465,473,422,461,20,433,488,476,257,437,256,468,471,474,477,459,454,517,457,509,259,444,423,258,480,486,482,483,506,187,508,359,21,185,23,184,24,186,22,25,360,26,498,528,29,27,425,30,489,324,322,323,325,388,510,526,527,390,490,499,391,503,525,515,321,504,505,389,507,426,500,434,435,497,523,524,424,516,529,533,501,101,514,513,103,512,102,511,519,502,330,518,327,329,494,326,520,521,522,2,328,331,532,530,495,491,536,534,531,535,493,496,492,
402,369,403,404,309,69,241,311,250,254,305,310,308,306,253,304,255,247,252,246,251,410,243,242,249,248,240,245,466,478,244,463,368,90,475,295,419,469,472,307,312,460,417,293,298,297,376,286,421,409,375,281,287,239,300,292,290,299,443,420,338,198,373,214,211,415,418,339,203,209,269,416,157,202,210,204,398,205,201,200,207,208,291,289,288,98,206,212,213,387,50,334,88,385,372,384,383,280,414,178,263,262,393,395,52,49,337,93,272,441,146,48,171,164,332,47,165,392,381,294,285,382,41,45,386,44,51,397,284,380,379,378,396,147,46,278,283,282,394,270,296,145,36,38,224,37,35,39,40,279,66,43,162,42,399,156,400,94,9,230,3,333,77,78,100,440,172,265,199,197,161,107,317,264,261,266,336,129,58,160,126,229,7,112,155,236,340,238,237,95,119,128,154,223,159,122,8,158,273,127,116,140,193,91,118,4,168,169,6,142,123,104,132,138,120,135,97,136,137,358,133,106,124,111,139,108,131,141,113,313,117,92,318,61,341,411,105,319,342,54,274,99,408,315,344,314,62,148,60,320,316,267,268,356,96,351,153,18,412,134,114,57,121,413,125,130,231,115,5,56,110,271,72,191,67,65,277,87,355,89,76,68,17,374,370,377,71,275,346,74,371,276,367,55,152,73,357,109,335,75,59,196,194,343,63,195,220,215,70,33,347,166,64,173,170,401,143,34,354,144,149,151,353,222,406,150,407,163,227,405,228,192,221,190,233,226,82,225,235,234,352,366,83,84,85,303,176,53,232,86,350,177,365,189,364,345,167,302,219,363,362,175,14,81,11,32,10,13,80,180,174,31,181,349,348,12,188,218,216,217,361,183,179,481,301,79,182,427,16,430,487,429,428,15,0,455,445,19,450,448,1,453,260,484,446,464,442,485,439,432,456,479,431,451,438,449,447,467,470,28,436,452,462,465,458,473,461,422,20,476,433,488,257,437,474,459,477,256,471,468,454,517,457,509,423,444,259,258,480,482,486,483,506,187,508,359,21,185,24,22,184,186,23,25,360,26,498,528,425,30,29,27,322,489,324,325,323,388,510,526,527,391,390,525,499,503,490,515,321,389,505,504,426,507,500,434,435,523,497,524,424,533,529,516,101,501,511,512,514,513,102,103,519,502,329,330,518,327,326,494,522,521,520,331,328,2,530,534,536,493,492,496,491,531,535,495,532,
402,369,403,404,309,69,241,311,250,254,305,308,310,306,253,304,255,247,252,246,251,410,243,242,249,248,240,245,466,478,244,463,368,90,475,295,419,469,472,307,312,460,417,293,298,297,376,286,421,409,375,281,287,239,300,292,290,299,443,420,338,198,373,214,211,418,415,339,203,209,416,269,157,210,202,398,204,205,201,200,207,208,291,289,288,98,206,212,213,50,387,334,88,385,372,384,383,280,414,178,263,262,393,395,52,49,337,93,272,441,146,48,171,164,332,47,165,381,392,294,41,45,285,386,382,44,284,397,51,379,396,380,378,147,46,278,283,282,270,394,296,145,36,38,224,35,37,39,40,66,279,43,162,42,399,400,156,94,9,230,3,333,77,78,100,440,172,265,199,197,161,107,317,261,264,266,336,160,129,58,126,229,7,236,155,112,340,238,95,237,119,154,128,223,159,122,273,158,8,127,140,193,116,91,118,168,4,169,6,142,132,120,123,104,138,135,97,137,136,358,133,124,106,139,111,108,141,131,113,313,117,92,105,341,318,411,61,319,99,274,54,342,408,315,314,344,60,62,148,320,96,316,268,356,267,18,351,153,121,413,134,57,412,114,115,130,231,125,110,56,5,72,271,191,67,65,277,355,87,89,68,76,71,370,377,374,17,346,74,275,371,276,55,367,73,152,357,109,75,335,59,196,343,194,63,195,220,70,215,33,347,166,173,64,170,401,34,143,354,144,151,149,222,353,406,150,407,163,227,405,190,221,192,228,233,226,225,82,234,235,352,85,84,83,366,53,232,176,303,350,86,365,177,189,364,345,167,302,363,362,219,81,175,14,11,13,32,10,80,174,31,180,349,181,348,12,217,216,218,188,361,183,179,481,301,79,182,427,16,430,487,429,428,0,15,455,445,450,19,448,1,453,260,484,446,464,485,442,439,432,479,456,438,431,451,447,449,470,467,28,452,436,462,458,465,473,422,461,20,476,433,488,257,468,471,459,437,477,256,474,454,517,457,509,423,259,444,258,482,480,486,483,506,187,508,359,21,185,186,22,184,23,24,25,360,26,528,498,425,27,30,29,322,489,324,388,323,325,526,510,527,525,490,499,391,390,503,515,321,389,505,504,507,426,500,434,435,497,523,424,529,524,516,533,501,101,512,511,103,514,513,102,519,502,329,518,327,330,521,494,326,520,522,328,2,331,493,530,535,495,532,536,534,496,531,491,492,
402,369,403,404,309,69,241,311,250,254,305,310,308,306,253,304,255,247,252,246,251,410,243,242,248,249,240,245,466,478,244,463,475,368,90,295,419,469,472,307,312,460,417,293,298,297,376,286,421,409,375,281,287,239,300,292,290,299,443,420,338,198,373,214,211,415,418,339,209,203,416,269,157,210,202,398,204,205,201,200,207,208,291,289,288,98,206,212,213,387,50,334,88,385,372,384,280,383,414,178,263,262,393,395,52,49,337,93,441,272,48,146,171,164,332,47,381,165,392,294,44,45,382,285,41,386,397,284,51,379,378,396,380,147,46,278,283,282,270,394,296,36,145,38,224,37,35,39,40,279,66,43,162,42,399,400,156,94,9,230,3,333,77,78,100,440,172,265,199,197,107,161,317,264,261,266,336,129,160,58,126,229,7,155,236,112,340,237,238,95,128,154,119,223,159,273,122,158,8,127,193,116,140,91,118,4,168,169,6,142,120,138,132,104,123,135,97,137,358,136,133,124,106,108,139,111,113,141,131,117,92,313,318,341,411,105,61,319,54,274,342,99,408,315,344,314,148,62,60,320,267,356,96,316,268,18,153,351,121,57,134,412,114,413,130,115,231,125,56,5,110,65,271,72,67,191,87,277,355,89,68,76,71,377,374,370,17,74,275,346,371,276,55,367,73,152,357,109,335,75,59,196,343,194,195,63,220,70,33,215,166,347,64,173,170,401,143,34,354,144,149,151,222,353,406,150,407,163,227,405,233,228,226,221,192,190,225,82,234,235,352,85,366,84,83,303,53,232,176,86,350,189,365,177,364,345,167,302,363,219,362,14,175,81,11,10,32,13,174,80,180,31,349,181,12,348,188,217,216,218,361,183,179,481,301,79,182,427,16,430,487,428,429,0,15,455,445,19,450,448,1,260,453,484,446,464,485,442,439,432,479,456,438,451,431,449,447,467,470,28,452,436,462,465,458,473,461,422,20,476,433,488,257,474,477,437,256,459,468,471,454,517,457,509,259,423,444,258,486,482,480,483,506,187,508,359,21,185,23,186,24,184,22,25,360,26,498,528,29,425,30,27,324,489,322,323,325,388,526,510,527,391,525,499,490,503,390,515,321,505,389,504,426,507,500,434,435,497,523,424,524,533,516,529,501,101,511,514,102,103,512,513,519,502,518,327,329,330,326,521,520,494,522,2,331,328,530,495,531,496,491,535,532,493,492,536,534,
402,369,403,404,309,69,241,311,250,254,305,308,310,306,253,304,255,247,252,246,251,410,243,242,248,249,240,245,466,478,244,463,368,90,475,295,419,469,472,307,312,460,417,293,297,298,376,286,421,375,409,281,287,239,300,292,290,299,443,420,338,198,373,214,211,418,415,339,203,209,269,416,157,202,210,398,204,205,201,200,207,208,291,289,288,98,206,212,213,387,50,334,88,385,372,384,280,383,414,178,262,263,393,395,52,49,337,93,441,272,146,48,171,164,332,47,381,392,165,294,45,386,382,285,41,44,284,51,397,378,379,380,396,147,46,278,283,282,394,270,296,36,145,38,224,35,37,39,66,40,279,43,162,42,399,156,400,94,230,9,3,333,77,78,100,440,172,265,199,197,161,107,317,261,264,266,336,160,58,129,126,229,7,155,236,112,340,95,237,238,128,119,154,223,159,8,273,122,158,127,116,193,140,91,118,168,4,6,169,142,123,132,138,120,104,135,358,137,133,97,136,106,124,139,108,111,141,113,131,313,117,92,318,411,105,61,341,319,342,274,99,54,315,408,314,344,148,60,62,320,267,316,96,356,268,351,153,18,114,413,412,57,134,121,125,231,130,115,5,56,110,191,65,67,72,271,355,87,277,89,76,68,377,370,17,374,71,346,74,275,371,276,367,55,73,152,357,109,75,335,59,196,343,194,195,63,220,215,33,70,166,347,64,173,170,143,401,34,354,144,149,151,353,222,150,406,407,163,227,405,221,190,233,192,226,228,225,82,235,234,352,85,84,83,366,53,176,303,232,86,350,177,189,365,364,345,363,302,167,219,362,175,14,81,11,32,13,10,174,80,31,180,349,181,12,348,218,216,188,217,361,183,179,481,79,301,182,427,16,430,487,428,429,0,15,455,445,450,19,1,448,453,260,484,446,464,442,485,432,439,456,479,431,451,438,447,449,470,467,28,452,436,465,462,458,473,422,461,20,433,488,476,257,477,471,437,468,256,474,459,454,517,457,509,444,423,259,258,482,480,486,483,506,187,508,359,21,185,186,184,23,24,22,25,360,26,528,498,29,30,27,425,322,324,489,325,388,323,510,526,527,525,391,503,390,490,499,515,321,389,505,504,426,507,500,434,435,497,523,524,516,529,424,533,101,501,511,102,514,513,512,103,519,502,329,327,518,330,520,326,521,522,494,331,2,328,496,495,492,491,493,536,532,531,535,534,530,
402,369,403,404,309,69,241,311,250,254,305,308,310,306,253,304,255,247,252,246,251,410,243,242,248,249,240,245,466,478,244,463,90,475,368,295,419,469,472,307,312,460,417,293,297,298,376,286,421,409,375,281,287,239,300,292,290,299,443,420,338,198,373,214,211,418,415,339,209,203,269,416,157,202,210,204,398,205,201,200,207,208,291,289,288,98,206,212,213,50,387,334,88,385,372,384,280,383,414,178,262,263,393,395,52,49,337,93,441,272,48,146,171,164,332,47,165,392,381,294,285,382,45,386,44,41,397,284,51,396,378,380,379,147,46,278,283,282,394,270,296,145,36,38,224,37,35,39,40,66,279,43,162,42,399,156,400,94,230,9,3,333,77,100,78,440,172,265,199,197,161,107,317,264,261,266,336,129,58,160,126,229,7,112,236,155,340,237,95,238,119,154,128,223,159,122,8,158,273,127,140,193,116,91,118,168,4,169,6,142,138,120,135,123,132,104,136,137,133,97,358,124,106,139,111,108,131,113,141,92,313,117,341,105,411,61,318,319,99,54,342,274,408,315,344,314,60,148,62,320,268,267,316,96,356,351,153,18,121,57,134,412,114,413,125,115,130,231,110,56,5,67,271,72,191,65,355,87,277,89,76,68,71,370,374,377,17,346,275,74,371,276,367,55,73,152,357,109,75,335,59,196,194,343,63,195,220,215,33,70,166,347,173,64,170,34,401,143,354,144,149,151,353,222,150,406,407,227,405,163,226,233,192,221,228,190,225,82,234,235,352,84,85,366,83,176,303,53,232,86,350,189,177,365,364,345,167,302,362,363,219,14,81,175,11,10,32,13,31,174,180,80,181,349,12,348,216,188,218,217,361,183,481,179,79,301,182,427,16,430,487,429,428,0,15,455,445,450,19,1,448,260,453,464,446,484,485,442,439,432,456,479,438,451,431,447,449,467,470,28,452,436,465,462,458,473,422,461,20,433,488,476,257,256,474,477,471,437,468,459,454,517,457,509,444,259,423,258,482,486,480,483,506,187,508,359,21,185,24,22,23,184,186,25,360,26,498,528,425,27,30,29,489,322,324,323,325,388,526,510,527,499,390,490,525,503,391,515,321,389,505,504,507,426,434,500,435,497,523,533,529,524,516,424,101,501,103,511,514,512,513,102,519,502,518,330,329,327,521,522,494,520,326,2,328,331,493,535,536,532,534,531,491,495,492,530,496,
402,369,403,404,309,69,241,311,250,254,305,310,308,306,253,304,255,247,252,246,251,410,243,242,249,248,240,245,466,478,244,463,368,90,475,295,419,469,472,307,312,460,417,293,298,297,376,286,421,409,375,281,287,239,300,292,290,299,443,420,338,198,373,214,211,415,418,339,203,209,269,416,157,210,202,398,204,205,201,200,207,208,291,289,288,98,206,212,213,50,387,334,88,385,372,384,280,383,414,178,262,263,393,395,52,49,337,93,272,441,146,48,171,164,332,47,381,165,392,294,382,44,41,45,386,285,51,397,284,378,396,379,380,147,46,278,283,282,270,394,296,145,36,38,224,37,35,39,279,40,66,43,162,42,399,156,400,94,230,9,3,333,77,100,78,440,172,265,199,197,161,107,317,264,261,266,336,58,129,160,126,229,7,155,236,112,340,238,237,95,119,154,128,223,159,158,273,8,122,127,193,116,140,91,118,4,168,6,169,142,135,123,120,138,104,132,136,97,358,133,137,124,106,108,139,111,113,141,131,92,117,313,341,318,105,411,61,319,342,274,54,99,408,315,344,314,62,148,60,320,96,316,267,356,268,153,351,18,114,412,413,57,121,134,115,231,125,130,110,56,5,72,191,67,65,271,87,277,355,89,76,68,370,377,374,17,71,346,74,275,371,276,55,367,73,152,357,109,335,75,59,196,194,343,195,63,220,70,33,215,347,166,173,64,170,401,143,34,354,144,149,151,353,222,406,407,150,227,163,405,190,226,228,233,221,192,82,225,235,234,352,83,366,84,85,53,176,303,232,86,350,365,189,177,345,364,362,363,167,302,219,14,175,81,11,32,13,10,174,180,31,80,181,349,348,12,216,217,188,218,361,183,179,481,79,301,182,427,16,430,487,428,429,15,0,455,445,450,19,448,1,453,260,464,484,446,442,485,439,432,456,479,438,451,431,449,447,470,467,28,436,452,465,458,462,473,461,422,20,433,488,476,257,459,256,474,468,471,437,477,454,517,457,509,423,259,444,258,486,480,482,483,506,187,508,359,21,185,23,24,186,184,22,25,360,26,498,528,425,29,27,30,322,489,324,388,325,323,510,526,527,390,391,499,503,490,525,515,321,504,505,389,507,426,434,500,435,497,523,533,524,529,516,424,501,101,102,103,512,514,513,511,519,502,518,329,330,327,522,494,521,520,326,328,331,2,530,534,496,491,531,536,532,492,493,495,535,
402,369,403,404,309,69,241,311,250,254,305,310,308,306,253,304,255,247,252,246,251,410,243,242,248,249,240,245,466,478,244,463,90,475,368,295,419,469,472,307,312,460,417,293,298,297,376,286,421,375,409,281,287,239,300,292,290,299,443,420,338,198,373,214,211,418,415,339,209,203,416,269,157,202,210,398,204,205,201,200,207,208,291,289,288,98,206,212,213,387,50,334,88,385,372,384,383,280,414,178,262,263,393,395,52,49,337,93,441,272,146,48,171,164,332,47,392,165,381,294,382,285,41,45,386,44,397,51,284,378,380,396,379,147,278,46,283,282,270,394,296,145,36,38,224,37,35,39,66,279,40,43,162,42,399,156,400,94,230,9,3,333,77,78,100,440,172,265,199,197,161,107,317,261,264,266,336,58,160,129,126,229,7,112,155,236,340,237,95,238,128,119,154,223,159,273,158,122,8,127,140,193,116,91,118,4,168,169,6,142,104,120,138,132,123,135,137,97,358,133,136,106,124,111,108,139,131,113,141,92,117,313,318,61,105,341,411,319,99,274,54,342,315,408,314,344,148,60,62,320,96,316,268,267,356,153,351,18,412,57,134,114,121,413,115,125,231,130,5,110,56,72,65,191,271,67,355,277,87,89,68,76,71,374,377,370,17,275,74,346,371,276,367,55,152,73,357,109,75,335,59,196,343,194,195,63,220,70,215,33,166,347,173,64,170,401,143,34,354,144,149,151,222,353,407,406,150,163,227,405,233,192,221,226,228,190,225,82,235,234,352,83,84,85,366,176,53,232,303,350,86,365,189,177,364,345,302,362,167,219,363,14,175,81,11,13,10,32,174,180,31,80,181,349,12,348,217,216,188,218,361,183,179,481,301,79,182,427,16,430,487,429,428,15,0,455,445,19,450,1,448,453,260,464,484,446,485,442,432,439,456,479,431,451,438,447,449,467,470,28,436,452,462,458,465,473,422,461,20,488,476,433,257,256,459,474,437,471,477,468,454,517,457,509,444,259,423,258,486,480,482,483,506,187,508,359,21,185,23,186,184,22,24,25,360,26,498,528,30,27,29,425,489,324,322,325,388,323,526,510,527,391,525,499,490,503,390,515,321,389,504,505,426,507,500,434,435,497,523,529,516,533,524,424,101,501,514,511,103,513,512,102,519,502,518,327,330,329,521,326,522,494,520,331,328,2,532,530,495,531,493,536,496,491,535,492,534,
402,369,403,404,309,69,241,311,250,254,305,308,310,306,253,304,255,247,252,246,251,410,243,242,248,249,240,245,466,478,244,463,90,475,368,295,419,469,472,307,312,460,417,293,298,297,376,286,421,375,409,281,287,239,300,292,290,299,443,420,338,198,373,214,211,415,418,339,203,209,269,416,157,210,202,204,398,205,201,200,207,208,291,289,288,206,98,212,213,50,387,334,88,385,372,384,280,383,414,178,262,263,393,395,52,49,337,93,272,441,48,146,171,164,332,47,165,381,392,294,41,386,45,44,285,382,284,397,51,396,379,380,378,147,46,278,283,282,270,394,296,145,36,38,224,35,37,39,279,40,66,43,162,42,399,156,400,94,230,9,3,333,77,78,100,440,172,265,199,197,107,161,317,264,261,266,336,58,160,129,126,229,7,155,236,112,340,237,238,95,119,128,154,223,159,8,122,158,273,127,116,193,140,91,118,4,168,169,6,142,120,123,135,104,138,132,358,97,136,137,133,124,106,108,139,111,113,131,141,117,313,92,411,61,341,105,318,319,99,54,274,342,408,315,314,344,60,148,62,320,96,267,268,316,356,153,18,351,413,134,412,121,57,114,115,231,130,125,110,5,56,72,271,67,65,191,355,277,87,89,68,76,374,71,370,377,17,275,346,74,276,371,55,367,152,73,357,109,335,75,59,196,194,343,195,63,220,70,215,33,347,166,173,64,170,34,143,401,354,144,149,151,353,222,150,406,407,227,405,163,190,228,192,226,233,221,225,82,235,234,352,85,83,366,84,303,53,232,176,86,350,365,189,177,364,345,302,362,363,167,219,14,81,175,11,13,10,32,174,180,80,31,181,349,348,12,216,217,188,218,361,183,481,179,301,79,182,427,16,430,487,429,428,0,15,455,445,450,19,1,448,260,453,464,446,484,442,485,432,439,456,479,438,451,431,447,449,467,470,28,436,452,465,458,462,473,422,461,20,488,476,433,257,477,459,471,468,437,256,474,454,517,457,509,444,259,423,258,482,480,486,483,506,187,508,359,21,185,22,23,184,24,186,25,360,26,498,528,30,425,27,29,322,489,324,388,323,325,526,510,527,503,390,391,525,490,499,515,321,505,389,504,426,507,434,500,435,497,523,533,524,529,424,516,501,101,511,513,512,103,102,514,519,502,518,327,330,329,494,520,522,521,326,328,2,331,491,496,531,493,532,535,495,492,534,530,536,
402,369,403,404,309,69,241,311,250,254,305,310,308,306,253,304,255,247,252,246,251,410,243,242,249,248,240,245,466,478,244,463,368,475,90,295,419,469,472,307,312,460,417,293,298,297,376,286,421,375,409,281,287,239,300,292,290,299,443,420,338,198,373,214,211,418,415,339,209,203,416,269,157,210,202,204,398,205,201,200,207,208,291,289,288,98,206,212,213,387,50,334,88,385,372,384,383,280,414,178,262,263,393,395,52,49,337,93,441,272,48,146,171,164,332,47,392,165,381,294,386,45,41,285,44,382,51,284,397,380,396,379,378,147,278,46,283,282,270,394,296,36,145,38,224,37,35,39,279,40,66,43,162,42,399,400,156,94,230,9,3,333,77,100,78,440,172,265,199,197,161,107,317,261,264,266,336,129,160,58,126,229,7,236,155,112,340,237,238,95,119,128,154,223,159,273,122,8,158,127,116,193,140,91,118,4,168,169,6,142,123,120,135,104,138,132,136,97,133,358,137,106,124,111,108,139,113,131,141,92,313,117,105,341,61,318,411,319,54,99,274,342,315,408,314,344,60,148,62,320,96,267,316,356,268,351,18,153,134,413,57,121,114,412,231,115,130,125,56,110,5,191,67,271,72,65,87,277,355,89,68,76,17,374,71,370,377,74,275,346,276,371,367,55,152,73,357,109,335,75,59,196,343,194,63,195,220,70,33,215,347,166,173,64,170,401,143,34,354,144,151,149,222,353,406,407,150,227,163,405,192,190,221,233,228,226,82,225,235,234,352,84,83,85,366,53,303,232,176,86,350,177,365,189,364,345,167,363,302,219,362,81,14,175,11,13,32,10,180,174,80,31,349,181,12,348,217,188,216,218,361,183,481,179,79,301,182,427,16,430,487,428,429,0,15,455,445,19,450,1,448,260,453,464,446,484,485,442,439,432,456,479,438,451,431,447,449,467,470,28,436,452,465,462,458,473,422,461,20,488,433,476,257,471,468,437,477,474,459,256,454,517,457,509,423,259,444,258,480,482,486,483,506,187,508,359,21,185,24,186,22,184,23,25,360,26,528,498,27,30,425,29,324,322,489,325,388,323,510,526,527,391,390,490,503,525,499,515,321,389,504,505,426,507,500,434,435,523,497,524,516,424,533,529,501,101,512,511,102,103,514,513,519,502,330,327,518,329,520,521,522,494,326,331,328,2,492,496,493,495,491,530,536,535,532,534,531,
402,369,403,404,309,69,241,311,250,254,305,310,308,306,253,304,255,247,252,246,251,410,243,242,248,249,240,245,466,478,244,463,368,90,475,295,419,469,472,307,312,460,417,293,298,297,376,286,421,375,409,281,287,239,300,292,290,299,443,420,338,198,373,214,211,418,415,339,209,203,269,416,157,210,202,204,398,205,201,200,207,208,291,289,288,98,206,212,213,50,387,334,88,385,372,384,280,383,414,178,263,262,393,395,52,49,337,93,441,272,146,48,171,164,332,47,392,381,165,294,285,386,382,44,45,41,284,51,397,380,396,378,379,147,278,46,283,282,394,270,296,36,145,38,224,35,37,39,40,279,66,43,162,42,399,156,400,94,9,230,3,333,77,78,100,440,172,265,199,197,161,107,317,261,264,266,336,58,129,160,126,229,7,155,112,236,340,238,237,95,119,154,128,223,159,158,122,8,273,127,193,140,116,91,118,4,168,6,169,142,104,132,120,135,138,123,136,358,97,133,137,124,106,111,108,139,113,141,131,117,92,313,341,318,105,61,411,319,342,99,274,54,408,315,344,314,62,60,148,320,96,316,267,356,268,18,153,351,57,413,412,114,134,121,125,130,115,231,56,5,110,72,65,271,67,191,355,87,277,89,76,68,17,374,370,71,377,74,346,275,276,371,367,55,152,73,357,109,75,335,59,196,343,194,63,195,220,70,215,33,347,166,64,173,170,401,143,34,354,144,151,149,222,353,406,407,150,163,405,227,233,226,192,221,228,190,225,82,235,234,352,84,83,85,366,176,303,232,53,350,86,189,365,177,345,364,167,363,219,302,362,175,81,14,11,32,10,13,174,31,80,180,181,349,348,12,217,216,188,218,361,183,481,179,79,301,182,427,16,430,487,429,428,15,0,455,445,19,450,448,1,453,260,446,484,464,485,442,432,439,456,479,451,431,438,447,449,470,467,28,436,452,462,458,465,473,461,422,20,433,488,476,257,471,437,256,459,477,468,474,454,517,457,509,423,444,259,258,480,486,482,483,506,187,508,359,21,185,186,22,23,24,184,25,360,26,498,528,30,27,425,29,324,489,322,325,388,323,526,510,527,391,390,503,499,490,525,515,321,504,505,389,426,507,434,500,435,497,523,524,516,529,533,424,501,101,102,514,512,511,103,513,519,502,327,329,330,518,520,521,494,522,326,331,328,2,492,536,530,496,491,534,532,531,495,535,493,
402,369,403,404,309,69,241,311,250,254,305,310,308,306,253,304,255,247,252,246,251,410,243,242,248,249,240,245,466,478,244,463,368,475,90,295,419,469,472,307,312,460,417,293,298,297,376,286,421,375,409,281,287,239,300,292,290,299,443,420,338,198,373,214,211,415,418,339,209,203,416,269,157,210,202,398,204,205,201,200,207,208,291,289,288,98,206,212,213,387,50,334,88,385,372,384,383,280,414,178,262,263,393,395,52,49,337,93,441,272,48,146,171,164,332,47,165,392,381,294,45,382,44,41,285,386,284,397,51,378,396,380,379,147,278,46,283,282,394,270,296,145,36,38,224,35,37,39,66,279,40,43,162,42,399,400,156,94,230,9,3,333,77,100,78,440,172,265,199,197,107,161,317,264,261,266,336,129,160,58,126,229,7,112,236,155,340,95,237,238,119,128,154,223,159,273,122,8,158,127,116,140,193,91,118,168,4,169,6,142,138,120,135,132,123,104,358,136,137,133,97,124,106,139,108,111,131,113,141,117,313,92,341,318,105,411,61,319,54,274,342,99,315,408,314,344,60,62,148,320,96,316,356,268,267,153,18,351,121,114,57,413,134,412,231,115,130,125,56,5,110,72,67,191,271,65,277,87,355,89,76,68,71,374,377,17,370,275,346,74,371,276,55,367,152,73,357,109,75,335,59,196,343,194,195,63,220,215,70,33,347,166,64,173,170,401,143,34,354,144,151,149,222,353,406,150,407,163,405,227,190,233,221,192,228,226,82,225,235,234,352,84,366,83,85,176,303,53,232,350,86,177,189,365,364,345,302,362,219,167,363,14,175,81,11,10,13,32,31,80,180,174,349,181,12,348,188,216,217,218,361,183,481,179,301,79,182,427,16,430,487,429,428,15,0,455,445,450,19,1,448,453,260,484,464,446,442,485,432,439,479,456,438,451,431,447,449,470,467,28,452,436,462,465,458,473,422,461,20,488,476,433,257,477,471,468,437,474,256,459,454,517,457,509,423,259,444,258,482,486,480,483,506,187,508,359,21,185,184,24,23,22,186,25,360,26,498,528,27,30,29,425,489,322,324,323,388,325,510,526,527,525,499,490,390,391,503,515,321,389,504,505,426,507,434,500,435,497,523,533,524,529,424,516,101,501,103,512,514,511,102,513,519,502,327,330,518,329,521,520,326,522,494,328,331,2,531,496,530,493,491,536,492,495,532,535,534,
402,369,403,404,309,69,241,311,250,254,305,310,308,306,253,304,255,247,252,246,251,410,243,242,248,249,240,245,466,478,244,463,475,368,90,295,419,469,472,307,312,460,417,293,298,297,376,286,421,409,375,281,287,239,300,292,290,299,443,420,338,198,373,214,211,418,415,339,209,203,416,269,157,210,202,204,398,205,201,200,207,208,291,289,288,98,206,212,213,387,50,334,88,385,372,384,383,280,414,178,262,263,393,395,52,49,337,93,272,441,146,48,171,164,332,47,392,381,165,294,41,44,45,285,386,382,397,51,284,378,396,380,379,147,278,46,283,282,394,270,296,36,145,38,224,35,37,39,279,66,40,43,162,42,399,156,400,94,9,230,3,333,77,78,100,440,172,265,199,197,107,161,317,264,261,266,336,129,58,160,126,229,7,236,155,112,340,238,237,95,154,128,119,223,159,8,158,122,273,127,193,140,116,91,118,168,4,169,6,142,135,120,123,138,104,132,358,136,133,97,137,124,106,139,111,108,141,131,113,313,117,92,341,318,105,61,411,319,99,342,54,274,408,315,314,344,148,60,62,320,316,268,356,267,96,351,18,153,134,121,412,413,114,57,130,115,231,125,56,5,110,271,65,72,67,191,87,277,355,89,76,68,374,377,17,71,370,275,74,346,371,276,55,367,152,73,357,109,75,335,59,196,343,194,63,195,220,33,215,70,347,166,64,173,170,34,143,401,354,144,151,149,353,222,406,150,407,227,405,163,233,190,228,192,221,226,225,82,235,234,352,85,83,84,366,303,53,176,232,350,86,365,189,177,364,345,363,167,219,302,362,14,81,175,11,32,10,13,180,31,174,80,349,181,12,348,216,188,218,217,361,183,481,179,301,79,182,427,16,430,487,429,428,15,0,455,445,450,19,448,1,260,453,446,464,484,442,485,439,432,456,479,451,438,431,449,447,467,470,28,452,436,465,458,462,473,461,422,20,476,433,488,257,474,459,471,477,256,468,437,454,517,457,509,259,423,444,258,482,480,486,483,506,187,508,359,21,185,186,22,23,24,184,25,360,26,498,528,27,29,425,30,489,322,324,323,325,388,526,510,527,391,503,490,525,499,390,515,321,504,389,505,426,507,434,500,435,523,497,533,529,516,424,524,101,501,103,511,102,512,514,513,519,502,518,329,330,327,521,326,520,522,494,2,328,331,534,535,495,536,491,531,530,532,496,492,493,
402,369,403,404,309,69,241,311,250,254,305,310,308,306,253,304,255,247,252,246,251,410,243,242,249,248,240,245,466,478,244,463,368,475,90,295,419,469,472,307,312,460,417,293,297,298,376,286,421,375,409,281,287,239,300,292,290,299,443,420,338,198,373,214,211,418,415,339,203,209,269,416,157,210,202,398,204,205,201,200,207,208,291,289,288,98,206,212,213,387,50,334,88,385,372,384,383,280,414,178,262,263,393,395,52,49,337,93,272,441,146,48,171,164,332,47,165,381,392,294,45,44,285,386,41,382,51,397,284,378,396,380,379,147,46,278,283,282,270,394,296,36,145,38,224,35,37,39,66,40,279,43,162,42,399,400,156,94,9,230,3,333,77,78,100,440,172,265,199,197,161,107,317,264,261,266,336,160,129,58,126,229,7,112,155,236,340,238,237,95,128,154,119,223,159,273,158,122,8,127,193,116,140,91,118,4,168,169,6,142,138,123,104,135,120,132,133,137,97,358,136,106,124,139,108,111,113,131,141,92,117,313,61,411,341,318,105,319,342,274,99,54,315,408,344,314,62,60,148,320,267,96,316,356,268,18,153,351,412,134,114,413,121,57,130,125,115,231,110,56,5,72,67,271,191,65,277,355,87,89,76,68,17,377,370,71,374,74,275,346,276,371,367,55,152,73,357,109,335,75,59,196,194,343,195,63,220,33,215,70,347,166,64,173,170,143,34,401,354,144,149,151,222,353,150,406,407,227,405,163,192,226,190,221,233,228,225,82,235,234,352,366,84,83,85,176,303,53,232,86,350,365,177,189,364,345,219,167,362,302,363,175,14,81,11,13,32,10,180,31,80,174,349,181,12,348,188,216,217,218,361,183,481,179,79,301,182,427,16,430,487,429,428,15,0,455,445,450,19,1,448,260,453,484,464,446,485,442,432,439,479,456,438,451,431,449,447,470,467,28,436,452,458,465,462,473,422,461,20,433,488,476,257,437,474,256,468,471,459,477,454,517,457,509,259,423,444,258,482,486,480,483,506,187,508,359,21,185,24,23,186,22,184,25,360,26,498,528,425,27,29,30,322,324,489,323,325,388,510,526,527,499,390,490,503,525,391,515,321,389,504,505,426,507,434,500,435,523,497,424,516,533,529,524,101,501,513,512,102,514,511,103,519,502,329,518,330,327,522,521,520,494,326,331,328,2,536,535,534,531,493,530,492,491,532,495,496,
402,369,403,404,309,69,241,311,250,254,305,310,308,306,253,304,255,247,252,246,251,410,243,242,248,249,240,245,466,478,244,463,90,475,368,295,419,469,472,307,312,460,417,293,297,298,376,286,421,409,375,281,287,239,300,292,290,299,443,420,338,198,373,214,211,418,415,339,209,203,269,416,157,210,202,398,204,205,201,200,207,208,291,289,288,206,98,212,213,387,50,334,88,385,372,384,383,280,414,178,263,262,393,395,52,49,337,93,441,272,48,146,171,164,332,47,392,165,381,294,285,41,386,382,44,45,284,51,397,379,378,396,380,147,46,278,283,282,270,394,296,36,145,38,224,35,37,39,66,40,279,43,162,42,399,156,400,94,230,9,3,333,77,78,100,440,172,265,199,197,107,161,317,261,264,266,336,129,58,160,126,229,7,236,155,112,340,237,95,238,119,128,154,223,159,158,273,122,8,127,193,140,116,91,118,168,4,6,169,142,120,123,135,138,132,104,136,137,358,97,133,106,124,108,139,111,131,113,141,117,92,313,318,61,411,341,105,319,99,274,342,54,315,408,344,314,60,62,148,320,316,96,356,267,268,18,153,351,121,134,412,413,114,57,125,130,231,115,5,110,56,65,191,72,67,271,277,87,355,89,76,68,370,377,17,374,71,346,275,74,371,276,367,55,152,73,357,109,75,335,59,196,343,194,63,195,220,70,215,33,166,347,64,173,170,143,34,401,354,144,151,149,353,222,150,407,406,227,405,163,192,233,190,221,226,228,82,225,234,235,352,83,85,84,366,303,176,53,232,350,86,189,177,365,364,345,219,302,362,363,167,175,81,14,11,13,10,32,174,180,31,80,181,349,12,348,188,217,216,218,361,183,481,179,301,79,182,427,16,430,487,429,428,15,0,455,445,19,450,1,448,260,453,446,484,464,485,442,432,439,456,479,451,438,431,447,449,467,470,28,436,452,462,458,465,473,461,422,20,476,488,433,257,474,471,437,477,459,468,256,454,517,457,509,259,444,423,258,480,482,486,483,506,187,508,359,21,185,23,184,22,24,186,25,360,26,498,528,29,30,27,425,324,322,489,325,323,388,526,510,527,499,503,525,391,490,390,515,321,504,389,505,426,507,434,500,435,497,523,516,424,533,524,529,101,501,514,103,513,102,511,512,519,502,329,327,518,330,522,494,326,520,521,331,2,328,495,534,493,491,536,531,535,530,532,496,492,
402,369,403,404,309,69,241,311,250,254,305,310,308,306,253,304,255,247,252,246,251,410,243,242,249,248,240,245,466,478,244,463,368,90,475,295,419,469,472,307,312,460,417,293,298,297,376,286,421,409,375,281,287,239,300,292,290,299,443,420,338,198,373,214,211,415,418,339,203,209,416,269,157,210,202,398,204,205,201,200,208,207,291,289,288,206,98,212,213,50,387,334,88,385,372,384,383,280,414,178,263,262,393,395,52,49,337,93,272,441,48,146,171,164,332,47,381,165,392,294,382,41,44,285,45,386,51,284,397,379,380,378,396,147,46,278,283,282,394,270,296,36,145,38,224,37,35,39,66,40,279,43,162,42,399,400,156,94,9,230,3,333,77,78,100,440,172,265,199,197,107,161,317,261,264,266,336,160,58,129,126,229,7,112,236,155,340,238,95,237,128,119,154,223,159,8,158,122,273,127,116,140,193,91,118,168,4,169,6,142,132,135,104,138,120,123,97,137,358,133,136,124,106,111,139,108,141,113,131,92,313,117,341,411,105,61,318,319,342,54,274,99,315,408,344,314,148,60,62,320,316,356,267,268,96,153,351,18,134,413,114,121,57,412,130,231,115,125,56,110,5,191,65,67,271,72,87,277,355,89,68,76,71,370,374,377,17,346,275,74,276,371,367,55,73,152,357,109,75,335,59,196,194,343,63,195,220,33,70,215,166,347,173,64,170,34,401,143,354,144,149,151,222,353,150,406,407,163,227,405,228,192,226,233,190,221,225,82,234,235,352,85,84,366,83,176,303,232,53,350,86,365,177,189,345,364,362,302,219,363,167,175,14,81,11,10,32,13,174,31,80,180,181,349,12,348,218,216,217,188,361,183,179,481,301,79,182,427,16,430,487,429,428,15,0,455,445,450,19,1,448,260,453,464,484,446,485,442,432,439,479,456,438,431,451,447,449,467,470,28,436,452,458,462,465,473,461,422,20,433,476,488,257,468,437,477,474,471,459,256,454,517,457,509,423,259,444,258,480,482,486,483,506,187,508,359,21,185,22,24,184,186,23,25,360,26,498,528,29,27,30,425,489,322,324,323,325,388,510,526,527,391,525,490,499,390,503,515,321,389,505,504,426,507,500,434,435,497,523,516,424,524,533,529,101,501,511,103,514,512,513,102,519,502,327,329,330,518,326,520,521,494,522,2,328,331,492,530,536,534,531,535,491,493,496,495,532,
402,369,403,404,309,69,241,311,250,254,305,310,308,306,253,304,255,247,252,246,251,410,243,242,248,249,240,245,466,478,244,463,475,368,90,295,419,469,472,307,312,460,417,293,297,298,376,286,421,375,409,281,287,239,300,292,290,299,443,420,338,198,373,214,211,418,415,339,209,203,416,269,157,202,210,204,398,205,201,200,207,208,291,289,288,98,206,212,213,50,387,334,88,385,372,384,280,383,414,178,263,262,393,395,52,49,337,93,441,272,48,146,171,164,332,47,165,381,392,294,45,44,285,386,382,41,51,397,284,379,396,378,380,147,278,46,283,282,270,394,296,145,36,38,224,37,35,39,66,40,279,43,162,42,399,156,400,94,9,230,3,333,77,78,100,440,172,265,199,197,161,107,317,264,261,266,336,129,58,160,126,229,7,236,155,112,340,238,237,95,128,119,154,223,159,8,122,158,273,127,140,193,116,91,118,168,4,169,6,142,138,123,135,104,120,132,133,136,137,97,358,106,124,111,108,139,131,113,141,92,117,313,341,318,411,105,61,319,54,342,274,99,408,315,344,314,62,60,148,320,356,316,267,268,96,153,351,18,134,57,114,413,121,412,231,115,125,130,5,110,56,72,191,65,271,67,277,355,87,89,76,68,374,377,71,17,370,74,346,275,276,371,55,367,152,73,357,109,75,335,59,196,194,343,195,63,220,70,215,33,347,166,173,64,170,401,143,34,354,144,149,151,222,353,150,406,407,405,227,163,190,192,228,221,226,233,82,225,235,234,352,83,366,85,84,176,232,303,53,350,86,189,365,177,345,364,363,362,219,302,167,175,81,14,11,13,32,10,174,31,180,80,349,181,348,12,218,216,188,217,361,183,179,481,79,301,182,427,16,430,487,429,428,0,15,455,445,19,450,448,1,453,260,484,464,446,485,442,432,439,456,479,438,451,431,447,449,467,470,28,452,436,458,462,465,473,461,422,20,476,488,433,257,437,256,477,471,468,459,474,454,517,457,509,423,259,444,258,480,486,482,483,506,187,508,359,21,185,186,22,23,184,24,25,360,26,498,528,30,29,27,425,489,324,322,388,325,323,510,526,527,503,499,390,490,525,391,515,321,504,505,389,507,426,500,434,435,497,523,533,529,516,524,424,501,101,512,103,102,514,513,511,519,502,518,329,327,330,522,494,520,521,326,331,2,328,495,534,492,530,491,535,536,532,496,493,531,
402,369,403,404,309,69,241,311,250,254,305,308,310,306,253,304,255,247,252,246,251,410,243,242,248,249,240,245,466,478,244,463,90,475,368,295,419,469,472,307,312,460,417,293,297,298,376,286,421,375,409,281,287,239,300,292,290,299,443,420,338,198,373,214,211,418,415,339,209,203,269,416,157,202,210,398,204,205,201,200,208,207,291,289,288,98,206,212,213,50,387,334,88,385,372,384,280,383,414,178,262,263,393,395,52,49,337,93,441,272,146,48,171,164,332,47,165,381,392,294,382,45,386,44,285,41,284,51,397,380,396,379,378,147,46,278,283,282,394,270,296,36,145,38,224,35,37,39,40,66,279,43,162,42,399,400,156,94,9,230,3,333,77,100,78,440,172,265,199,197,107,161,317,261,264,266,336,160,129,58,126,229,7,155,112,236,340,95,237,238,154,128,119,223,159,273,158,8,122,127,193,116,140,91,118,168,4,169,6,142,104,138,132,120,135,123,133,136,137,97,358,124,106,108,111,139,141,131,113,117,92,313,318,105,341,411,61,319,342,99,274,54,408,315,314,344,148,60,62,320,96,268,267,356,316,351,18,153,121,57,413,114,412,134,115,231,125,130,110,56,5,191,65,271,72,67,87,277,355,89,68,76,374,71,377,370,17,346,74,275,371,276,55,367,73,152,357,109,75,335,59,196,194,343,195,63,220,33,215,70,166,347,173,64,170,401,143,34,354,144,151,149,222,353,407,150,406,227,405,163,228,190,226,233,192,221,225,82,235,234,352,366,84,83,85,53,232,176,303,86,350,365,177,189,345,364,167,363,219,362,302,175,14,81,11,10,13,32,180,31,174,80,349,181,348,12,188,218,216,217,361,183,179,481,79,301,182,427,16,430,487,429,428,0,15,455,445,19,450,1,448,453,260,446,464,484,485,442,432,439,456,479,431,451,438,449,447,467,470,28,452,436,458,462,465,473,422,461,20,476,433,488,257,471,437,256,474,468,477,459,454,517,457,509,259,444,423,258,480,486,482,483,506,187,508,359,21,185,22,186,24,23,184,25,360,26,528,498,425,29,27,30,489,322,324,323,325,388,510,526,527,490,525,390,503,499,391,515,321,504,389,505,426,507,434,500,435,497,523,533,524,516,424,529,101,501,512,103,514,511,102,513,519,502,327,330,329,518,521,520,522,494,326,331,2,328,495,532,535,536,531,491,492,534,496,530,493,
402,369,403,404,309,69,241,311,250,254,305,308,310,306,253,304,255,247,252,246,251,410,243,242,248,249,240,245,466,478,244,463,90,368,475,295,419,469,472,307,312,460,417,293,298,297,376,286,421,375,409,281,287,239,300,292,290,299,443,420,338,198,373,214,211,418,415,339,209,203,269,416,157,202,210,398,204,205,201,200,207,208,291,289,288,206,98,212,213,50,387,334,88,385,372,384,383,280,414,178,262,263,393,395,52,49,337,93,272,441,146,48,171,164,332,47,381,165,392,294,45,41,382,44,285,386,51,397,284,380,379,378,396,147,46,278,283,282,270,394,296,145,36,38,224,37,35,39,66,40,279,43,162,42,399,156,400,94,9,230,3,333,77,78,100,440,172,265,199,197,107,161,317,264,261,266,336,129,160,58,126,229,7,155,112,236,340,237,238,95,119,154,128,223,159,8,273,122,158,127,193,140,116,91,118,168,4,6,169,142,123,135,138,120,104,132,137,97,136,133,358,106,124,108,139,111,131,141,113,313,117,92,61,318,411,105,341,319,54,274,342,99,408,315,344,314,62,148,60,320,268,96,267,316,356,18,153,351,114,413,134,412,57,121,115,125,231,130,56,5,110,271,72,67,191,65,277,87,355,89,68,76,374,370,71,377,17,346,74,275,276,371,55,367,73,152,357,109,75,335,59,196,343,194,63,195,220,33,215,70,166,347,64,173,170,401,34,143,354,144,149,151,353,222,407,150,406,405,163,227,190,221,192,233,228,226,225,82,234,235,352,366,83,84,85,176,53,232,303,86,350,177,189,365,345,364,167,362,302,219,363,14,81,175,11,32,10,13,80,180,174,31,181,349,12,348,217,218,188,216,361,183,179,481,301,79,182,427,16,430,487,428,429,15,0,455,445,450,19,1,448,453,260,446,464,484,442,485,432,439,479,456,431,451,438,447,449,467,470,28,452,436,458,465,462,473,422,461,20,488,476,433,257,459,471,256,437,474,477,468,454,517,457,509,444,423,259,258,486,480,482,483,506,187,508,359,21,185,184,24,22,23,186,25,360,26,498,528,29,27,30,425,489,322,324,325,323,388,510,526,527,490,503,390,525,499,391,515,321,505,504,389,507,426,500,434,435,497,523,424,529,524,533,516,101,501,514,513,511,512,102,103,519,502,329,518,327,330,520,522,326,521,494,331,328,2,530,492,493,534,495,532,491,535,531,536,496,
402,369,403,404,309,69,241,311,250,254,305,310,308,306,253,304,255,247,252,246,251,410,243,242,248,249,240,245,466,478,244,463,90,368,475,295,419,469,472,307,312,460,417,293,297,298,376,286,421,375,409,281,287,239,300,292,290,299,443,420,338,198,373,214,211,415,418,339,203,209,269,416,157,202,210,204,398,205,201,200,208,207,291,289,288,98,206,212,213,50,387,334,88,385,372,384,280,383,414,178,263,262,393,395,52,49,337,93,272,441,48,146,171,164,332,47,381,392,165,294,41,285,382,45,44,386,397,284,51,396,379,380,378,147,46,278,283,282,270,394,296,36,145,38,224,35,37,39,66,40,279,43,162,42,399,156,400,94,230,9,3,333,77,100,78,440,172,265,199,197,107,161,317,264,261,266,336,160,58,129,126,229,7,155,112,236,340,238,95,237,119,128,154,223,159,8,122,273,158,127,140,193,116,91,118,168,4,6,169,142,138,104,135,132,120,123,133,137,97,358,136,124,106,108,139,111,113,131,141,92,117,313,341,411,105,318,61,319,342,54,274,99,315,408,314,344,62,60,148,320,96,316,267,356,268,153,18,351,57,114,412,121,134,413,115,125,130,231,56,5,110,191,65,67,72,271,277,355,87,89,68,76,374,17,370,377,71,275,74,346,371,276,367,55,152,73,357,109,335,75,59,196,343,194,195,63,220,70,215,33,347,166,64,173,170,143,401,34,354,144,149,151,222,353,407,406,150,163,405,227,228,190,221,192,233,226,82,225,235,234,352,84,85,83,366,176,232,303,53,350,86,365,177,189,364,345,219,302,363,362,167,14,81,175,11,32,13,10,174,180,80,31,349,181,348,12,188,217,218,216,361,183,179,481,301,79,182,427,16,430,487,429,428,15,0,455,445,19,450,448,1,260,453,446,484,464,442,485,439,432,479,456,451,438,431,449,447,467,470,28,452,436,458,465,462,473,461,422,20,488,433,476,257,437,459,477,471,256,468,474,454,517,457,509,423,444,259,258,486,480,482,483,506,187,508,359,21,185,186,23,22,184,24,25,360,26,498,528,30,27,29,425,489,324,322,325,388,323,526,510,527,391,390,499,503,490,525,515,321,505,504,389,507,426,434,500,435,523,497,424,533,516,524,529,501,101,512,511,102,513,103,514,519,502,330,518,329,327,520,326,494,522,521,331,2,328,531,493,496,491,536,495,492,535,530,532,534,
402,369,403,404,309,69,241,311,250,254,305,308,310,306,253,304,255,247,252,246,251,410,243,242,249,248,240,245,466,478,244,463,90,475,368,295,419,469,472,307,312,460,417,293,297,298,376,286,421,409,375,281,287,239,300,292,290,299,443,420,338,198,373,214,211,415,418,339,203,209,269,416,157,202,210,204,398,205,201,200,208,207,291,289,288,98,206,212,213,387,50,334,88,385,372,384,383,280,414,178,262,263,393,395,52,49,337,93,441,272,146,48,171,164,332,47,381,392,165,294,386,382,44,45,285,41,397,284,51,379,396,378,380,147,278,46,283,282,394,270,296,36,145,38,224,37,35,39,40,66,279,43,162,42,399,400,156,94,9,230,3,333,77,100,78,440,172,265,199,197,107,161,317,261,264,266,336,58,129,160,126,229,7,155,112,236,340,237,95,238,154,119,128,223,159,158,273,122,8,127,193,116,140,91,118,4,168,169,6,142,104,132,138,123,135,120,137,136,97,133,358,106,124,108,139,111,141,131,113,117,313,92,341,61,105,411,318,319,342,274,99,54,408,315,314,344,148,62,60,320,267,96,316,268,356,351,18,153,413,114,412,57,121,134,115,130,231,125,110,56,5,72,271,191,67,65,277,355,87,89,76,68,17,374,370,377,71,74,275,346,371,276,55,367,152,73,357,109,75,335,59,196,194,343,195,63,220,215,70,33,347,166,64,173,170,34,143,401,354,144,151,149,222,353,150,407,406,405,227,163,190,221,192,233,226,228,225,82,234,235,352,83,84,85,366,232,53,303,176,86,350,189,365,177,364,345,219,363,362,167,302,175,14,81,11,13,32,10,174,180,31,80,181,349,12,348,217,216,218,188,361,183,179,481,79,301,182,427,16,430,487,428,429,15,0,455,445,450,19,448,1,260,453,484,446,464,442,485,439,432,479,456,431,438,451,449,447,470,467,28,436,452,465,462,458,473,422,461,20,433,488,476,257,256,437,474,477,459,471,468,454,517,457,509,444,259,423,258,482,486,480,483,506,187,508,359,21,185,23,24,22,184,186,25,360,26,528,498,30,27,425,29,489,324,322,323,325,388,510,526,527,391,499,390,490,525,503,515,321,504,389,505,507,426,434,500,435,497,523,529,533,516,424,524,501,101,511,514,102,512,513,103,519,502,329,330,518,327,521,522,494,520,326,2,328,331,493,492,530,532,491,531,534,495,496,536,535,
402,369,403,404,309,69,241,311,250,254,305,308,310,306,253,304,255,247,252,246,251,410,243,242,249,248,240,245,466,478,244,463,90,368,475,295,419,469,472,307,312,460,417,293,298,297,376,286,421,409,375,281,287,239,300,292,290,299,443,420,338,198,373,214,211,418,415,339,203,209,269,416,157,210,202,204,398,205,201,200,208,207,291,289,288,98,206,212,213,387,50,334,88,385,372,384,383,280,414,178,263,262,393,395,52,49,337,93,272,441,48,146,171,164,332,47,392,165,381,294,41,44,386,285,382,45,397,284,51,379,380,396,378,147,278,46,283,282,270,394,296,145,36,38,224,35,37,39,279,40,66,43,162,42,399,156,400,94,230,9,3,333,77,100,78,440,172,265,199,197,161,107,317,261,264,266,336,129,160,58,126,229,7,236,112,155,340,237,238,95,119,154,128,223,159,8,273,122,158,127,193,140,116,91,118,4,168,6,169,142,135,120,132,123,104,138,137,97,358,133,136,124,106,108,111,139,113,141,131,313,117,92,105,341,318,411,61,319,99,342,274,54,408,315,314,344,62,148,60,320,267,356,268,316,96,153,18,351,57,134,412,413,121,114,231,130,115,125,5,110,56,65,67,191,271,72,87,355,277,89,68,76,71,374,377,370,17,275,346,74,371,276,55,367,152,73,357,109,335,75,59,196,194,343,195,63,220,70,215,33,166,347,64,173,170,401,34,143,354,144,151,149,222,353,150,407,406,405,227,163,233,221,228,192,226,190,225,82,234,235,352,83,85,84,366,232,176,53,303,350,86,365,177,189,345,364,219,363,362,302,167,14,81,175,11,10,13,32,174,180,31,80,349,181,12,348,218,217,216,188,361,183,481,179,79,301,182,427,16,430,487,428,429,0,15,455,445,450,19,1,448,260,453,446,484,464,485,442,432,439,479,456,431,451,438,449,447,467,470,28,452,436,458,462,465,473,422,461,20,488,433,476,257,459,477,474,256,471,437,468,454,517,457,509,444,423,259,258,480,486,482,483,506,187,508,359,21,185,184,186,22,24,23,25,360,26,498,528,30,425,27,29,489,324,322,388,323,325,510,526,527,490,503,390,391,499,525,515,321,505,504,389,507,426,434,500,435,497,523,524,516,529,533,424,101,501,513,102,511,514,512,103,519,502,330,518,327,329,521,326,520,522,494,328,2,331,496,530,493,535,492,534,536,531,491,532,495,
402,369,403,404,309,69,241,311,250,254,305,310,308,306,253,304,255,247,252,246,251,410,243,242,248,249,240,245,466,478,244,463,368,90,475,295,419,469,472,307,312,460,417,293,298,297,376,286,421,375,409,281,287,239,300,292,290,299,443,420,338,198,373,214,211,415,418,339,209,203,416,269,157,202,210,204,398,205,201,200,207,208,291,289,288,206,98,212,213,387,50,334,88,385,372,384,280,383,414,178,263,262,393,395,52,49,337,93,441,272,48,146,171,164,332,47,381,165,392,294,386,45,285,382,44,41,397,284,51,396,379,380,378,147,278,46,283,282,394,270,296,36,145,38,224,35,37,39,66,279,40,43,162,42,399,400,156,94,230,9,3,333,77,100,78,440,172,265,199,197,107,161,317,261,264,266,336,58,160,129,126,229,7,236,112,155,340,95,237,238,128,119,154,223,159,158,273,122,8,127,140,193,116,91,118,4,168,169,6,142,132,123,135,120,138,104,136,133,97,358,137,106,124,139,108,111,113,131,141,313,117,92,411,105,318,61,341,319,274,342,99,54,408,315,314,344,60,148,62,320,267,96,316,268,356,153,18,351,413,412,57,134,121,114,125,231,130,115,56,5,110,65,72,271,191,67,355,277,87,89,68,76,71,374,377,370,17,275,346,74,371,276,367,55,73,152,357,109,75,335,59,196,194,343,63,195,220,70,33,215,166,347,173,64,170,143,401,34,354,144,151,149,222,353,150,407,406,163,405,227,226,192,233,228,190,221,225,82,235,234,352,366,83,85,84,176,53,303,232,350,86,365,177,189,345,364,363,167,362,302,219,14,81,175,11,13,10,32,180,31,80,174,181,349,12,348,188,217,218,216,361,183,179,481,79,301,182,427,16,430,487,428,429,0,15,455,445,450,19,1,448,260,453,484,446,464,442,485,439,432,479,456,438,431,451,449,447,470,467,28,452,436,465,462,458,473,461,422,20,476,433,488,257,437,474,477,468,459,256,471,454,517,457,509,423,259,444,258,486,482,480,483,506,187,508,359,21,185,184,24,22,186,23,25,360,26,528,498,30,29,425,27,322,489,324,323,325,388,510,526,527,391,390,503,499,525,490,515,321,389,505,504,426,507,434,500,435,497,523,424,524,533,516,529,101,501,514,102,512,513,511,103,519,502,330,518,329,327,326,522,520,521,494,331,2,328,530,535,491,534,531,495,492,532,496,536,493,
402,369,403,404,309,69,241,311,250,254,305,308,310,306,253,304,255,247,252,246,251,410,243,242,249,248,240,245,466,478,244,463,90,475,368,295,419,469,472,307,312,460,417,293,297,298,376,286,421,409,375,281,287,239,300,292,290,299,443,420,338,198,373,214,211,418,415,339,209,203,416,269,157,210,202,204,398,205,201,200,207,208,291,289,288,98,206,212,213,50,387,334,88,385,372,384,280,383,414,178,263,262,393,395,52,49,337,93,441,272,146,48,171,164,332,47,392,381,165,294,382,285,386,45,41,44,51,284,397,379,378,380,396,147,46,278,283,282,394,270,296,145,36,38,224,35,37,39,40,66,279,43,162,42,399,400,156,94,230,9,3,333,77,78,100,440,172,265,199,197,161,107,317,264,261,266,336,160,129,58,126,229,7,112,155,236,340,95,237,238,154,119,128,223,159,158,8,273,122,127,193,116,140,91,118,168,4,6,169,142,135,138,132,123,104,120,358,97,133,137,136,106,124,108,111,139,141,131,113,313,117,92,105,318,61,411,341,319,54,99,342,274,315,408,344,314,148,62,60,320,316,356,268,267,96,351,153,18,412,57,413,134,114,121,130,125,115,231,110,56,5,65,271,67,72,191,355,87,277,89,68,76,377,374,17,71,370,346,275,74,371,276,367,55,152,73,357,109,335,75,59,196,343,194,195,63,220,70,215,33,347,166,64,173,170,143,34,401,354,144,149,151,222,353,407,150,406,227,405,163,228,192,190,233,226,221,82,225,234,235,352,366,85,83,84,53,176,232,303,350,86,177,365,189,345,364,219,302,362,363,167,14,175,81,11,10,32,13,174,180,80,31,349,181,12,348,188,217,218,216,361,183,179,481,301,79,182,427,16,430,487,428,429,15,0,455,445,19,450,1,448,453,260,464,446,484,442,485,439,432,479,456,438,451,431,447,449,467,470,28,436,452,465,462,458,473,461,422,20,433,476,488,257,477,256,474,471,459,437,468,454,517,457,509,259,444,423,258,486,482,480,483,506,187,508,359,21,185,24,22,23,184,186,25,360,26,528,498,425,29,30,27,489,324,322,323,325,388,510,526,527,499,503,525,391,390,490,515,321,505,504,389,426,507,500,434,435,523,497,424,524,533,516,529,101,501,102,511,103,513,514,512,519,502,330,327,518,329,326,521,522,494,520,331,2,328,535,530,534,492,536,493,532,491,495,531,496,
402,369,403,404,309,69,241,311,250,254,305,310,308,306,253,304,255,247,252,246,251,410,243,242,249,248,240,245,466,478,244,463,368,475,90,295,419,469,472,307,312,460,417,293,297,298,376,286,421,375,409,281,287,239,300,292,290,299,443,420,338,198,373,214,211,418,415,339,209,203,269,416,157,210,202,204,398,205,201,200,207,208,291,289,288,98,206,212,213,50,387,334,88,385,372,384,280,383,414,178,262,263,393,395,52,49,337,93,441,272,48,146,171,164,332,47,392,165,381,294,386,41,382,45,44,285,397,284,51,378,396,380,379,147,278,46,283,282,270,394,296,145,36,38,224,35,37,39,279,66,40,43,162,42,399,156,400,94,230,9,3,333,77,78,100,440,172,265,199,197,107,161,317,261,264,266,336,58,129,160,126,229,7,155,236,112,340,237,238,95,119,154,128,223,159,158,122,8,273,127,116,193,140,91,118,4,168,6,169,142,104,135,120,138,132,123,97,358,136,137,133,124,106,111,139,108,131,113,141,117,313,92,105,318,61,341,411,319,99,274,54,342,315,408,314,344,148,60,62,320,267,96,316,356,268,351,18,153,134,412,114,121,57,413,130,231,115,125,5,110,56,271,72,67,191,65,87,277,355,89,68,76,370,377,17,374,71,346,74,275,276,371,367,55,73,152,357,109,335,75,59,196,343,194,195,63,220,70,33,215,347,166,173,64,170,401,143,34,354,144,151,149,353,222,407,406,150,227,405,163,190,233,226,228,221,192,82,225,234,235,352,83,84,85,366,53,303,176,232,350,86,189,365,177,345,364,363,219,302,362,167,81,14,175,11,32,13,10,180,80,31,174,349,181,348,12,217,218,216,188,361,183,481,179,301,79,182,427,16,430,487,428,429,0,15,455,445,450,19,448,1,260,453,446,484,464,442,485,439,432,479,456,438,431,451,447,449,470,467,28,436,452,462,465,458,473,422,461,20,433,488,476,257,468,256,459,477,474,471,437,454,517,457,509,444,423,259,258,480,486,482,483,506,187,508,359,21,185,24,184,186,23,22,25,360,26,528,498,29,425,30,27,324,322,489,388,325,323,526,510,527,390,503,490,499,391,525,515,321,389,505,504,426,507,434,500,435,523,497,516,533,529,424,524,101,501,103,514,511,102,513,512,519,502,329,327,518,330,522,326,521,520,494,328,331,2,495,534,531,535,496,491,493,536,530,532,492,
402,369,403,404,309,69,241,311,250,254,305,308,310,306,253,304,255,247,252,246,251,410,243,242,249,248,240,245,466,478,244,463,368,475,90,295,419,469,472,307,312,460,417,293,297,298,376,286,421,409,375,281,287,239,300,292,290,299,443,420,338,198,373,214,211,415,418,339,203,209,416,269,157,202,210,398,204,205,201,200,208,207,291,289,288,206,98,212,213,387,50,334,88,385,372,384,383,280,414,178,263,262,393,395,52,49,337,93,272,441,146,48,171,164,332,47,392,381,165,294,382,44,45,285,386,41,51,397,284,380,396,379,378,147,278,46,283,282,394,270,296,145,36,38,224,35,37,39,66,40,279,43,162,42,399,400,156,94,230,9,3,333,77,78,100,440,172,265,199,197,161,107,317,261,264,266,336,160,58,129,126,229,7,112,236,155,340,95,237,238,154,119,128,223,159,122,273,158,8,127,116,140,193,91,118,168,4,6,169,142,104,135,138,123,120,132,133,358,136,137,97,106,124,139,108,111,113,141,131,117,92,313,105,411,61,318,341,319,274,54,99,342,408,315,314,344,60,62,148,320,356,316,96,268,267,351,153,18,57,134,121,412,413,114,115,231,125,130,110,56,5,65,67,191,72,271,277,355,87,89,68,76,71,17,374,370,377,275,346,74,276,371,55,367,73,152,357,109,75,335,59,196,343,194,63,195,220,33,215,70,166,347,64,173,170,34,401,143,354,144,149,151,222,353,150,406,407,163,227,405,192,221,226,228,233,190,82,225,235,234,352,83,84,85,366,232,303,53,176,350,86,365,177,189,345,364,302,219,362,363,167,81,14,175,11,32,13,10,80,180,174,31,181,349,12,348,218,188,217,216,361,183,179,481,79,301,182,427,16,430,487,429,428,0,15,455,445,450,19,1,448,453,260,446,484,464,442,485,432,439,456,479,451,431,438,449,447,467,470,28,436,452,462,458,465,473,422,461,20,476,433,488,257,256,437,471,477,468,474,459,454,517,457,509,423,444,259,258,480,486,482,483,506,187,508,359,21,185,23,186,24,184,22,25,360,26,498,528,30,27,29,425,489,324,322,325,388,323,510,526,527,525,490,390,391,499,503,515,321,505,504,389,507,426,500,434,435,497,523,424,516,533,524,529,101,501,512,513,103,511,514,102,519,502,330,518,327,329,326,494,520,522,521,331,2,328,493,496,534,532,492,495,530,536,491,535,531,
402,369,403,404,309,69,241,311,250,254,305,310,308,306,253,304,255,247,252,246,251,410,243,242,249,248,240,245,466,478,244,463,90,475,368,295,419,469,472,307,312,460,417,293,298,297,376,286,421,375,409,281,287,239,300,292,290,299,443,420,338,198,373,214,211,415,418,339,203,209,416,269,157,202,210,204,398,205,201,200,208,207,291,289,288,98,206,212,213,387,50,334,88,385,372,384,280,383,414,178,262,263,393,395,52,49,337,93,441,272,48,146,171,164,332,47,165,381,392,294,285,386,41,44,382,45,397,284,51,379,378,380,396,147,46,278,283,282,394,270,296,145,36,38,224,35,37,39,279,40,66,43,162,42,399,400,156,94,9,230,3,333,77,78,100,440,172,265,199,197,161,107,317,264,261,266,336,58,129,160,126,229,7,112,236,155,340,95,237,238,119,154,128,223,159,122,158,8,273,127,193,116,140,91,118,4,168,169,6,142,138,135,120,123,132,104,137,358,136,97,133,106,124,111,108,139,113,131,141,92,117,313,105,318,411,341,61,319,99,274,342,54,408,315,314,344,62,148,60,320,96,316,356,267,268,153,351,18,121,412,57,114,413,134,231,115,125,130,5,56,110,191,67,65,271,72,355,87,277,89,76,68,370,71,374,377,17,346,74,275,276,371,55,367,152,73,357,109,335,75,59,196,343,194,63,195,220,70,33,215,166,347,173,64,170,143,34,401,354,144,149,151,222,353,406,150,407,405,163,227,192,190,221,228,233,226,82,225,234,235,352,366,85,84,83,232,303,176,53,350,86,365,177,189,364,345,362,302,167,363,219,81,175,14,11,13,32,10,31,174,180,80,181,349,12,348,217,218,216,188,361,183,179,481,79,301,182,427,16,430,487,429,428,0,15,455,445,19,450,448,1,453,260,464,446,484,442,485,432,439,479,456,438,431,451,447,449,467,470,28,452,436,465,458,462,473,461,422,20,476,433,488,257,468,459,477,474,256,471,437,454,517,457,509,423,259,444,258,486,480,482,483,506,187,508,359,21,185,184,186,24,22,23,25,360,26,528,498,425,30,27,29,322,489,324,323,325,388,510,526,527,390,499,503,391,525,490,515,321,504,389,505,426,507,434,500,435,523,497,516,524,529,533,424,101,501,511,513,103,102,514,512,519,502,329,327,518,330,520,326,522,521,494,328,2,331,531,536,535,493,492,496,534,530,495,532,491,
402,369,403,404,309,69,241,311,250,254,305,308,310,306,253,304,255,247,252,246,251,410,243,242,248,249,240,245,466,478,244,463,90,475,368,295,419,469,472,307,312,460,417,293,297,298,376,286,421,375,409,281,287,239,300,292,290,299,443,420,338,198,373,214,211,418,415,339,209,203,416,269,157,210,202,204,398,205,201,200,208,207,291,289,288,206,98,212,213,50,387,334,88,385,372,384,383,280,414,178,263,262,393,395,52,49,337,93,441,272,146,48,171,164,332,47,165,381,392,294,41,382,285,45,44,386,51,284,397,380,378,379,396,147,278,46,283,282,394,270,296,145,36,38,224,37,35,39,40,279,66,43,162,42,399,156,400,94,230,9,3,333,77,100,78,440,172,265,199,197,161,107,317,261,264,266,336,160,58,129,126,229,7,236,155,112,340,237,238,95,154,119,128,223,159,8,158,273,122,127,193,116,140,91,118,168,4,169,6,142,135,104,132,123,138,120,133,136,358,97,137,106,124,108,111,139,141,131,113,313,92,117,318,341,411,105,61,319,342,274,99,54,315,408,344,314,62,148,60,320,96,316,268,267,356,153,18,351,134,114,57,413,412,121,231,130,125,115,56,110,5,67,191,72,65,271,277,87,355,89,76,68,377,374,370,71,17,74,275,346,371,276,367,55,73,152,357,109,335,75,59,196,194,343,63,195,220,70,33,215,347,166,173,64,170,34,401,143,354,144,151,149,353,222,406,150,407,163,405,227,226,190,192,233,221,228,82,225,235,234,352,84,366,83,85,232,53,303,176,350,86,365,189,177,345,364,363,302,167,362,219,14,81,175,11,13,10,32,80,174,180,31,349,181,12,348,217,216,218,188,361,183,179,481,301,79,182,427,16,430,487,428,429,0,15,455,445,450,19,448,1,453,260,464,484,446,485,442,432,439,456,479,451,438,431,447,449,467,470,28,452,436,462,465,458,473,461,422,20,488,433,476,257,256,468,471,474,477,437,459,454,517,457,509,259,423,444,258,482,480,486,483,506,187,508,359,21,185,184,24,22,23,186,25,360,26,498,528,29,30,425,27,322,489,324,325,388,323,526,510,527,503,499,391,390,490,525,515,321,389,504,505,426,507,500,434,435,523,497,529,524,424,533,516,101,501,102,103,511,514,512,513,519,502,330,329,518,327,326,521,522,520,494,2,331,328,492,495,530,536,496,534,532,493,491,535,531,
402,369,403,404,309,69,241,311,250,254,305,308,310,306,253,304,255,247,252,246,251,410,243,242,249,248,240,245,466,478,244,463,90,475,368,295,419,469,472,307,312,460,417,293,298,297,376,286,421,375,409,281,287,239,300,292,290,299,443,420,338,198,373,214,211,418,415,339,209,203,269,416,157,210,202,204,398,205,201,200,207,208,291,289,288,98,206,212,213,50,387,334,88,385,372,384,280,383,414,178,262,263,393,395,52,49,337,93,272,441,48,146,171,164,332,47,165,381,392,294,285,382,386,44,41,45,284,51,397,396,379,378,380,147,46,278,283,282,270,394,296,145,36,38,224,35,37,39,279,40,66,43,162,42,399,156,400,94,230,9,3,333,77,100,78,440,172,265,199,197,161,107,317,264,261,266,336,160,129,58,126,229,7,112,236,155,340,238,95,237,119,154,128,223,159,122,273,8,158,127,116,140,193,91,118,168,4,6,169,142,120,104,138,132,135,123,133,136,137,358,97,124,106,111,139,108,141,131,113,117,92,313,318,341,411,105,61,319,342,274,99,54,315,408,314,344,60,62,148,320,267,96,356,316,268,18,351,153,57,114,413,412,134,121,231,130,115,125,56,110,5,65,191,72,67,271,87,277,355,89,76,68,17,377,71,370,374,346,275,74,371,276,55,367,152,73,357,109,335,75,59,196,343,194,195,63,220,215,70,33,347,166,64,173,170,401,143,34,354,144,151,149,222,353,406,150,407,163,405,227,228,226,221,233,192,190,82,225,234,235,352,83,84,85,366,303,53,176,232,350,86,177,189,365,364,345,167,302,362,363,219,175,81,14,11,13,32,10,180,31,80,174,349,181,12,348,216,217,188,218,361,183,179,481,79,301,182,427,16,430,487,428,429,0,15,455,445,450,19,1,448,260,453,464,446,484,485,442,432,439,479,456,431,451,438,447,449,470,467,28,452,436,462,465,458,473,461,422,20,476,433,488,257,477,459,468,474,437,471,256,454,517,457,509,444,423,259,258,486,480,482,483,506,187,508,359,21,185,184,23,22,24,186,25,360,26,498,528,425,30,27,29,322,489,324,325,388,323,510,526,527,391,490,390,499,525,503,515,321,505,504,389,507,426,500,434,435,523,497,533,424,516,524,529,101,501,513,103,102,511,514,512,519,502,330,329,518,327,494,326,522,521,520,2,328,331,492,534,535,493,531,495,532,491,496,530,536,
402,369,403,404,309,69,241,311,250,254,305,310,308,306,253,304,255,247,252,246,251,410,243,242,249,248,240,245,466,478,244,463,475,368,90,295,419,469,472,307,312,460,417,293,297,298,376,286,421,375,409,281,287,239,300,292,290,299,443,420,338,198,373,214,211,415,418,339,203,209,416,269,157,210,202,204,398,205,201,200,208,207,291,289,288,206,98,212,213,50,387,334,88,385,372,384,280,383,414,178,263,262,393,395,52,49,337,93,441,272,146,48,171,164,332,47,165,381,392,294,45,41,382,285,386,44,51,397,284,380,378,396,379,147,46,278,283,282,270,394,296,145,36,38,224,37,35,39,40,66,279,43,162,42,399,400,156,94,9,230,3,333,77,78,100,440,172,265,199,197,161,107,317,264,261,266,336,129,58,160,126,229,7,112,155,236,340,237,238,95,119,154,128,223,159,158,122,8,273,127,116,193,140,91,118,4,168,6,169,142,132,120,138,104,123,135,358,97,136,133,137,124,106,139,108,111,113,141,131,313,117,92,61,411,341,318,105,319,274,99,342,54,408,315,314,344,60,148,62,320,356,316,267,268,96,18,351,153,121,134,114,413,57,412,125,115,130,231,110,56,5,67,65,271,72,191,355,277,87,89,76,68,17,377,71,370,374,74,346,275,371,276,367,55,73,152,357,109,335,75,59,196,343,194,195,63,220,70,215,33,166,347,64,173,170,34,143,401,354,144,149,151,353,222,407,406,150,405,227,163,228,233,192,226,221,190,225,82,235,234,352,366,83,84,85,303,232,53,176,350,86,189,177,365,364,345,362,363,302,167,219,175,81,14,11,13,10,32,80,31,180,174,349,181,348,12,188,218,216,217,361,183,179,481,79,301,182,427,16,430,487,428,429,15,0,455,445,19,450,448,1,453,260,484,446,464,485,442,439,432,479,456,451,438,431,449,447,467,470,28,436,452,462,465,458,473,461,422,20,433,476,488,257,471,474,459,477,256,437,468,454,517,457,509,259,423,444,258,480,482,486,483,506,187,508,359,21,185,23,24,186,184,22,25,360,26,528,498,27,425,30,29,324,322,489,325,388,323,510,526,527,390,503,525,499,490,391,515,321,505,504,389,426,507,434,500,435,523,497,516,529,533,424,524,101,501,102,511,103,512,514,513,519,502,329,330,327,518,520,326,522,494,521,2,328,331,534,496,535,493,531,532,536,492,530,495,491,
402,369,403,404,309,69,241,311,250,254,305,308,310,306,253,304,255,247,252,246,251,410,243,242,248,249,240,245,466,478,244,463,368,90,475,295,419,469,472,307,312,460,417,293,298,297,376,286,421,375,409,281,287,239,300,292,290,299,443,420,338,198,373,214,211,415,418,339,203,209,269,416,157,210,202,204,398,205,201,200,208,207,291,289,288,206,98,212,213,387,50,334,88,385,372,384,383,280,414,178,263,262,393,395,52,49,337,93,272,441,146,48,171,164,332,47,392,381,165,294,44,45,41,382,285,386,284,51,397,379,378,396,380,147,278,46,283,282,270,394,296,36,145,38,224,35,37,39,40,66,279,43,162,42,399,400,156,94,9,230,3,333,77,78,100,440,172,265,199,197,161,107,317,261,264,266,336,58,129,160,126,229,7,236,155,112,340,95,237,238,154,128,119,223,159,8,273,122,158,127,193,116,140,91,118,4,168,6,169,142,120,138,135,132,104,123,133,358,97,136,137,106,124,139,111,108,113,141,131,92,313,117,411,341,61,318,105,319,99,274,342,54,315,408,344,314,62,60,148,320,96,267,316,356,268,153,351,18,114,413,121,412,134,57,125,130,115,231,110,56,5,67,65,191,271,72,87,355,277,89,76,68,374,370,377,71,17,346,74,275,276,371,367,55,152,73,357,109,75,335,59,196,343,194,195,63,220,215,33,70,347,166,64,173,170,143,401,34,354,144,149,151,222,353,407,150,406,405,163,227,221,226,190,192,228,233,225,82,234,235,352,85,366,83,84,53,232,303,176,350,86,177,365,189,345,364,167,363,362,302,219,14,175,81,11,32,13,10,174,31,80,180,181,349,348,12,188,216,217,218,361,183,179,481,79,301,182,427,16,430,487,428,429,15,0,455,445,19,450,1,448,260,453,446,464,484,485,442,432,439,456,479,438,451,431,449,447,470,467,28,436,452,458,462,465,473,461,422,20,476,433,488,257,459,256,437,468,471,477,474,454,517,457,509,423,444,259,258,486,480,482,483,506,187,508,359,21,185,23,24,22,184,186,25,360,26,528,498,30,27,29,425,324,322,489,323,325,388,510,526,527,525,391,503,490,390,499,515,321,504,505,389,507,426,434,500,435,523,497,516,529,424,524,533,101,501,103,102,511,514,513,512,519,502,329,327,518,330,494,326,520,521,522,2,331,328,534,491,492,530,496,531,495,532,535,536,493,
402,369,403,404,309,69,241,311,250,254,305,308,310,306,253,304,255,247,252,246,251,410,243,242,248,249,240,245,466,478,244,463,475,368,90,295,419,469,472,307,312,460,417,293,297,298,376,286,421,409,375,281,287,239,300,292,290,299,443,420,338,198,373,214,211,418,415,339,209,203,269,416,157,210,202,398,204,205,201,200,207,208,291,289,288,98,206,212,213,50,387,334,88,385,372,384,383,280,414,178,262,263,393,395,52,49,337,93,272,441,146,48,171,164,332,47,165,381,392,294,45,382,44,285,41,386,51,397,284,380,396,379,378,147,278,46,283,282,394,270,296,145,36,38,224,37,35,39,40,66,279,43,162,42,399,400,156,94,230,9,3,333,77,78,100,440,172,265,199,197,161,107,317,261,264,266,336,129,58,160,126,229,7,236,155,112,340,238,237,95,154,128,119,223,159,122,158,8,273,127,193,116,140,91,118,168,4,6,169,142,120,123,135,138,132,104,133,97,136,137,358,124,106,111,108,139,141,113,131,117,92,313,105,61,411,341,318,319,99,274,342,54,408,315,314,344,62,148,60,320,267,268,316,356,96,153,18,351,114,413,121,134,57,412,130,125,115,231,110,56,5,271,191,72,65,67,87,277,355,89,76,68,374,377,71,17,370,275,74,346,276,371,55,367,73,152,357,109,335,75,59,196,343,194,195,63,220,70,33,215,166,347,64,173,170,143,34,401,354,144,149,151,222,353,407,150,406,227,405,163,233,226,221,190,228,192,82,225,235,234,352,84,85,366,83,53,303,232,176,350,86,189,365,177,345,364,302,167,362,219,363,14,81,175,11,13,10,32,31,174,80,180,349,181,12,348,188,216,217,218,361,183,179,481,301,79,182,427,16,430,487,428,429,15,0,455,445,450,19,448,1,260,453,446,484,464,442,485,432,439,479,456,451,438,431,449,447,467,470,28,436,452,465,458,462,473,461,422,20,488,433,476,257,459,477,468,437,256,474,471,454,517,457,509,444,423,259,258,480,482,486,483,506,187,508,359,21,185,184,24,23,22,186,25,360,26,528,498,27,30,425,29,489,322,324,325,388,323,510,526,527,525,391,503,490,390,499,515,321,505,504,389,507,426,434,500,435,523,497,424,524,529,533,516,101,501,103,102,513,512,514,511,519,502,327,518,329,330,521,522,520,494,326,2,328,331,534,496,532,535,492,493,495,530,531,536,491,
402,369,403,404,309,69,241,311,250,254,305,308,310,306,253,304,255,247,252,246,251,410,243,242,249,248,240,245,466,478,244,463,475,90,368,295,419,469,472,307,312,460,417,293,298,297,376,286,421,375,409,281,287,239,300,292,290,299,443,420,338,198,373,214,211,418,415,339,209,203,269,416,157,202,210,204,398,205,201,200,208,207,291,289,288,98,206,212,213,50,387,334,88,385,372,384,280,383,414,178,262,263,393,395,52,49,337,93,441,272,146,48,171,164,332,47,165,381,392,294,285,41,386,44,382,45,284,51,397,396,379,378,380,147,278,46,283,282,270,394,296,145,36,38,224,37,35,39,279,66,40,43,162,42,399,156,400,94,230,9,3,333,77,78,100,440,172,265,199,197,107,161,317,264,261,266,336,160,129,58,126,229,7,155,236,112,340,238,95,237,154,119,128,223,159,122,273,158,8,127,116,140,193,91,118,168,4,169,6,142,132,138,135,120,123,104,136,133,137,97,358,106,124,108,139,111,113,141,131,92,117,313,341,318,411,105,61,319,274,54,99,342,315,408,314,344,148,62,60,320,267,316,96,268,356,153,351,18,413,121,57,412,134,114,231,125,115,130,110,56,5,191,72,67,65,271,277,87,355,89,68,76,17,377,71,374,370,275,346,74,371,276,367,55,73,152,357,109,75,335,59,196,194,343,195,63,220,215,70,33,347,166,64,173,170,143,34,401,354,144,149,151,222,353,407,406,150,227,163,405,190,192,228,221,233,226,82,225,235,234,352,83,84,366,85,176,53,303,232,86,350,365,177,189,345,364,302,363,219,362,167,175,14,81,11,13,32,10,180,80,31,174,181,349,348,12,217,216,188,218,361,183,481,179,79,301,182,427,16,430,487,429,428,0,15,455,445,450,19,1,448,453,260,484,446,464,442,485,439,432,456,479,451,438,431,447,449,467,470,28,452,436,465,462,458,473,461,422,20,488,476,433,257,468,459,256,437,474,471,477,454,517,457,509,444,423,259,258,482,486,480,483,506,187,508,359,21,185,24,186,22,184,23,25,360,26,498,528,29,30,425,27,322,489,324,325,323,388,526,510,527,525,390,490,391,503,499,515,321,389,504,505,426,507,434,500,435,497,523,424,524,516,529,533,101,501,511,512,514,102,513,103,519,502,330,327,518,329,494,521,522,326,520,328,331,2,493,536,496,492,532,531,535,534,530,495,491,
402,369,403,404,309,69,241,311,250,254,305,310,308,306,253,304,255,247,252,246,251,410,243,242,249,248,240,245,466,478,244,463,368,90,475,295,419,469,472,307,312,460,417,293,298,297,376,286,421,409,375,281,287,239,300,292,290,299,443,420,338,198,373,214,211,415,418,339,203,209,416,269,157,202,210,398,204,205,201,200,207,208,291,289,288,206,98,212,213,50,387,334,88,385,372,384,383,280,414,178,263,262,393,395,52,49,337,93,272,441,48,146,171,164,332,47,165,381,392,294,45,382,285,386,41,44,51,397,284,379,380,396,378,147,278,46,283,282,270,394,296,145,36,38,224,35,37,39,40,279,66,43,162,42,399,400,156,94,9,230,3,333,77,78,100,440,172,265,199,197,107,161,317,261,264,266,336,58,129,160,126,229,7,236,155,112,340,237,95,238,128,119,154,223,159,158,8,273,122,127,193,116,140,91,118,168,4,6,169,142,120,132,123,135,138,104,136,358,133,137,97,106,124,111,108,139,131,113,141,313,92,117,411,61,105,318,341,319,274,99,54,342,408,315,314,344,62,60,148,320,268,316,267,356,96,18,351,153,412,413,121,114,134,57,115,130,125,231,5,110,56,271,191,67,72,65,355,87,277,89,76,68,374,370,17,377,71,275,346,74,371,276,367,55,73,152,357,109,75,335,59,196,343,194,63,195,220,215,70,33,347,166,64,173,170,401,143,34,354,144,151,149,353,222,406,407,150,227,405,163,190,226,192,228,221,233,225,82,235,234,352,83,84,85,366,176,232,303,53,86,350,365,177,189,364,345,363,167,219,362,302,14,81,175,11,32,10,13,80,180,31,174,349,181,348,12,218,216,188,217,361,183,481,179,79,301,182,427,16,430,487,428,429,15,0,455,445,450,19,1,448,453,260,464,484,446,442,485,439,432,456,479,438,431,451,447,449,467,470,28,452,436,462,465,458,473,422,461,20,488,476,433,257,471,459,477,256,468,474,437,454,517,457,509,423,444,259,258,480,482,486,483,506,187,508,359,21,185,186,184,22,24,23,25,360,26,528,498,29,30,425,27,489,324,322,388,325,323,510,526,527,390,490,503,391,525,499,515,321,389,504,505,426,507,434,500,435,497,523,424,516,524,529,533,101,501,511,512,103,513,514,102,519,502,330,518,329,327,520,326,522,521,494,328,331,2,532,531,535,534,493,496,491,530,492,536,495,
402,369,403,404,309,69,241,311,250,254,305,308,310,306,253,304,255,247,252,246,251,410,243,242,249,248,240,245,466,478,244,463,475,90,368,295,419,469,472,307,312,460,417,293,298,297,376,286,421,375,409,281,287,239,300,292,290,299,443,420,338,198,373,214,211,415,418,339,209,203,416,269,157,210,202,204,398,205,201,200,208,207,291,289,288,98,206,212,213,50,387,334,88,385,372,384,383,280,414,178,263,262,393,395,52,49,337,93,441,272,48,146,171,164,332,47,381,165,392,294,386,382,41,45,285,44,284,51,397,379,396,380,378,147,278,46,283,282,270,394,296,36,145,38,224,35,37,39,40,66,279,43,162,42,399,400,156,94,230,9,3,333,77,100,78,440,172,265,199,197,107,161,317,261,264,266,336,160,58,129,126,229,7,112,155,236,340,238,95,237,119,128,154,223,159,8,273,158,122,127,116,140,193,91,118,4,168,6,169,142,132,138,123,120,135,104,97,136,358,137,133,106,124,139,111,108,113,141,131,313,92,117,318,105,61,411,341,319,274,99,54,342,315,408,314,344,60,148,62,320,316,268,96,267,356,153,18,351,134,412,114,121,57,413,125,130,231,115,5,110,56,67,65,72,191,271,87,277,355,89,68,76,370,374,377,17,71,275,346,74,276,371,55,367,73,152,357,109,75,335,59,196,194,343,195,63,220,70,33,215,166,347,64,173,170,143,34,401,354,144,149,151,353,222,407,150,406,163,227,405,228,221,190,192,233,226,82,225,234,235,352,83,85,84,366,303,232,53,176,86,350,365,177,189,364,345,362,363,219,302,167,81,175,14,11,13,32,10,80,180,174,31,181,349,12,348,188,216,218,217,361,183,179,481,301,79,182,427,16,430,487,429,428,15,0,455,445,450,19,1,448,260,453,464,484,446,485,442,432,439,456,479,431,451,438,449,447,470,467,28,452,436,462,465,458,473,461,422,20,433,488,476,257,468,437,477,471,256,459,474,454,517,457,509,259,423,444,258,480,482,486,483,506,187,508,359,21,185,24,186,23,184,22,25,360,26,498,528,29,27,30,425,322,489,324,323,388,325,526,510,527,490,525,391,499,503,390,515,321,504,505,389,426,507,434,500,435,497,523,524,533,424,516,529,101,501,512,514,511,103,102,513,519,502,327,518,330,329,520,494,522,521,326,2,331,328,491,532,493,534,535,492,531,495,536,530,496,
402,369,403,404,309,69,241,311,250,254,305,308,310,306,253,304,255,247,252,246,251,410,243,242,248,249,240,245,466,478,244,463,90,368,475,295,419,469,472,307,312,460,417,293,298,297,376,286,421,409,375,281,287,239,300,292,290,299,443,420,338,198,373,214,211,418,415,339,203,209,269,416,157,202,210,204,398,205,201,200,207,208,291,289,288,98,206,212,213,50,387,334,88,385,372,384,383,280,414,178,263,262,393,395,52,49,337,93,272,441,48,146,171,164,332,47,165,392,381,294,386,45,285,44,382,41,284,397,51,380,379,396,378,147,278,46,283,282,394,270,296,145,36,38,224,37,35,39,279,40,66,43,162,42,399,156,400,94,9,230,3,333,77,100,78,440,172,265,199,197,161,107,317,261,264,266,336,160,129,58,126,229,7,155,112,236,340,95,238,237,154,119,128,223,159,273,122,158,8,127,116,193,140,91,118,4,168,6,169,142,132,123,120,135,138,104,97,133,137,136,358,106,124,108,111,139,113,141,131,92,117,313,341,105,318,61,411,319,342,99,54,274,408,315,314,344,62,60,148,320,356,268,316,267,96,18,351,153,121,412,134,57,114,413,231,125,115,130,110,5,56,191,72,67,271,65,355,87,277,89,76,68,17,71,370,374,377,275,346,74,276,371,55,367,152,73,357,109,335,75,59,196,194,343,195,63,220,33,215,70,347,166,173,64,170,143,34,401,354,144,151,149,222,353,407,406,150,405,227,163,233,228,226,192,221,190,82,225,234,235,352,84,83,366,85,176,303,53,232,350,86,189,365,177,364,345,167,362,363,219,302,14,81,175,11,13,10,32,80,180,174,31,349,181,348,12,217,218,188,216,361,183,179,481,301,79,182,427,16,430,487,428,429,0,15,455,445,450,19,448,1,453,260,446,464,484,442,485,432,439,479,456,451,431,438,447,449,470,467,28,436,452,465,462,458,473,461,422,20,488,433,476,257,459,468,474,477,471,437,256,454,517,457,509,423,444,259,258,486,482,480,483,506,187,508,359,21,185,23,24,186,184,22,25,360,26,528,498,27,30,425,29,324,489,322,325,388,323,526,510,527,499,391,390,503,490,525,515,321,505,389,504,507,426,500,434,435,497,523,529,516,533,424,524,501,101,513,103,514,511,102,512,519,502,330,329,518,327,522,520,494,326,521,328,2,331,535,530,532,493,495,491,496,492,534,536,531,
402,369,403,404,309,69,241,311,250,254,305,308,310,306,253,304,255,247,252,246,251,410,243,242,248,249,240,245,466,478,244,463,475,90,368,295,419,469,472,307,312,460,417,293,298,297,376,286,421,409,375,281,287,239,300,292,290,299,443,420,338,198,373,214,211,418,415,339,209,203,416,269,157,202,210,204,398,205,201,200,208,207,291,289,288,98,206,212,213,387,50,334,88,385,372,384,280,383,414,178,262,263,393,395,52,49,337,93,441,272,146,48,171,164,332,47,165,392,381,294,44,41,285,386,382,45,397,284,51,378,379,380,396,147,278,46,283,282,270,394,296,145,36,38,224,35,37,39,66,40,279,43,162,42,399,400,156,94,230,9,3,333,77,78,100,440,172,265,199,197,107,161,317,261,264,266,336,129,160,58,126,229,7,112,155,236,340,238,237,95,128,119,154,223,159,273,8,158,122,127,140,193,116,91,118,4,168,169,6,142,104,135,138,132,123,120,358,97,136,133,137,124,106,139,111,108,113,141,131,117,92,313,341,61,105,411,318,319,274,342,54,99,408,315,344,314,60,62,148,320,96,356,267,316,268,351,153,18,57,114,412,134,413,121,125,231,115,130,56,110,5,65,72,67,271,191,355,87,277,89,76,68,17,71,374,377,370,74,346,275,371,276,55,367,152,73,357,109,335,75,59,196,194,343,195,63,220,70,215,33,347,166,64,173,170,401,143,34,354,144,149,151,353,222,150,406,407,227,405,163,192,226,233,221,228,190,225,82,235,234,352,84,85,83,366,232,303,53,176,350,86,365,189,177,345,364,363,362,219,167,302,81,14,175,11,32,10,13,180,174,80,31,349,181,348,12,218,188,217,216,361,183,481,179,79,301,182,427,16,430,487,428,429,15,0,455,445,19,450,448,1,453,260,464,484,446,485,442,439,432,456,479,438,451,431,447,449,467,470,28,436,452,458,462,465,473,422,461,20,433,488,476,257,474,437,459,477,471,468,256,454,517,457,509,259,444,423,258,482,480,486,483,506,187,508,359,21,185,24,184,186,23,22,25,360,26,528,498,29,30,27,425,324,322,489,388,323,325,526,510,527,525,391,499,490,503,390,515,321,504,505,389,426,507,434,500,435,497,523,524,533,516,424,529,101,501,511,512,514,102,513,103,519,502,518,329,327,330,494,520,326,521,522,331,328,2,530,535,493,492,531,532,496,536,491,534,495,
402,369,403,404,309,69,241,311,250,254,305,310,308,306,253,304,255,247,252,246,251,410,243,242,249,248,240,245,466,478,244,463,90,475,368,295,419,469,472,307,312,460,417,293,298,297,376,286,421,375,409,281,287,239,300,292,290,299,443,420,338,198,373,214,211,415,418,339,209,203,269,416,157,210,202,204,398,205,201,200,207,208,291,289,288,98,206,212,213,50,387,334,88,385,372,384,383,280,414,178,263,262,393,395,52,49,337,93,441,272,146,48,171,164,332,47,165,381,392,294,285,41,45,44,382,386,51,284,397,396,379,380,378,147,278,46,283,282,394,270,296,145,36,38,224,37,35,39,66,40,279,43,162,42,399,156,400,94,230,9,3,333,77,78,100,440,172,265,199,197,107,161,317,261,264,266,336,58,160,129,126,229,7,155,236,112,340,95,238,237,154,119,128,223,159,158,273,122,8,127,140,193,116,91,118,168,4,6,169,142,123,135,132,120,104,138,133,358,136,97,137,124,106,111,139,108,141,113,131,313,92,117,61,318,105,411,341,319,99,54,274,342,408,315,344,314,62,60,148,320,268,356,267,316,96,351,153,18,121,114,134,412,413,57,231,115,125,130,110,56,5,271,65,67,191,72,87,355,277,89,76,68,377,71,374,17,370,346,74,275,371,276,55,367,152,73,357,109,75,335,59,196,194,343,63,195,220,33,70,215,166,347,173,64,170,401,34,143,354,144,149,151,353,222,406,150,407,405,163,227,221,233,192,190,226,228,225,82,235,234,352,83,366,84,85,303,232,53,176,350,86,189,365,177,364,345,362,363,219,167,302,81,175,14,11,13,10,32,31,80,180,174,349,181,12,348,216,218,217,188,361,183,481,179,79,301,182,427,16,430,487,428,429,15,0,455,445,19,450,448,1,453,260,484,464,446,485,442,439,432,479,456,431,438,451,447,449,470,467,28,452,436,458,462,465,473,461,422,20,476,488,433,257,256,459,437,471,468,474,477,454,517,457,509,423,444,259,258,482,480,486,483,506,187,508,359,21,185,24,186,184,22,23,25,360,26,498,528,30,27,425,29,322,324,489,388,325,323,526,510,527,499,503,525,390,490,391,515,321,504,389,505,426,507,434,500,435,497,523,516,533,524,529,424,101,501,512,103,513,102,511,514,519,502,330,518,327,329,326,520,522,521,494,328,331,2,535,532,495,496,491,536,493,531,534,530,492,
402,369,403,404,309,69,241,311,250,254,305,310,308,306,253,304,255,247,252,246,251,410,243,242,248,249,240,245,466,478,244,463,475,368,90,295,419,469,472,307,312,460,417,293,298,297,376,286,421,375,409,281,287,239,300,292,290,299,443,420,338,198,373,214,211,418,415,339,209,203,416,269,157,210,202,398,204,205,201,200,207,208,291,289,288,206,98,212,213,387,50,334,88,385,372,384,280,383,414,178,262,263,393,395,52,49,337,93,272,441,146,48,171,164,332,47,392,165,381,294,44,285,41,386,45,382,284,51,397,396,380,379,378,147,278,46,283,282,394,270,296,145,36,38,224,37,35,39,279,40,66,43,162,42,399,400,156,94,9,230,3,333,77,78,100,440,172,265,199,197,107,161,317,264,261,266,336,58,160,129,126,229,7,155,112,236,340,237,238,95,154,119,128,223,159,273,158,122,8,127,193,140,116,91,118,4,168,6,169,142,104,135,120,132,123,138,137,133,97,358,136,106,124,108,111,139,113,131,141,117,92,313,411,341,105,318,61,319,54,274,342,99,408,315,344,314,148,62,60,320,316,268,356,267,96,153,351,18,412,114,121,413,57,134,231,125,115,130,5,110,56,67,271,191,72,65,277,87,355,89,68,76,374,71,370,377,17,74,275,346,371,276,55,367,152,73,357,109,335,75,59,196,194,343,63,195,220,215,70,33,166,347,173,64,170,143,34,401,354,144,151,149,353,222,407,406,150,227,405,163,233,221,228,190,192,226,82,225,234,235,352,366,85,83,84,232,176,53,303,350,86,365,177,189,345,364,363,302,362,219,167,81,175,14,11,10,13,32,180,80,31,174,181,349,12,348,188,216,218,217,361,183,179,481,79,301,182,427,16,430,487,429,428,0,15,455,445,19,450,1,448,453,260,446,484,464,442,485,439,432,456,479,431,438,451,449,447,470,467,28,452,436,465,462,458,473,422,461,20,488,476,433,257,477,437,474,468,471,256,459,454,517,457,509,444,259,423,258,482,480,486,483,506,187,508,359,21,185,24,186,23,22,184,25,360,26,498,528,29,30,27,425,322,324,489,388,325,323,526,510,527,390,391,525,499,503,490,515,321,389,505,504,426,507,500,434,435,497,523,424,516,533,529,524,101,501,102,513,103,512,511,514,519,502,518,327,330,329,522,494,521,520,326,331,328,2,535,536,530,495,532,531,493,492,496,491,534,
402,369,403,404,309,69,241,311,250,254,305,310,308,306,253,304,255,247,252,246,251,410,243,242,249,248,240,245,466,478,244,463,475,368,90,295,419,469,472,307,312,460,417,293,297,298,376,286,421,375,409,281,287,239,300,292,290,299,443,420,338,198,373,214,211,415,418,339,203,209,269,416,157,210,202,398,204,205,201,200,207,208,291,289,288,98,206,212,213,387,50,334,88,385,372,384,280,383,414,178,263,262,393,395,52,49,337,93,441,272,48,146,171,164,332,47,165,392,381,294,285,386,41,382,45,44,284,397,51,380,396,378,379,147,46,278,283,282,270,394,296,36,145,38,224,35,37,39,40,279,66,43,162,42,399,400,156,94,9,230,3,333,77,100,78,440,172,265,199,197,107,161,317,264,261,266,336,58,129,160,126,229,7,236,112,155,340,95,238,237,119,154,128,223,159,273,158,8,122,127,116,193,140,91,118,4,168,169,6,142,120,123,132,138,135,104,97,136,133,137,358,124,106,139,111,108,141,131,113,117,92,313,105,318,61,341,411,319,274,342,99,54,315,408,344,314,148,60,62,320,267,356,96,268,316,153,18,351,121,57,413,114,134,412,130,231,115,125,56,5,110,271,65,67,72,191,277,355,87,89,76,68,374,377,370,17,71,74,275,346,371,276,55,367,152,73,357,109,335,75,59,196,194,343,195,63,220,33,215,70,347,166,173,64,170,34,401,143,354,144,149,151,353,222,150,407,406,227,405,163,228,190,226,233,192,221,82,225,235,234,352,84,83,366,85,53,303,232,176,86,350,189,177,365,345,364,167,363,219,362,302,175,81,14,11,13,32,10,31,180,80,174,349,181,348,12,217,216,218,188,361,183,481,179,79,301,182,427,16,430,487,428,429,15,0,455,445,450,19,1,448,453,260,464,484,446,485,442,432,439,479,456,451,438,431,447,449,467,470,28,452,436,458,465,462,473,461,422,20,476,433,488,257,468,474,471,437,477,256,459,454,517,457,509,259,444,423,258,480,482,486,483,506,187,508,359,21,185,24,184,22,186,23,25,360,26,528,498,30,27,425,29,324,322,489,325,323,388,526,510,527,525,490,390,503,391,499,515,321,505,504,389,507,426,434,500,435,523,497,424,533,524,529,516,501,101,511,514,103,102,512,513,519,502,518,327,329,330,494,520,521,326,522,2,331,328,535,493,536,534,530,495,531,532,492,496,491,
402,369,403,404,309,69,241,311,250,254,305,308,310,306,253,304,255,247,252,246,251,410,243,242,249,248,240,245,466,478,244,463,90,368,475,295,419,469,472,307,312,460,417,293,298,297,376,286,421,375,409,281,287,239,300,292,290,299,443,420,338,198,373,214,211,418,415,339,203,209,269,416,157,202,210,204,398,205,201,200,207,208,291,289,288,98,206,212,213,387,50,334,88,385,372,384,280,383,414,178,262,263,393,395,52,49,337,93,441,272,146,48,171,164,332,47,381,392,165,294,382,41,45,44,386,285,284,51,397,396,379,380,378,147,278,46,283,282,394,270,296,36,145,38,224,35,37,39,66,40,279,43,162,42,399,400,156,94,9,230,3,333,77,100,78,440,172,265,199,197,107,161,317,261,264,266,336,160,58,129,126,229,7,112,236,155,340,238,95,237,119,154,128,223,159,8,122,273,158,127,193,116,140,91,118,168,4,6,169,142,138,104,132,120,135,123,133,97,137,358,136,106,124,111,108,139,131,113,141,313,92,117,105,318,61,411,341,319,99,54,274,342,408,315,344,314,148,62,60,320,316,268,356,267,96,153,18,351,412,121,57,134,413,114,130,231,115,125,110,56,5,191,67,271,65,72,277,355,87,89,76,68,71,370,377,17,374,275,74,346,371,276,55,367,152,73,357,109,75,335,59,196,194,343,195,63,220,70,33,215,347,166,173,64,170,401,34,143,354,144,149,151,353,222,150,407,406,405,163,227,233,190,192,226,221,228,225,82,234,235,352,366,85,84,83,303,232,176,53,350,86,365,189,177,364,345,219,363,362,167,302,81,14,175,11,10,32,13,80,174,180,31,349,181,12,348,217,216,188,218,361,183,481,179,79,301,182,427,16,430,487,429,428,0,15,455,445,450,19,448,1,260,453,464,446,484,442,485,432,439,456,479,438,451,431,447,449,467,470,28,436,452,465,462,458,473,461,422,20,488,476,433,257,256,477,459,474,468,471,437,454,517,457,509,259,423,444,258,482,486,480,483,506,187,508,359,21,185,184,22,24,23,186,25,360,26,528,498,29,425,30,27,324,489,322,323,325,388,510,526,527,499,525,391,490,503,390,515,321,504,389,505,507,426,500,434,435,497,523,524,424,516,529,533,101,501,514,511,513,512,103,102,519,502,327,330,518,329,520,522,326,494,521,328,2,331,531,534,492,495,496,536,493,491,535,530,532,
402,369,403,404,309,69,241,311,250,254,305,310,308,306,253,304,255,247,252,246,251,410,243,242,249,248,240,245,466,478,244,463,90,368,475,295,419,469,472,307,312,460,417,293,297,298,376,286,421,409,375,281,287,239,300,292,290,299,443,420,338,198,373,214,211,418,415,339,203,209,416,269,157,202,210,204,398,205,201,200,208,207,291,289,288,98,206,212,213,387,50,334,88,385,372,384,383,280,414,178,263,262,393,395,52,49,337,93,441,272,48,146,171,164,332,47,381,165,392,294,45,44,386,382,285,41,51,284,397,396,380,378,379,147,46,278,283,282,394,270,296,36,145,38,224,35,37,39,279,66,40,43,162,42,399,400,156,94,230,9,3,333,77,78,100,440,172,265,199,197,107,161,317,264,261,266,336,58,160,129,126,229,7,236,155,112,340,237,238,95,154,119,128,223,159,122,273,8,158,127,140,116,193,91,118,4,168,6,169,142,138,135,132,120,104,123,137,358,133,97,136,106,124,108,139,111,131,141,113,117,313,92,61,341,318,411,105,319,54,99,342,274,408,315,314,344,60,62,148,320,267,316,268,356,96,153,18,351,413,114,412,121,134,57,125,231,115,130,5,110,56,191,72,65,67,271,355,277,87,89,76,68,370,374,17,71,377,275,346,74,371,276,55,367,152,73,357,109,335,75,59,196,194,343,195,63,220,70,215,33,347,166,173,64,170,143,401,34,354,144,149,151,222,353,150,407,406,163,227,405,190,228,233,221,226,192,82,225,235,234,352,366,84,83,85,232,53,176,303,350,86,189,177,365,364,345,219,362,302,167,363,175,14,81,11,32,13,10,174,180,31,80,349,181,348,12,217,218,188,216,361,183,179,481,301,79,182,427,16,430,487,429,428,0,15,455,445,19,450,448,1,260,453,484,464,446,442,485,439,432,456,479,431,438,451,449,447,470,467,28,452,436,458,462,465,473,422,461,20,476,433,488,257,468,459,471,477,474,256,437,454,517,457,509,423,259,444,258,486,482,480,483,506,187,508,359,21,185,184,24,23,22,186,25,360,26,528,498,425,27,29,30,322,489,324,323,388,325,526,510,527,391,499,503,390,525,490,515,321,389,505,504,426,507,500,434,435,497,523,516,524,533,529,424,501,101,103,512,514,511,102,513,519,502,330,329,327,518,520,522,521,326,494,2,331,328,492,491,536,534,496,532,493,495,531,530,535,
402,369,403,404,309,69,241,311,250,254,305,308,310,306,253,304,255,247,252,246,251,410,243,242,248,249,240,245,466,478,244,463,368,475,90,295,419,469,472,307,312,460,417,293,298,297,376,286,421,375,409,281,287,239,300,292,290,299,443,420,338,198,373,214,211,418,415,339,203,209,269,416,157,202,210,398,204,205,201,200,208,207,291,289,288,98,206,212,213,50,387,334,88,385,372,384,383,280,414,178,263,262,393,395,52,49,337,93,441,272,48,146,171,164,332,47,392,165,381,294,41,285,386,44,45,382,397,284,51,379,378,396,380,147,278,46,283,282,270,394,296,36,145,38,224,37,35,39,40,279,66,43,162,42,399,156,400,94,9,230,3,333,77,100,78,440,172,265,199,197,107,161,317,261,264,266,336,160,58,129,126,229,7,236,112,155,340,238,95,237,128,154,119,223,159,158,122,8,273,127,140,193,116,91,118,4,168,169,6,142,104,138,132,135,120,123,133,137,97,136,358,106,124,139,108,111,113,131,141,92,117,313,411,341,61,105,318,319,342,99,54,274,408,315,344,314,148,62,60,320,268,356,267,316,96,351,18,153,57,413,412,114,121,134,231,125,115,130,56,5,110,271,65,191,72,67,355,87,277,89,76,68,71,377,374,370,17,275,74,346,276,371,55,367,73,152,357,109,75,335,59,196,343,194,195,63,220,215,70,33,347,166,173,64,170,34,143,401,354,144,149,151,222,353,150,407,406,227,405,163,228,233,192,226,190,221,82,225,234,235,352,83,85,366,84,53,303,232,176,86,350,177,365,189,345,364,362,219,167,302,363,14,81,175,11,13,32,10,180,31,174,80,181,349,12,348,217,188,216,218,361,183,179,481,79,301,182,427,16,430,487,428,429,0,15,455,445,450,19,1,448,260,453,484,446,464,485,442,439,432,479,456,451,431,438,447,449,470,467,28,436,452,465,462,458,473,422,461,20,433,476,488,257,437,468,459,471,256,477,474,454,517,457,509,423,259,444,258,480,486,482,483,506,187,508,359,21,185,24,184,186,22,23,25,360,26,528,498,425,30,29,27,324,489,322,388,323,325,510,526,527,503,390,525,499,490,391,515,321,504,389,505,507,426,434,500,435,523,497,533,516,529,524,424,501,101,512,102,103,514,513,511,519,502,518,327,330,329,494,521,522,326,520,331,2,328,491,492,536,534,496,532,493,495,531,530,535,
402,369,403,404,309,69,241,311,250,254,305,308,310,306,253,304,255,247,252,246,251,410,243,242,249,248,240,245,466,478,244,463,475,368,90,295,419,469,472,307,312,460,417,293,298,297,376,286,421,409,375,281,287,239,300,292,290,299,443,420,338,198,373,214,211,415,418,339,209,203,269,416,157,202,210,204,398,205,201,200,208,207,291,289,288,206,98,212,213,50,387,334,88,385,372,384,280,383,414,178,262,263,393,395,52,49,337,93,272,441,146,48,171,164,332,47,392,165,381,294,285,44,45,41,382,386,284,397,51,379,396,380,378,147,46,278,283,282,394,270,296,36,145,38,224,37,35,39,279,40,66,43,162,42,399,156,400,94,9,230,3,333,77,78,100,440,172,265,199,197,107,161,317,264,261,266,336,129,160,58,126,229,7,236,112,155,340,95,238,237,154,128,119,223,159,158,122,8,273,127,193,140,116,91,118,168,4,6,169,142,135,138,123,120,132,104,137,133,358,97,136,124,106,139,111,108,141,113,131,92,313,117,318,341,61,411,105,319,99,342,274,54,315,408,314,344,148,62,60,320,96,316,356,268,267,351,153,18,57,134,121,413,114,412,125,130,115,231,5,56,110,72,67,65,191,271,87,277,355,89,76,68,71,370,377,374,17,346,74,275,371,276,367,55,73,152,357,109,335,75,59,196,343,194,195,63,220,70,33,215,166,347,64,173,170,34,143,401,354,144,149,151,353,222,407,406,150,405,163,227,226,228,192,190,221,233,82,225,234,235,352,85,84,366,83,53,176,303,232,350,86,365,177,189,364,345,362,167,219,363,302,81,175,14,11,10,32,13,31,80,180,174,181,349,348,12,217,216,188,218,361,183,481,179,79,301,182,427,16,430,487,428,429,0,15,455,445,450,19,1,448,260,453,446,464,484,442,485,439,432,479,456,451,438,431,447,449,470,467,28,452,436,462,465,458,473,461,422,20,476,488,433,257,437,477,256,471,474,468,459,454,517,457,509,259,444,423,258,480,482,486,483,506,187,508,359,21,185,22,23,184,24,186,25,360,26,498,528,425,29,27,30,322,489,324,323,388,325,526,510,527,390,490,503,499,525,391,515,321,504,505,389,426,507,434,500,435,523,497,529,516,533,424,524,101,501,103,511,513,512,514,102,519,502,518,329,330,327,520,326,494,521,522,331,328,2,530,535,492,536,491,493,495,532,534,496,531,
402,369,403,404,309,69,241,311,250,254,305,310,308,306,253,304,255,247,252,246,251,410,243,242,248,249,240,245,466,478,244,463,475,368,90,295,419,469,472,307,312,460,417,293,297,298,376,286,421,409,375,281,287,239,300,292,290,299,443,420,338,198,373,214,211,415,418,339,203,209,416,269,157,202,210,204,398,205,201,200,208,207,291,289,288,98,206,212,213,50,387,334,88,385,372,384,280,383,414,178,262,263,393,395,52,49,337,93,272,441,48,146,171,164,332,47,392,165,381,294,41,44,285,386,45,382,397,51,284,380,396,379,378,147,46,278,283,282,394,270,296,145,36,38,224,37,35,39,40,279,66,43,162,42,399,400,156,94,9,230,3,333,77,100,78,440,172,265,199,197,161,107,317,264,261,266,336,129,58,160,126,229,7,236,112,155,340,237,95,238,119,128,154,223,159,122,273,8,158,127,193,140,116,91,118,168,4,169,6,142,120,104,138,123,132,135,133,97,358,137,136,106,124,139,111,108,131,141,113,92,117,313,105,318,341,411,61,319,342,99,274,54,408,315,344,314,148,60,62,320,316,268,267,356,96,18,153,351,57,413,121,412,134,114,125,130,231,115,110,56,5,65,191,271,67,72,277,87,355,89,76,68,377,374,17,71,370,74,275,346,371,276,55,367,73,152,357,109,335,75,59,196,194,343,63,195,220,33,70,215,166,347,64,173,170,401,34,143,354,144,149,151,353,222,407,406,150,163,227,405,190,233,192,221,226,228,225,82,235,234,352,366,85,83,84,303,176,232,53,86,350,189,177,365,364,345,362,302,167,219,363,81,175,14,11,32,13,10,31,174,80,180,181,349,12,348,217,188,218,216,361,183,481,179,301,79,182,427,16,430,487,428,429,0,15,455,445,450,19,448,1,453,260,464,484,446,485,442,439,432,479,456,438,451,431,449,447,467,470,28,436,452,465,462,458,473,422,461,20,488,433,476,257,474,256,459,477,437,468,471,454,517,457,509,259,423,444,258,482,486,480,483,506,187,508,359,21,185,184,23,24,22,186,25,360,26,528,498,27,29,30,425,322,489,324,325,323,388,510,526,527,503,391,490,499,525,390,515,321,505,389,504,426,507,434,500,435,497,523,529,424,524,516,533,501,101,103,512,514,511,102,513,519,502,327,329,518,330,494,521,520,522,326,2,328,331,492,493,495,491,532,535,536,496,531,530,534,
402,369,403,404,309,69,241,311,250,254,305,310,308,306,253,304,255,247,252,246,251,410,243,242,248,249,240,245,466,478,244,463,368,90,475,295,419,469,472,307,312,460,417,293,298,297,376,286,421,375,409,281,287,239,300,292,290,299,443,420,338,198,373,214,211,418,415,339,203,209,416,269,157,202,210,204,398,205,201,200,207,208,291,289,288,206,98,212,213,50,387,334,88,385,372,384,383,280,414,178,262,263,393,395,52,49,337,93,441,272,48,146,171,164,332,47,381,392,165,294,45,386,285,41,44,382,51,397,284,380,379,378,396,147,278,46,283,282,394,270,296,36,145,38,224,35,37,39,66,279,40,43,162,42,399,400,156,94,230,9,3,333,77,100,78,440,172,265,199,197,161,107,317,264,261,266,336,129,58,160,126,229,7,112,155,236,340,238,95,237,128,154,119,223,159,273,122,158,8,127,140,116,193,91,118,4,168,6,169,142,138,104,123,132,120,135,358,133,97,136,137,124,106,139,108,111,141,131,113,117,313,92,105,411,318,61,341,319,274,342,99,54,315,408,344,314,60,62,148,320,356,96,316,267,268,351,18,153,413,412,134,114,57,121,115,231,125,130,5,110,56,271,191,67,72,65,355,87,277,89,68,76,17,370,71,374,377,346,74,275,371,276,55,367,152,73,357,109,335,75,59,196,194,343,195,63,220,70,215,33,347,166,173,64,170,401,34,143,354,144,149,151,353,222,406,150,407,227,163,405,226,192,190,221,228,233,82,225,235,234,352,85,84,366,83,53,176,232,303,86,350,189,177,365,364,345,302,167,362,219,363,14,175,81,11,13,32,10,174,31,180,80,349,181,12,348,217,216,218,188,361,183,179,481,301,79,182,427,16,430,487,428,429,15,0,455,445,450,19,448,1,260,453,446,484,464,485,442,432,439,479,456,451,431,438,447,449,467,470,28,452,436,465,458,462,473,461,422,20,433,488,476,257,437,468,459,471,474,256,477,454,517,457,509,423,444,259,258,480,482,486,483,506,187,508,359,21,185,186,184,22,23,24,25,360,26,498,528,29,27,30,425,489,324,322,325,388,323,510,526,527,490,390,391,525,503,499,515,321,505,389,504,507,426,434,500,435,497,523,524,529,424,516,533,101,501,512,514,102,513,511,103,519,502,329,518,330,327,494,326,522,521,520,328,331,2,491,531,492,532,535,536,534,496,495,493,530,
402,369,403,404,309,69,241,311,250,254,305,310,308,306,253,304,255,247,252,246,251,410,243,242,248,249,240,245,466,478,244,463,368,90,475,295,419,469,472,307,312,460,417,293,297,298,376,286,421,409,375,281,287,239,300,292,290,299,443,420,338,198,373,214,211,418,415,339,209,203,416,269,157,202,210,398,204,205,201,200,207,208,291,289,288,206,98,212,213,50,387,334,88,385,372,384,383,280,414,178,262,263,393,395,52,49,337,93,441,272,146,48,171,164,332,47,381,392,165,294,44,41,382,386,285,45,51,397,284,379,380,396,378,147,46,278,283,282,394,270,296,145,36,38,224,37,35,39,66,279,40,43,162,42,399,400,156,94,9,230,3,333,77,78,100,440,172,265,199,197,161,107,317,264,261,266,336,58,129,160,126,229,7,155,112,236,340,95,237,238,154,119,128,223,159,8,273,158,122,127,116,140,193,91,118,168,4,6,169,142,123,138,120,135,104,132,358,133,137,97,136,106,124,111,108,139,131,113,141,313,92,117,341,318,105,61,411,319,99,342,274,54,315,408,314,344,60,148,62,320,96,316,356,267,268,153,18,351,412,57,114,134,413,121,115,231,130,125,110,5,56,191,271,67,65,72,87,355,277,89,76,68,71,374,377,370,17,74,346,275,276,371,367,55,73,152,357,109,75,335,59,196,194,343,63,195,220,70,215,33,347,166,173,64,170,34,401,143,354,144,151,149,222,353,407,406,150,405,227,163,221,233,192,228,226,190,225,82,234,235,352,366,84,83,85,303,232,176,53,350,86,177,189,365,345,364,363,302,167,219,362,81,175,14,11,32,13,10,80,31,174,180,181,349,12,348,218,188,217,216,361,183,481,179,79,301,182,427,16,430,487,429,428,0,15,455,445,450,19,448,1,453,260,446,464,484,442,485,432,439,456,479,451,438,431,447,449,467,470,28,436,452,462,465,458,473,461,422,20,433,476,488,257,477,468,459,474,256,471,437,454,517,457,509,444,259,423,258,486,480,482,483,506,187,508,359,21,185,24,22,23,184,186,25,360,26,498,528,30,425,29,27,489,322,324,323,325,388,510,526,527,490,499,391,390,503,525,515,321,505,389,504,426,507,500,434,435,523,497,533,524,516,424,529,101,501,102,514,103,512,511,513,519,502,518,327,330,329,326,522,520,494,521,331,2,328,532,493,534,492,536,491,496,530,495,535,531,
402,369,403,404,309,69,241,311,250,254,305,310,308,306,253,304,255,247,252,246,251,410,243,242,249,248,240,245,466,478,244,463,475,368,90,295,419,469,472,307,312,460,417,293,297,298,376,286,421,375,409,281,287,239,300,292,290,299,443,420,338,198,373,214,211,415,418,339,209,203,269,416,157,202,210,204,398,205,201,200,207,208,291,289,288,98,206,212,213,387,50,334,88,385,372,384,280,383,414,178,263,262,393,395,52,49,337,93,272,441,48,146,171,164,332,47,381,392,165,294,382,44,386,45,41,285,51,284,397,379,396,378,380,147,46,278,283,282,270,394,296,36,145,38,224,35,37,39,279,66,40,43,162,42,399,400,156,94,230,9,3,333,77,78,100,440,172,265,199,197,161,107,317,261,264,266,336,129,160,58,126,229,7,236,155,112,340,238,95,237,119,128,154,223,159,273,158,8,122,127,116,193,140,91,118,168,4,169,6,142,132,138,120,135,104,123,97,358,137,136,133,106,124,139,108,111,113,141,131,313,92,117,61,105,341,318,411,319,274,54,99,342,315,408,314,344,60,148,62,320,267,356,96,268,316,153,18,351,121,413,412,114,57,134,231,115,130,125,56,110,5,72,67,191,65,271,355,277,87,89,76,68,370,377,374,17,71,346,74,275,371,276,55,367,152,73,357,109,335,75,59,196,194,343,195,63,220,33,70,215,166,347,64,173,170,34,143,401,354,144,149,151,222,353,150,407,406,405,163,227,192,233,228,226,190,221,225,82,235,234,352,85,83,366,84,53,303,176,232,350,86,365,177,189,345,364,363,302,362,167,219,81,14,175,11,10,32,13,80,31,180,174,181,349,12,348,217,188,218,216,361,183,481,179,301,79,182,427,16,430,487,428,429,0,15,455,445,19,450,448,1,453,260,484,446,464,442,485,439,432,479,456,431,451,438,447,449,467,470,28,452,436,462,465,458,473,461,422,20,488,476,433,257,437,459,468,256,477,471,474,454,517,457,509,423,259,444,258,486,482,480,483,506,187,508,359,21,185,184,24,23,186,22,25,360,26,528,498,425,29,30,27,322,324,489,323,325,388,510,526,527,391,490,499,525,390,503,515,321,505,504,389,507,426,500,434,435,497,523,524,533,529,516,424,501,101,511,102,514,512,513,103,519,502,329,518,327,330,494,521,522,326,520,328,2,331,532,495,493,531,530,496,491,492,534,536,535,
402,369,403,404,309,69,241,311,250,254,305,308,310,306,253,304,255,247,252,246,251,410,243,242,248,249,240,245,466,478,244,463,90,475,368,295,419,469,472,307,312,460,417,293,297,298,376,286,421,409,375,281,287,239,300,292,290,299,443,420,338,198,373,214,211,418,415,339,203,209,416,269,157,202,210,204,398,205,201,200,207,208,291,289,288,206,98,212,213,387,50,334,88,385,372,384,383,280,414,178,262,263,393,395,52,49,337,93,272,441,146,48,171,164,332,47,392,381,165,294,285,382,41,45,386,44,284,51,397,380,378,379,396,147,278,46,283,282,394,270,296,145,36,38,224,35,37,39,40,66,279,43,162,42,399,400,156,94,9,230,3,333,77,78,100,440,172,265,199,197,107,161,317,264,261,266,336,129,160,58,126,229,7,236,155,112,340,237,238,95,128,119,154,223,159,122,8,158,273,127,193,116,140,91,118,4,168,169,6,142,138,123,104,120,132,135,133,97,137,358,136,124,106,111,139,108,141,131,113,117,92,313,105,318,341,411,61,319,99,54,274,342,315,408,344,314,62,148,60,320,267,96,268,316,356,18,153,351,57,134,412,121,114,413,231,125,115,130,110,5,56,67,191,271,72,65,355,277,87,89,76,68,370,374,377,17,71,346,74,275,371,276,367,55,152,73,357,109,335,75,59,196,343,194,63,195,220,215,70,33,166,347,64,173,170,401,143,34,354,144,151,149,222,353,406,150,407,405,227,163,228,233,192,226,190,221,82,225,234,235,352,85,83,366,84,303,53,232,176,86,350,189,177,365,364,345,362,219,167,363,302,175,81,14,11,13,10,32,31,80,180,174,349,181,12,348,217,188,216,218,361,183,481,179,301,79,182,427,16,430,487,428,429,0,15,455,445,19,450,448,1,453,260,446,464,484,442,485,439,432,479,456,431,451,438,447,449,470,467,28,452,436,465,462,458,473,422,461,20,476,488,433,257,474,468,437,256,477,459,471,454,517,457,509,423,444,259,258,486,482,480,483,506,187,508,359,21,185,184,23,186,22,24,25,360,26,498,528,27,30,29,425,489,322,324,323,325,388,526,510,527,391,490,499,525,390,503,515,321,505,389,504,507,426,434,500,435,497,523,533,529,516,524,424,101,501,514,103,513,511,102,512,519,502,330,329,327,518,521,520,522,494,326,331,2,328,495,491,536,535,493,532,534,531,530,496,492,
402,369,403,404,309,69,241,311,250,254,305,308,310,306,253,304,255,247,252,246,251,410,243,242,249,248,240,245,466,478,244,463,90,475,368,295,419,469,472,307,312,460,417,293,297,298,376,286,421,409,375,281,287,239,300,292,290,299,443,420,338,198,373,214,211,415,418,339,203,209,416,269,157,202,210,204,398,205,201,200,207,208,291,289,288,206,98,212,213,50,387,334,88,385,372,384,280,383,414,178,262,263,393,395,52,49,337,93,441,272,48,146,171,164,332,47,165,392,381,294,44,386,382,41,45,285,397,284,51,378,379,396,380,147,278,46,283,282,270,394,296,145,36,38,224,37,35,39,279,66,40,43,162,42,399,156,400,94,230,9,3,333,77,100,78,440,172,265,199,197,107,161,317,264,261,266,336,129,58,160,126,229,7,236,112,155,340,238,95,237,128,119,154,223,159,273,122,158,8,127,116,140,193,91,118,168,4,6,169,142,120,138,135,132,123,104,97,136,358,137,133,106,124,108,139,111,141,131,113,92,117,313,411,61,105,318,341,319,99,274,342,54,315,408,314,344,62,60,148,320,267,96,268,356,316,153,351,18,412,57,413,121,134,114,115,130,125,231,56,5,110,72,65,271,67,191,355,87,277,89,68,76,370,71,17,377,374,346,275,74,276,371,55,367,152,73,357,109,335,75,59,196,343,194,195,63,220,70,33,215,347,166,64,173,170,34,143,401,354,144,149,151,222,353,406,407,150,227,163,405,233,221,226,228,192,190,225,82,235,234,352,366,84,83,85,176,232,303,53,350,86,189,365,177,364,345,167,362,363,219,302,14,175,81,11,10,13,32,174,80,180,31,181,349,348,12,188,218,216,217,361,183,179,481,301,79,182,427,16,430,487,429,428,0,15,455,445,19,450,1,448,260,453,446,484,464,485,442,432,439,479,456,431,438,451,449,447,470,467,28,452,436,465,462,458,473,422,461,20,433,488,476,257,471,437,474,256,477,459,468,454,517,457,509,259,444,423,258,482,486,480,483,506,187,508,359,21,185,23,184,186,22,24,25,360,26,498,528,425,30,27,29,489,324,322,388,323,325,510,526,527,391,490,499,525,503,390,515,321,504,389,505,426,507,500,434,435,523,497,516,529,424,524,533,501,101,102,511,512,103,513,514,519,502,330,518,329,327,520,326,494,522,521,328,2,331,496,536,531,495,493,492,532,491,534,530,535,
402,369,403,404,309,69,241,311,250,254,305,308,310,306,253,304,255,247,252,246,251,410,243,242,249,248,240,245,466,478,244,463,90,368,475,295,419,469,472,307,312,460,417,293,298,297,376,286,421,409,375,281,287,239,300,292,290,299,443,420,338,198,373,214,211,415,418,339,209,203,269,416,157,202,210,204,398,205,201,200,208,207,291,289,288,206,98,212,213,50,387,334,88,385,372,384,280,383,414,178,263,262,393,395,52,49,337,93,272,441,146,48,171,164,332,47,381,392,165,294,41,285,386,45,44,382,284,51,397,378,379,396,380,147,278,46,283,282,394,270,296,36,145,38,224,37,35,39,66,40,279,43,162,42,399,400,156,94,9,230,3,333,77,100,78,440,172,265,199,197,107,161,317,264,261,266,336,58,129,160,126,229,7,112,155,236,340,238,95,237,128,119,154,223,159,273,122,158,8,127,193,140,116,91,118,168,4,6,169,142,135,132,104,138,123,120,133,97,137,358,136,106,124,111,108,139,131,113,141,313,117,92,341,411,105,61,318,319,99,54,342,274,315,408,344,314,148,60,62,320,268,267,96,316,356,18,153,351,121,412,413,57,134,114,231,125,130,115,5,56,110,271,72,65,191,67,277,355,87,89,68,76,374,370,71,377,17,275,346,74,276,371,367,55,152,73,357,109,75,335,59,196,343,194,195,63,220,33,70,215,347,166,64,173,170,401,34,143,354,144,149,151,222,353,407,150,406,405,163,227,228,221,233,190,192,226,225,82,234,235,352,83,84,366,85,232,176,53,303,350,86,189,365,177,364,345,167,362,363,302,219,175,14,81,11,10,32,13,80,180,174,31,181,349,12,348,217,218,216,188,361,183,179,481,301,79,182,427,16,430,487,429,428,15,0,455,445,450,19,1,448,453,260,484,446,464,442,485,439,432,456,479,431,438,451,449,447,467,470,28,452,436,458,462,465,473,461,422,20,433,488,476,257,256,474,477,459,471,437,468,454,517,457,509,444,423,259,258,480,482,486,483,506,187,508,359,21,185,22,24,23,184,186,25,360,26,528,498,425,27,30,29,489,322,324,388,323,325,510,526,527,499,525,391,390,490,503,515,321,504,389,505,507,426,434,500,435,497,523,516,533,529,524,424,501,101,103,514,512,513,102,511,519,502,329,330,518,327,494,520,326,522,521,331,2,328,495,496,530,491,534,532,536,531,493,535,492,
402,369,403,404,309,69,241,311,250,254,305,308,310,306,253,304,255,247,252,246,251,410,243,242,249,248,240,245,466,478,244,463,90,368,475,295,419,469,472,307,312,460,417,293,298,297,376,286,421,375,409,281,287,239,300,292,290,299,443,420,338,198,373,214,211,418,415,339,209,203,269,416,157,202,210,204,398,205,201,200,208,207,291,289,288,206,98,212,213,50,387,334,88,385,372,384,383,280,414,178,263,262,393,395,52,49,337,93,441,272,146,48,171,164,332,47,165,381,392,294,382,41,45,386,44,285,284,397,51,396,380,378,379,147,278,46,283,282,270,394,296,145,36,38,224,35,37,39,66,40,279,43,162,42,399,400,156,94,9,230,3,333,77,78,100,440,172,265,199,197,107,161,317,264,261,266,336,58,129,160,126,229,7,236,112,155,340,237,238,95,128,154,119,223,159,273,158,122,8,127,193,140,116,91,118,168,4,169,6,142,132,135,138,123,120,104,97,358,137,136,133,106,124,111,139,108,113,131,141,313,92,117,61,341,411,318,105,319,54,342,99,274,315,408,344,314,60,62,148,320,356,267,96,316,268,153,351,18,412,413,134,121,114,57,125,115,130,231,56,110,5,72,65,271,67,191,277,355,87,89,76,68,17,374,370,71,377,275,74,346,371,276,55,367,73,152,357,109,335,75,59,196,343,194,195,63,220,33,215,70,166,347,64,173,170,34,143,401,354,144,149,151,353,222,150,406,407,163,227,405,228,192,221,226,233,190,225,82,234,235,352,84,85,366,83,232,303,176,53,86,350,189,177,365,364,345,302,362,167,219,363,14,175,81,11,13,32,10,31,80,180,174,181,349,348,12,188,216,217,218,361,183,481,179,301,79,182,427,16,430,487,428,429,15,0,455,445,19,450,1,448,453,260,484,464,446,442,485,432,439,479,456,438,431,451,447,449,467,470,28,436,452,458,462,465,473,422,461,20,433,488,476,257,468,256,474,437,459,471,477,454,517,457,509,423,259,444,258,480,486,482,483,506,187,508,359,21,185,23,184,186,22,24,25,360,26,498,528,425,29,30,27,322,489,324,323,325,388,510,526,527,499,391,390,525,490,503,515,321,389,505,504,507,426,500,434,435,523,497,533,524,529,516,424,501,101,512,103,102,514,513,511,519,502,329,518,330,327,521,326,494,520,522,328,331,2,492,530,531,535,532,493,534,496,491,495,536,
402,369,403,404,309,69,241,311,250,254,305,308,310,306,253,304,255,247,252,246,251,410,243,242,248,249,240,245,466,478,244,463,90,475,368,295,419,469,472,307,312,460,417,293,298,297,376,286,421,375,409,281,287,239,300,292,290,299,443,420,338,198,373,214,211,415,418,339,203,209,269,416,157,202,210,398,204,205,201,200,208,207,291,289,288,98,206,212,213,50,387,334,88,385,372,384,280,383,414,178,263,262,393,395,52,49,337,93,272,441,48,146,171,164,332,47,392,165,381,294,41,44,386,45,382,285,51,284,397,380,378,379,396,147,278,46,283,282,394,270,296,36,145,38,224,35,37,39,66,40,279,43,162,42,399,156,400,94,9,230,3,333,77,78,100,440,172,265,199,197,107,161,317,264,261,266,336,160,58,129,126,229,7,155,236,112,340,238,95,237,128,119,154,223,159,122,273,158,8,127,193,116,140,91,118,168,4,6,169,142,123,138,120,135,104,132,136,358,137,133,97,106,124,108,139,111,141,113,131,92,117,313,318,61,341,411,105,319,54,274,342,99,315,408,314,344,62,60,148,320,356,96,268,267,316,18,351,153,57,114,413,412,134,121,130,115,231,125,5,56,110,271,191,65,67,72,87,355,277,89,68,76,370,374,17,377,71,346,275,74,276,371,367,55,73,152,357,109,335,75,59,196,343,194,63,195,220,215,33,70,347,166,173,64,170,34,143,401,354,144,149,151,353,222,406,407,150,405,163,227,192,190,233,228,226,221,225,82,234,235,352,83,85,366,84,232,176,303,53,86,350,189,177,365,364,345,219,302,363,167,362,81,175,14,11,10,32,13,80,31,174,180,349,181,12,348,216,217,218,188,361,183,179,481,79,301,182,427,16,430,487,429,428,15,0,455,445,450,19,448,1,453,260,484,464,446,442,485,439,432,479,456,438,451,431,447,449,470,467,28,436,452,458,465,462,473,461,422,20,488,433,476,257,474,468,459,477,471,437,256,454,517,457,509,259,444,423,258,486,482,480,483,506,187,508,359,21,185,22,23,186,24,184,25,360,26,498,528,30,425,29,27,489,322,324,323,388,325,510,526,527,499,391,525,490,390,503,515,321,389,504,505,426,507,434,500,435,497,523,533,529,524,516,424,501,101,512,103,102,513,511,514,519,502,329,330,518,327,326,521,522,494,520,328,2,331,534,531,496,493,532,536,492,535,530,491,495,
402,369,403,404,309,69,241,311,250,254,305,310,308,306,253,304,255,247,252,246,251,410,243,242,249,248,240,245,466,478,244,463,368,475,90,295,419,469,472,307,312,460,417,293,297,298,376,286,421,409,375,281,287,239,300,292,290,299,443,420,338,198,373,214,211,418,415,339,203,209,416,269,157,202,210,398,204,205,201,200,207,208,291,289,288,98,206,212,213,387,50,334,88,385,372,384,280,383,414,178,263,262,393,395,52,49,337,93,441,272,48,146,171,164,332,47,392,381,165,294,386,41,285,44,45,382,397,284,51,380,378,396,379,147,46,278,283,282,270,394,296,145,36,38,224,35,37,39,279,40,66,43,162,42,399,156,400,94,9,230,3,333,77,100,78,440,172,265,199,197,107,161,317,264,261,266,336,58,129,160,126,229,7,155,236,112,340,95,238,237,128,154,119,223,159,122,158,273,8,127,140,116,193,91,118,4,168,6,169,142,132,104,135,138,120,123,133,97,358,137,136,124,106,111,108,139,141,113,131,117,92,313,341,105,61,318,411,319,54,342,274,99,408,315,314,344,60,148,62,320,96,316,356,267,268,18,153,351,413,114,134,57,121,412,130,115,125,231,110,5,56,67,65,271,191,72,277,355,87,89,68,76,370,377,71,17,374,275,346,74,371,276,367,55,152,73,357,109,335,75,59,196,194,343,195,63,220,215,33,70,166,347,173,64,170,401,143,34,354,144,151,149,353,222,407,150,406,405,163,227,192,190,233,221,228,226,225,82,234,235,352,85,84,83,366,303,232,176,53,350,86,189,365,177,364,345,219,167,302,362,363,14,175,81,11,10,13,32,174,180,31,80,181,349,348,12,188,216,217,218,361,183,179,481,301,79,182,427,16,430,487,429,428,15,0,455,445,19,450,1,448,260,453,484,464,446,485,442,432,439,456,479,438,451,431,447,449,467,470,28,452,436,465,462,458,473,422,461,20,476,433,488,257,477,471,256,459,468,474,437,454,517,457,509,444,259,423,258,482,486,480,483,506,187,508,359,21,185,22,23,24,184,186,25,360,26,498,528,425,27,30,29,489,322,324,388,323,325,526,510,527,490,525,391,503,390,499,515,321,505,504,389,426,507,434,500,435,497,523,529,516,424,533,524,501,101,102,103,512,511,514,513,519,502,518,330,329,327,521,520,522,494,326,2,331,328,493,532,534,491,531,495,535,530,496,492,536,
402,369,403,404,309,69,241,311,250,254,305,310,308,306,253,304,255,247,252,246,251,410,243,242,248,249,240,245,466,478,244,463,90,475,368,295,419,469,472,307,312,460,417,293,298,297,376,286,421,375,409,281,287,239,300,292,290,299,443,420,338,198,373,214,211,415,418,339,209,203,416,269,157,210,202,398,204,205,201,200,207,208,291,289,288,206,98,212,213,50,387,334,88,385,372,384,280,383,414,178,262,263,393,395,52,49,337,93,272,441,48,146,171,164,332,47,381,392,165,294,45,44,41,386,285,382,397,284,51,378,380,396,379,147,46,278,283,282,394,270,296,36,145,38,224,37,35,39,40,66,279,43,162,42,399,156,400,94,9,230,3,333,77,100,78,440,172,265,199,197,161,107,317,264,261,266,336,160,129,58,126,229,7,112,155,236,340,95,237,238,154,119,128,223,159,273,8,122,158,127,193,116,140,91,118,4,168,169,6,142,120,132,135,104,138,123,133,358,137,97,136,106,124,111,108,139,113,131,141,92,313,117,411,318,105,341,61,319,99,54,274,342,408,315,344,314,60,148,62,320,316,96,268,356,267,351,153,18,413,134,114,121,412,57,115,130,231,125,5,56,110,271,191,65,67,72,355,277,87,89,68,76,370,71,377,374,17,74,346,275,371,276,367,55,152,73,357,109,75,335,59,196,194,343,195,63,220,70,215,33,347,166,64,173,170,143,401,34,354,144,151,149,222,353,150,407,406,227,163,405,226,221,228,233,190,192,82,225,235,234,352,85,83,84,366,303,53,232,176,350,86,365,189,177,345,364,219,362,363,302,167,81,14,175,11,13,32,10,80,31,174,180,181,349,12,348,188,216,218,217,361,183,481,179,301,79,182,427,16,430,487,428,429,0,15,455,445,19,450,448,1,453,260,464,446,484,485,442,432,439,479,456,451,431,438,449,447,470,467,28,452,436,462,458,465,473,422,461,20,433,476,488,257,459,256,477,437,474,471,468,454,517,457,509,444,259,423,258,482,486,480,483,506,187,508,359,21,185,23,22,186,184,24,25,360,26,528,498,30,425,27,29,324,322,489,325,388,323,510,526,527,499,525,391,503,490,390,515,321,389,504,505,507,426,434,500,435,523,497,516,533,529,424,524,101,501,103,511,102,514,512,513,519,502,327,330,518,329,494,522,326,521,520,328,331,2,536,492,495,493,530,532,535,491,534,496,531,
402,369,403,404,309,69,241,311,250,254,305,310,308,306,253,304,255,247,252,246,251,410,243,242,248,249,240,245,466,478,244,463,90,475,368,295,419,469,472,307,312,460,417,293,297,298,376,286,421,375,409,281,287,239,300,292,290,299,443,420,338,198,373,214,211,418,415,339,209,203,416,269,157,210,202,398,204,205,201,200,207,208,291,289,288,206,98,212,213,50,387,334,88,385,372,384,280,383,414,178,263,262,393,395,52,49,337,93,272,441,48,146,171,164,332,47,392,165,381,294,41,45,386,44,382,285,397,284,51,378,379,380,396,147,278,46,283,282,394,270,296,145,36,38,224,35,37,39,279,66,40,43,162,42,399,400,156,94,230,9,3,333,77,100,78,440,172,265,199,197,161,107,317,264,261,266,336,58,160,129,126,229,7,236,112,155,340,95,237,238,154,128,119,223,159,8,122,158,273,127,193,116,140,91,118,4,168,6,169,142,120,123,138,132,135,104,136,97,133,358,137,106,124,108,111,139,113,131,141,92,313,117,318,411,61,341,105,319,99,342,274,54,315,408,314,344,62,60,148,320,96,268,316,356,267,18,153,351,57,114,412,134,121,413,125,231,115,130,56,5,110,67,191,72,271,65,355,277,87,89,76,68,374,377,17,71,370,74,346,275,276,371,55,367,152,73,357,109,335,75,59,196,343,194,63,195,220,215,70,33,347,166,64,173,170,401,34,143,354,144,149,151,222,353,406,407,150,163,227,405,190,226,233,192,221,228,82,225,235,234,352,85,366,83,84,303,176,53,232,350,86,365,189,177,345,364,219,362,363,167,302,175,81,14,11,10,32,13,180,174,80,31,181,349,348,12,188,218,217,216,361,183,481,179,79,301,182,427,16,430,487,429,428,15,0,455,445,450,19,1,448,453,260,464,484,446,442,485,439,432,456,479,438,451,431,449,447,470,467,28,436,452,462,465,458,473,422,461,20,476,488,433,257,477,437,468,474,256,471,459,454,517,457,509,444,423,259,258,480,486,482,483,506,187,508,359,21,185,22,186,23,184,24,25,360,26,498,528,30,425,29,27,322,324,489,323,325,388,526,510,527,490,499,525,503,390,391,515,321,505,389,504,507,426,434,500,435,497,523,533,516,529,524,424,101,501,511,514,512,103,513,102,519,502,327,518,330,329,520,522,494,521,326,2,331,328,532,530,536,535,492,491,495,496,534,493,531,
402,369,403,404,309,69,241,311,250,254,305,310,308,306,253,304,255,247,252,246,251,410,243,242,249,248,240,245,466,478,244,463,90,368,475,295,419,469,472,307,312,460,417,293,297,298,376,286,421,375,409,281,287,239,300,292,290,299,443,420,338,198,373,214,211,418,415,339,209,203,269,416,157,210,202,398,204,205,201,200,207,208,291,289,288,98,206,212,213,50,387,334,88,385,372,384,383,280,414,178,263,262,393,395,52,49,337,93,272,441,146,48,171,164,332,47,392,381,165,294,386,285,44,45,41,382,397,51,284,396,379,380,378,147,46,278,283,282,270,394,296,36,145,38,224,37,35,39,40,279,66,43,162,42,399,400,156,94,230,9,3,333,77,100,78,440,172,265,199,197,161,107,317,264,261,266,336,58,129,160,126,229,7,112,236,155,340,238,95,237,128,154,119,223,159,8,122,158,273,127,116,193,140,91,118,4,168,169,6,142,123,120,104,132,135,138,133,137,136,358,97,106,124,111,108,139,113,131,141,313,92,117,318,411,341,105,61,319,99,342,54,274,315,408,314,344,62,60,148,320,316,356,96,267,268,351,153,18,114,413,57,121,134,412,231,125,130,115,5,56,110,271,67,65,72,191,355,87,277,89,68,76,374,17,71,377,370,275,346,74,371,276,55,367,73,152,357,109,75,335,59,196,194,343,63,195,220,215,33,70,347,166,173,64,170,34,401,143,354,144,149,151,222,353,407,406,150,227,163,405,190,233,221,226,228,192,82,225,235,234,352,84,83,85,366,176,53,232,303,86,350,365,177,189,345,364,167,363,362,302,219,81,14,175,11,10,13,32,31,174,80,180,181,349,348,12,217,216,218,188,361,183,481,179,301,79,182,427,16,430,487,428,429,0,15,455,445,450,19,448,1,453,260,464,484,446,485,442,439,432,479,456,438,431,451,447,449,467,470,28,436,452,462,465,458,473,461,422,20,433,488,476,257,459,474,477,256,468,437,471,454,517,457,509,423,444,259,258,486,482,480,483,506,187,508,359,21,185,184,186,23,22,24,25,360,26,528,498,29,27,425,30,489,324,322,388,323,325,526,510,527,391,499,503,390,490,525,515,321,389,505,504,426,507,500,434,435,497,523,516,524,529,533,424,101,501,512,514,511,513,103,102,519,502,330,327,329,518,494,521,522,326,520,2,331,328,495,536,532,531,493,496,535,534,530,492,491,
402,369,403,404,309,69,241,311,250,254,305,310,308,306,253,304,255,247,252,246,251,410,243,242,249,248,240,245,466,478,244,463,475,90,368,295,419,469,472,307,312,460,417,293,297,298,376,286,421,409,375,281,287,239,300,292,290,299,443,420,338,198,373,214,211,418,415,339,203,209,416,269,157,210,202,204,398,205,201,200,208,207,291,289,288,98,206,212,213,387,50,334,88,385,372,384,280,383,414,178,262,263,393,395,52,49,337,93,441,272,146,48,171,164,332,47,165,381,392,294,382,41,45,44,285,386,284,397,51,380,378,396,379,147,278,46,283,282,394,270,296,36,145,38,224,37,35,39,40,279,66,43,162,42,399,156,400,94,9,230,3,333,77,78,100,440,172,265,199,197,161,107,317,261,264,266,336,58,129,160,126,229,7,236,112,155,340,237,95,238,154,128,119,223,159,8,122,158,273,127,140,116,193,91,118,168,4,6,169,142,135,104,138,132,123,120,136,358,137,97,133,106,124,139,108,111,131,141,113,92,117,313,341,411,318,61,105,319,342,274,54,99,408,315,314,344,148,62,60,320,316,267,356,96,268,153,351,18,412,121,114,57,413,134,125,115,231,130,5,110,56,65,67,271,72,191,355,277,87,89,76,68,374,71,370,17,377,346,74,275,371,276,55,367,73,152,357,109,75,335,59,196,194,343,63,195,220,70,33,215,166,347,173,64,170,401,34,143,354,144,149,151,353,222,406,150,407,163,405,227,221,226,192,228,233,190,225,82,235,234,352,83,85,84,366,232,176,303,53,350,86,365,189,177,345,364,363,302,219,167,362,175,14,81,11,10,32,13,174,80,31,180,181,349,12,348,217,216,218,188,361,183,179,481,79,301,182,427,16,430,487,428,429,15,0,455,445,19,450,448,1,453,260,446,464,484,485,442,432,439,456,479,451,431,438,447,449,470,467,28,452,436,462,458,465,473,461,422,20,433,488,476,257,437,459,256,477,468,471,474,454,517,457,509,259,423,444,258,482,486,480,483,506,187,508,359,21,185,22,23,186,24,184,25,360,26,498,528,27,425,29,30,322,324,489,388,325,323,526,510,527,391,525,390,503,499,490,515,321,505,389,504,507,426,434,500,435,523,497,524,529,424,516,533,101,501,511,514,513,512,102,103,519,502,330,518,329,327,520,494,521,522,326,331,2,328,534,491,530,535,496,495,531,532,536,492,493,
402,369,403,404,309,69,241,311,250,254,305,308,310,306,253,304,255,247,252,246,251,410,243,242,248,249,240,245,466,478,244,463,90,475,368,295,419,469,472,307,312,460,417,293,297,298,376,286,421,375,409,281,287,239,300,292,290,299,443,420,338,198,373,214,211,418,415,339,203,209,416,269,157,202,210,204,398,205,201,200,208,207,291,289,288,206,98,212,213,387,50,334,88,385,372,384,383,280,414,178,262,263,393,395,52,49,337,93,441,272,48,146,171,164,332,47,392,381,165,294,44,45,41,382,386,285,51,284,397,379,396,380,378,147,278,46,283,282,394,270,296,145,36,38,224,35,37,39,66,279,40,43,162,42,399,156,400,94,9,230,3,333,77,100,78,440,172,265,199,197,107,161,317,261,264,266,336,58,129,160,126,229,7,112,155,236,340,238,95,237,154,128,119,223,159,158,122,273,8,127,193,140,116,91,118,4,168,169,6,142,132,120,135,123,138,104,133,97,137,136,358,106,124,139,111,108,113,141,131,117,313,92,341,411,318,105,61,319,342,99,54,274,408,315,314,344,62,60,148,320,316,96,268,267,356,351,153,18,57,134,412,121,114,413,130,125,231,115,5,56,110,65,67,72,271,191,355,277,87,89,68,76,374,377,17,370,71,74,346,275,371,276,55,367,73,152,357,109,75,335,59,196,194,343,63,195,220,70,215,33,166,347,173,64,170,143,34,401,354,144,151,149,222,353,407,406,150,163,405,227,190,221,226,192,228,233,82,225,235,234,352,84,83,85,366,53,232,303,176,86,350,189,365,177,364,345,363,362,302,167,219,81,175,14,11,13,32,10,180,174,80,31,349,181,12,348,217,218,216,188,361,183,179,481,301,79,182,427,16,430,487,428,429,0,15,455,445,450,19,1,448,453,260,484,446,464,442,485,432,439,479,456,438,431,451,447,449,470,467,28,452,436,458,465,462,473,461,422,20,476,433,488,257,459,437,474,477,468,471,256,454,517,457,509,259,423,444,258,482,486,480,483,506,187,508,359,21,185,24,22,184,23,186,25,360,26,528,498,29,30,425,27,489,324,322,388,323,325,510,526,527,525,499,390,503,490,391,515,321,389,505,504,507,426,434,500,435,497,523,533,529,516,424,524,501,101,512,514,513,511,103,102,519,502,330,329,327,518,326,521,520,522,494,2,331,328,492,530,496,534,531,491,535,493,536,495,532,
402,369,403,404,309,69,241,311,250,254,305,308,310,306,253,304,255,247,252,246,251,410,243,242,249,248,240,245,466,478,244,463,368,475,90,295,419,469,472,307,312,460,417,293,297,298,376,286,421,375,409,281,287,239,300,292,290,299,443,420,338,198,373,214,211,415,418,339,209,203,416,269,157,210,202,398,204,205,201,200,208,207,291,289,288,98,206,212,213,387,50,334,88,385,372,384,383,280,414,178,262,263,393,395,52,49,337,93,272,441,48,146,171,164,332,47,165,392,381,294,386,41,44,45,382,285,397,284,51,379,396,380,378,147,46,278,283,282,270,394,296,145,36,38,224,37,35,39,66,279,40,43,162,42,399,400,156,94,9,230,3,333,77,100,78,440,172,265,199,197,161,107,317,261,264,266,336,160,58,129,126,229,7,155,236,112,340,95,238,237,154,119,128,223,159,122,158,273,8,127,140,116,193,91,118,4,168,169,6,142,123,120,132,138,135,104,137,133,358,97,136,106,124,108,111,139,113,141,131,313,117,92,61,318,341,105,411,319,274,342,99,54,408,315,344,314,62,148,60,320,267,96,316,356,268,153,18,351,413,412,121,57,134,114,115,130,125,231,5,110,56,191,72,67,271,65,355,87,277,89,68,76,17,374,370,71,377,74,346,275,276,371,367,55,152,73,357,109,75,335,59,196,343,194,195,63,220,70,215,33,166,347,173,64,170,143,401,34,354,144,149,151,353,222,150,406,407,405,163,227,233,226,228,221,190,192,225,82,235,234,352,366,84,85,83,232,53,303,176,86,350,365,177,189,364,345,167,363,219,362,302,14,81,175,11,13,32,10,174,31,180,80,349,181,12,348,188,218,216,217,361,183,179,481,301,79,182,427,16,430,487,429,428,15,0,455,445,19,450,1,448,260,453,446,464,484,442,485,439,432,479,456,431,451,438,449,447,470,467,28,436,452,462,465,458,473,422,461,20,476,488,433,257,468,474,459,471,477,256,437,454,517,457,509,259,423,444,258,486,482,480,483,506,187,508,359,21,185,186,24,22,23,184,25,360,26,528,498,425,30,27,29,324,322,489,388,325,323,510,526,527,490,390,499,391,525,503,515,321,389,505,504,507,426,434,500,435,523,497,533,424,516,524,529,101,501,103,102,514,512,513,511,519,502,518,329,327,330,521,522,326,520,494,2,331,328,536,495,493,532,492,531,491,530,535,496,534,
402,369,403,404,309,69,241,311,250,254,305,310,308,306,253,304,255,247,252,246,251,410,243,242,248,249,240,245,466,478,244,463,90,368,475,295,419,469,472,307,312,460,417,293,297,298,376,286,421,375,409,281,287,239,300,292,290,299,443,420,338,198,373,214,211,418,415,339,203,209,269,416,157,210,202,204,398,205,201,200,208,207,291,289,288,206,98,212,213,387,50,334,88,385,372,384,280,383,414,178,262,263,393,395,52,49,337,93,441,272,146,48,171,164,332,47,381,392,165,294,45,44,386,41,285,382,397,284,51,378,396,379,380,147,46,278,283,282,270,394,296,145,36,38,224,37,35,39,279,40,66,43,162,42,399,156,400,94,230,9,3,333,77,78,100,440,172,265,199,197,107,161,317,261,264,266,336,129,160,58,126,229,7,155,112,236,340,237,238,95,154,119,128,223,159,122,8,273,158,127,193,140,116,91,118,168,4,169,6,142,123,132,138,120,135,104,136,358,137,133,97,124,106,111,139,108,141,131,113,313,117,92,61,341,318,411,105,319,274,342,99,54,315,408,344,314,62,60,148,320,96,267,268,356,316,153,18,351,412,134,114,57,121,413,231,130,125,115,5,110,56,67,271,191,72,65,355,87,277,89,76,68,71,377,17,370,374,275,74,346,276,371,55,367,152,73,357,109,75,335,59,196,194,343,195,63,220,215,33,70,347,166,173,64,170,143,401,34,354,144,149,151,353,222,407,406,150,163,227,405,192,190,221,233,228,226,225,82,235,234,352,83,84,366,85,303,53,176,232,86,350,177,365,189,345,364,362,363,219,302,167,81,14,175,11,10,32,13,80,174,180,31,181,349,348,12,218,217,188,216,361,183,179,481,79,301,182,427,16,430,487,429,428,15,0,455,445,450,19,448,1,453,260,464,484,446,485,442,432,439,456,479,431,438,451,449,447,467,470,28,436,452,462,458,465,473,422,461,20,433,488,476,257,468,477,471,437,474,256,459,454,517,457,509,259,423,444,258,482,486,480,483,506,187,508,359,21,185,23,24,186,22,184,25,360,26,498,528,30,27,425,29,489,324,322,325,323,388,510,526,527,391,503,390,490,525,499,515,321,504,505,389,507,426,434,500,435,497,523,516,529,533,524,424,501,101,103,513,102,511,514,512,519,502,329,330,327,518,326,521,520,494,522,331,328,2,535,492,491,493,530,496,534,495,532,531,536,
402,369,403,404,309,69,241,311,250,254,305,310,308,306,253,304,255,247,252,246,251,410,243,242,248,249,240,245,466,478,244,463,475,368,90,295,419,469,472,307,312,460,417,293,298,297,376,286,421,375,409,281,287,239,300,292,290,299,443,420,338,198,373,214,211,415,418,339,209,203,416,269,157,202,210,398,204,205,201,200,207,208,291,289,288,98,206,212,213,50,387,334,88,385,372,384,280,383,414,178,262,263,393,395,52,49,337,93,272,441,146,48,171,164,332,47,392,165,381,294,285,41,382,45,386,44,397,51,284,379,378,380,396,147,278,46,283,282,270,394,296,36,145,38,224,35,37,39,279,40,66,43,162,42,399,156,400,94,9,230,3,333,77,78,100,440,172,265,199,197,161,107,317,261,264,266,336,129,58,160,126,229,7,155,236,112,340,238,95,237,119,128,154,223,159,158,8,122,273,127,116,193,140,91,118,4,168,169,6,142,132,123,138,135,120,104,137,133,358,136,97,124,106,111,108,139,131,141,113,313,92,117,318,105,411,341,61,319,342,274,99,54,408,315,314,344,60,148,62,320,268,267,356,96,316,153,351,18,412,413,134,114,121,57,125,231,115,130,56,110,5,67,191,72,271,65,87,277,355,89,68,76,17,377,71,370,374,346,74,275,276,371,55,367,152,73,357,109,75,335,59,196,343,194,63,195,220,215,70,33,166,347,64,173,170,143,34,401,354,144,149,151,222,353,407,406,150,405,227,163,233,221,228,190,192,226,225,82,235,234,352,83,366,84,85,176,303,232,53,86,350,189,365,177,345,364,167,363,219,302,362,14,81,175,11,32,13,10,174,31,80,180,349,181,348,12,218,188,217,216,361,183,481,179,301,79,182,427,16,430,487,429,428,15,0,455,445,450,19,448,1,260,453,464,446,484,442,485,439,432,456,479,431,438,451,447,449,470,467,28,452,436,462,458,465,473,422,461,20,488,433,476,257,437,474,468,459,256,477,471,454,517,457,509,259,444,423,258,482,480,486,483,506,187,508,359,21,185,23,24,186,22,184,25,360,26,528,498,29,30,27,425,322,489,324,325,388,323,510,526,527,525,391,499,490,390,503,515,321,504,389,505,426,507,500,434,435,497,523,424,524,529,533,516,101,501,103,511,512,513,514,102,519,502,329,330,518,327,494,520,326,522,521,2,328,331,491,534,492,493,532,536,495,496,530,531,535,
402,369,403,404,309,69,241,311,250,254,305,308,310,306,253,304,255,247,252,246,251,410,243,242,249,248,240,245,466,478,244,463,90,475,368,295,419,469,472,307,312,460,417,293,298,297,376,286,421,409,375,281,287,239,300,292,290,299,443,420,338,198,373,214,211,415,418,339,209,203,269,416,157,202,210,204,398,205,201,200,208,207,291,289,288,98,206,212,213,387,50,334,88,385,372,384,383,280,414,178,262,263,393,395,52,49,337,93,441,272,48,146,171,164,332,47,392,165,381,294,382,285,386,41,44,45,284,397,51,380,379,396,378,147,46,278,283,282,270,394,296,145,36,38,224,35,37,39,40,66,279,43,162,42,399,400,156,94,230,9,3,333,77,100,78,440,172,265,199,197,161,107,317,261,264,266,336,160,129,58,126,229,7,155,112,236,340,95,238,237,154,128,119,223,159,158,273,122,8,127,140,193,116,91,118,4,168,6,169,142,120,132,138,104,123,135,358,133,136,97,137,124,106,108,139,111,141,131,113,117,313,92,61,105,411,318,341,319,342,274,54,99,408,315,314,344,60,62,148,320,316,356,268,96,267,351,153,18,134,413,121,114,57,412,130,125,231,115,5,56,110,72,65,191,271,67,277,87,355,89,76,68,370,377,71,374,17,346,74,275,276,371,55,367,152,73,357,109,335,75,59,196,343,194,195,63,220,70,33,215,347,166,64,173,170,34,143,401,354,144,149,151,353,222,406,407,150,163,405,227,226,192,221,228,190,233,225,82,235,234,352,84,83,366,85,53,176,232,303,86,350,189,365,177,364,345,167,363,302,362,219,175,81,14,11,10,13,32,31,180,174,80,349,181,12,348,218,217,216,188,361,183,179,481,301,79,182,427,16,430,487,429,428,0,15,455,445,19,450,448,1,260,453,464,484,446,485,442,439,432,456,479,431,438,451,449,447,467,470,28,452,436,462,458,465,473,422,461,20,488,433,476,257,256,477,437,468,474,459,471,454,517,457,509,423,444,259,258,482,480,486,483,506,187,508,359,21,185,186,22,23,24,184,25,360,26,528,498,27,425,29,30,324,322,489,388,323,325,526,510,527,490,503,499,525,390,391,515,321,389,504,505,426,507,434,500,435,523,497,516,524,533,424,529,501,101,511,513,102,512,514,103,519,502,329,327,518,330,494,522,521,326,520,328,331,2,536,531,534,532,491,530,495,496,535,493,492,
402,369,403,404,309,69,241,311,250,254,305,308,310,306,253,304,255,247,252,246,251,410,243,242,248,249,240,245,466,478,244,463,368,475,90,295,419,469,472,307,312,460,417,293,297,298,376,286,421,409,375,281,287,239,300,292,290,299,443,420,338,198,373,214,211,418,415,339,203,209,269,416,157,210,202,398,204,205,201,200,207,208,291,289,288,98,206,212,213,387,50,334,88,385,372,384,383,280,414,178,262,263,393,395,52,49,337,93,441,272,48,146,171,164,332,47,165,392,381,294,382,386,41,285,45,44,397,284,51,380,379,378,396,147,278,46,283,282,270,394,296,145,36,38,224,37,35,39,66,40,279,43,162,42,399,400,156,94,9,230,3,333,77,100,78,440,172,265,199,197,161,107,317,261,264,266,336,58,129,160,126,229,7,112,236,155,340,95,237,238,128,154,119,223,159,158,122,8,273,127,140,193,116,91,118,4,168,169,6,142,104,135,132,120,138,123,133,136,358,137,97,124,106,139,111,108,141,113,131,92,313,117,411,61,318,105,341,319,342,99,274,54,315,408,344,314,60,148,62,320,356,267,268,96,316,351,18,153,413,114,57,121,134,412,115,231,130,125,110,56,5,67,72,65,191,271,87,277,355,89,76,68,17,71,374,377,370,346,74,275,276,371,55,367,152,73,357,109,335,75,59,196,343,194,63,195,220,33,70,215,347,166,173,64,170,34,143,401,354,144,149,151,222,353,406,150,407,163,405,227,233,226,221,192,228,190,82,225,234,235,352,85,84,366,83,53,176,232,303,350,86,365,177,189,364,345,219,362,302,363,167,175,81,14,11,32,10,13,80,31,180,174,181,349,12,348,217,218,216,188,361,183,481,179,301,79,182,427,16,430,487,428,429,0,15,455,445,19,450,448,1,260,453,446,464,484,442,485,439,432,479,456,431,451,438,449,447,470,467,28,452,436,458,462,465,473,461,422,20,488,476,433,257,468,437,474,459,477,471,256,454,517,457,509,444,259,423,258,480,486,482,483,506,187,508,359,21,185,23,184,24,186,22,25,360,26,528,498,27,29,30,425,489,324,322,388,323,325,510,526,527,503,525,390,499,391,490,515,321,504,505,389,507,426,500,434,435,497,523,533,524,424,529,516,101,501,103,514,102,511,513,512,519,502,329,327,330,518,520,494,521,522,326,2,331,328,535,495,530,492,496,531,536,532,534,493,491,
402,369,403,404,309,69,241,311,250,254,305,310,308,306,253,304,255,247,252,246,251,410,243,242,249,248,240,245,466,478,244,463,368,475,90,295,419,469,472,307,312,460,417,293,297,298,376,286,421,409,375,281,287,239,300,292,290,299,443,420,338,198,373,214,211,418,415,339,203,209,269,416,157,210,202,204,398,205,201,200,207,208,291,289,288,98,206,212,213,50,387,334,88,385,372,384,383,280,414,178,263,262,393,395,52,49,337,93,441,272,146,48,171,164,332,47,392,381,165,294,285,45,382,44,41,386,397,284,51,396,379,378,380,147,46,278,283,282,270,394,296,36,145,38,224,35,37,39,279,40,66,43,162,42,399,156,400,94,230,9,3,333,77,78,100,440,172,265,199,197,161,107,317,264,261,266,336,129,160,58,126,229,7,155,236,112,340,238,95,237,119,128,154,223,159,8,122,158,273,127,140,116,193,91,118,168,4,6,169,142,135,132,120,138,123,104,133,136,97,358,137,124,106,139,111,108,113,131,141,92,117,313,61,318,105,341,411,319,99,274,54,342,315,408,314,344,60,62,148,320,316,268,267,356,96,153,351,18,412,134,121,57,413,114,115,231,125,130,5,110,56,271,191,67,72,65,355,87,277,89,68,76,374,377,370,71,17,346,275,74,371,276,55,367,152,73,357,109,75,335,59,196,343,194,63,195,220,70,33,215,347,166,64,173,170,34,401,143,354,144,149,151,222,353,407,406,150,405,163,227,233,221,190,226,228,192,225,82,234,235,352,83,366,84,85,303,176,53,232,350,86,365,177,189,364,345,302,362,167,219,363,14,81,175,11,10,32,13,80,174,31,180,349,181,12,348,216,218,217,188,361,183,481,179,301,79,182,427,16,430,487,428,429,0,15,455,445,450,19,1,448,453,260,484,464,446,485,442,439,432,456,479,431,451,438,447,449,467,470,28,452,436,462,458,465,473,461,422,20,476,433,488,257,468,437,471,477,474,256,459,454,517,457,509,423,259,444,258,482,480,486,483,506,187,508,359,21,185,24,186,22,23,184,25,360,26,498,528,29,30,27,425,322,489,324,323,388,325,526,510,527,525,490,503,391,499,390,515,321,505,504,389,426,507,434,500,435,497,523,529,424,524,533,516,501,101,514,103,513,511,102,512,519,502,327,330,518,329,520,494,326,522,521,328,331,2,531,493,492,534,536,496,491,532,530,495,535,
402,369,403,404,309,69,241,311,250,254,305,308,310,306,253,304,255,247,252,246,251,410,243,242,248,249,240,245,466,478,244,463,475,368,90,295,419,469,472,307,312,460,417,293,298,297,376,286,421,375,409,281,287,239,300,292,290,299,443,420,338,198,373,214,211,418,415,339,203,209,416,269,157,202,210,398,204,205,201,200,207,208,291,289,288,98,206,212,213,50,387,334,88,385,372,384,280,383,414,178,262,263,393,395,52,49,337,93,272,441,146,48,171,164,332,47,392,165,381,294,41,285,382,44,45,386,284,51,397,396,379,378,380,147,278,46,283,282,394,270,296,36,145,38,224,35,37,39,279,40,66,43,162,42,399,156,400,94,230,9,3,333,77,100,78,440,172,265,199,197,161,107,317,264,261,266,336,58,129,160,126,229,7,112,155,236,340,95,237,238,128,119,154,223,159,8,273,122,158,127,116,140,193,91,118,4,168,169,6,142,138,123,120,104,132,135,97,133,136,137,358,106,124,139,108,111,141,131,113,313,117,92,411,341,61,105,318,319,99,274,54,342,408,315,344,314,148,62,60,320,356,316,268,96,267,153,18,351,57,412,121,413,114,134,231,125,130,115,5,110,56,67,191,65,271,72,87,277,355,89,76,68,370,374,71,377,17,74,275,346,276,371,55,367,152,73,357,109,335,75,59,196,194,343,195,63,220,215,33,70,347,166,64,173,170,143,34,401,354,144,149,151,222,353,150,406,407,163,227,405,226,221,233,192,190,228,225,82,234,235,352,85,366,84,83,232,303,53,176,86,350,365,189,177,364,345,362,219,363,167,302,175,81,14,11,13,32,10,180,31,80,174,181,349,348,12,216,218,217,188,361,183,179,481,79,301,182,427,16,430,487,429,428,0,15,455,445,450,19,1,448,453,260,446,464,484,485,442,439,432,456,479,431,438,451,447,449,467,470,28,452,436,462,458,465,473,422,461,20,488,476,433,257,474,471,437,256,459,468,477,454,517,457,509,423,444,259,258,482,486,480,483,506,187,508,359,21,185,184,23,22,186,24,25,360,26,498,528,30,425,29,27,324,322,489,388,323,325,510,526,527,390,490,499,503,391,525,515,321,504,389,505,426,507,434,500,435,523,497,424,524,533,529,516,501,101,513,103,511,102,512,514,519,502,329,518,330,327,521,494,326,520,522,328,331,2,535,491,531,492,530,496,532,534,536,495,493,
402,369,403,404,309,69,241,311,250,254,305,310,308,306,253,304,255,247,252,246,251,410,243,242,248,249,240,245,466,478,244,463,368,475,90,295,419,469,472,307,312,460,417,293,298,297,376,286,421,375,409,281,287,239,300,292,290,299,443,420,338,198,373,214,211,418,415,339,209,203,269,416,157,210,202,398,204,205,201,200,207,208,291,289,288,98,206,212,213,387,50,334,88,385,372,384,383,280,414,178,262,263,393,395,52,49,337,93,441,272,48,146,171,164,332,47,165,381,392,294,382,386,285,45,41,44,284,397,51,379,396,380,378,147,46,278,283,282,270,394,296,36,145,38,224,35,37,39,66,279,40,43,162,42,399,156,400,94,9,230,3,333,77,78,100,440,172,265,199,197,107,161,317,261,264,266,336,129,58,160,126,229,7,112,236,155,340,95,237,238,128,154,119,223,159,158,122,273,8,127,116,140,193,91,118,168,4,169,6,142,120,123,132,135,138,104,136,358,137,97,133,106,124,139,108,111,141,131,113,313,92,117,341,318,105,61,411,319,99,274,342,54,315,408,314,344,148,60,62,320,268,356,267,316,96,351,18,153,57,413,114,121,134,412,125,130,231,115,110,56,5,271,67,72,65,191,355,277,87,89,76,68,17,377,370,374,71,275,74,346,276,371,367,55,73,152,357,109,335,75,59,196,194,343,63,195,220,33,70,215,347,166,64,173,170,143,34,401,354,144,149,151,222,353,150,407,406,227,163,405,226,221,228,190,233,192,225,82,234,235,352,85,83,366,84,232,176,53,303,350,86,365,189,177,345,364,302,219,167,362,363,81,175,14,11,13,32,10,80,174,31,180,181,349,12,348,218,217,216,188,361,183,179,481,301,79,182,427,16,430,487,428,429,0,15,455,445,19,450,1,448,453,260,446,464,484,442,485,432,439,479,456,451,431,438,447,449,467,470,28,436,452,458,465,462,473,461,422,20,488,433,476,257,437,468,256,474,477,459,471,454,517,457,509,423,259,444,258,482,486,480,483,506,187,508,359,21,185,186,23,22,24,184,25,360,26,498,528,27,30,425,29,322,489,324,388,325,323,526,510,527,503,499,525,391,490,390,515,321,389,505,504,426,507,434,500,435,523,497,424,529,533,524,516,101,501,102,514,511,512,103,513,519,502,329,327,330,518,522,494,326,521,520,331,2,328,492,534,496,495,536,491,493,530,535,531,532,
402,369,403,404,309,69,241,311,250,254,305,310,308,306,253,304,255,247,252,246,251,410,243,242,248,249,240,245,466,478,244,463,475,368,90,295,419,469,472,307,312,460,417,293,297,298,376,286,421,375,409,281,287,239,300,292,290,299,443,420,338,198,373,214,211,415,418,339,209,203,269,416,157,202,210,398,204,205,201,200,208,207,291,289,288,206,98,212,213,50,387,334,88,385,372,384,280,383,414,178,263,262,393,395,52,49,337,93,272,441,146,48,171,164,332,47,165,392,381,294,45,386,285,382,44,41,397,284,51,396,380,378,379,147,46,278,283,282,270,394,296,36,145,38,224,35,37,39,279,66,40,43,162,42,399,400,156,94,9,230,3,333,77,78,100,440,172,265,199,197,107,161,317,264,261,266,336,58,129,160,126,229,7,155,112,236,340,237,95,238,128,154,119,223,159,8,122,273,158,127,116,140,193,91,118,4,168,6,169,142,138,132,120,123,135,104,136,358,137,133,97,124,106,111,108,139,113,141,131,117,92,313,61,411,318,105,341,319,99,342,54,274,408,315,344,314,60,148,62,320,267,356,268,316,96,18,351,153,114,121,413,134,57,412,115,130,231,125,110,56,5,271,72,65,191,67,355,277,87,89,76,68,17,377,370,71,374,74,275,346,276,371,55,367,152,73,357,109,335,75,59,196,194,343,195,63,220,215,70,33,166,347,173,64,170,34,401,143,354,144,151,149,353,222,150,407,406,405,163,227,233,190,192,226,221,228,82,225,235,234,352,83,85,84,366,53,232,176,303,350,86,365,189,177,364,345,167,363,219,362,302,81,175,14,11,10,32,13,31,180,174,80,181,349,12,348,218,216,188,217,361,183,179,481,301,79,182,427,16,430,487,428,429,15,0,455,445,450,19,1,448,453,260,484,446,464,485,442,439,432,479,456,431,438,451,447,449,467,470,28,436,452,458,465,462,473,422,461,20,476,488,433,257,437,468,474,477,459,471,256,454,517,457,509,444,259,423,258,480,482,486,483,506,187,508,359,21,185,23,186,184,24,22,25,360,26,528,498,30,27,29,425,322,489,324,388,323,325,526,510,527,490,499,525,391,390,503,515,321,504,389,505,507,426,434,500,435,523,497,529,516,533,524,424,501,101,103,513,512,514,511,102,519,502,518,330,327,329,494,520,326,522,521,2,328,331,534,491,536,535,496,492,531,532,495,493,530,
402,369,403,404,309,69,241,311,250,254,305,310,308,306,253,304,255,247,252,246,251,410,243,242,249,248,240,245,466,478,244,463,90,368,475,295,419,469,472,307,312,460,417,293,298,297,376,286,421,375,409,281,287,239,300,292,290,299,443,420,338,198,373,214,211,415,418,339,209,203,416,269,157,210,202,398,204,205,201,200,207,208,291,289,288,98,206,212,213,50,387,334,88,385,372,384,280,383,414,178,262,263,393,395,52,49,337,93,272,441,146,48,171,164,332,47,392,381,165,294,44,285,45,41,386,382,397,51,284,378,396,379,380,147,278,46,283,282,394,270,296,145,36,38,224,35,37,39,279,66,40,43,162,42,399,156,400,94,230,9,3,333,77,100,78,440,172,265,199,197,161,107,317,261,264,266,336,58,129,160,126,229,7,155,112,236,340,238,95,237,119,128,154,223,159,273,158,8,122,127,193,116,140,91,118,4,168,6,169,142,120,138,132,123,135,104,137,136,358,97,133,124,106,139,108,111,141,113,131,92,117,313,61,341,318,411,105,319,342,99,54,274,408,315,314,344,62,148,60,320,316,96,268,356,267,351,18,153,413,134,412,57,114,121,115,130,231,125,5,56,110,191,271,72,67,65,277,355,87,89,68,76,374,370,377,71,17,275,346,74,276,371,367,55,73,152,357,109,75,335,59,196,343,194,195,63,220,215,70,33,347,166,64,173,170,34,143,401,354,144,151,149,222,353,407,150,406,227,405,163,190,226,192,221,228,233,82,225,235,234,352,83,85,84,366,176,303,232,53,350,86,189,177,365,364,345,219,362,302,363,167,14,175,81,11,13,10,32,174,180,80,31,181,349,348,12,188,217,216,218,361,183,481,179,301,79,182,427,16,430,487,428,429,0,15,455,445,19,450,1,448,260,453,484,446,464,442,485,439,432,456,479,438,451,431,449,447,470,467,28,452,436,458,465,462,473,461,422,20,476,488,433,257,437,459,477,256,474,468,471,454,517,457,509,259,423,444,258,480,482,486,483,506,187,508,359,21,185,22,184,24,23,186,25,360,26,498,528,29,425,27,30,489,324,322,325,323,388,526,510,527,490,390,499,525,391,503,515,321,504,505,389,426,507,500,434,435,523,497,516,529,533,424,524,501,101,512,511,102,514,103,513,519,502,327,330,329,518,520,521,522,494,326,2,328,331,536,532,493,530,492,496,534,495,531,491,535,
402,369,403,404,309,69,241,311,250,254,305,310,308,306,253,304,255,247,252,246,251,410,243,242,249,248,240,245,466,478,244,463,368,90,475,295,419,469,472,307,312,460,417,293,298,297,376,286,421,409,375,281,287,239,300,292,290,299,443,420,338,198,373,214,211,415,418,339,203,209,269,416,157,210,202,204,398,205,201,200,208,207,291,289,288,98,206,212,213,50,387,334,88,385,372,384,383,280,414,178,262,263,393,395,52,49,337,93,441,272,48,146,171,164,332,47,165,392,381,294,45,44,386,285,382,41,284,397,51,380,379,396,378,147,46,278,283,282,270,394,296,36,145,38,224,37,35,39,66,279,40,43,162,42,399,400,156,94,230,9,3,333,77,78,100,440,172,265,199,197,107,161,317,264,261,266,336,160,58,129,126,229,7,236,155,112,340,237,238,95,119,154,128,223,159,122,8,273,158,127,193,116,140,91,118,4,168,169,6,142,123,132,120,138,104,135,358,97,133,137,136,124,106,108,111,139,131,141,113,313,117,92,318,61,411,105,341,319,99,54,274,342,315,408,344,314,148,62,60,320,267,268,316,356,96,351,153,18,57,413,121,412,134,114,231,125,115,130,56,5,110,65,67,191,72,271,355,277,87,89,68,76,17,71,374,377,370,346,275,74,276,371,367,55,152,73,357,109,75,335,59,196,343,194,63,195,220,215,33,70,166,347,173,64,170,143,34,401,354,144,151,149,353,222,150,407,406,227,163,405,192,233,221,190,228,226,225,82,235,234,352,366,85,84,83,176,303,232,53,350,86,189,177,365,345,364,219,362,363,167,302,14,81,175,11,32,10,13,31,180,174,80,181,349,12,348,216,218,188,217,361,183,481,179,301,79,182,427,16,430,487,429,428,15,0,455,445,450,19,1,448,260,453,464,446,484,485,442,432,439,479,456,451,438,431,447,449,467,470,28,436,452,462,465,458,473,461,422,20,476,433,488,257,474,256,437,471,459,468,477,454,517,457,509,423,259,444,258,486,480,482,483,506,187,508,359,21,185,24,23,184,186,22,25,360,26,498,528,30,425,29,27,324,489,322,388,323,325,510,526,527,390,490,391,503,499,525,515,321,389,504,505,507,426,500,434,435,497,523,524,516,533,529,424,101,501,513,514,512,102,511,103,519,502,329,330,327,518,326,520,494,522,521,328,331,2,492,532,531,536,530,535,496,493,495,534,491,
402,369,403,404,309,69,241,311,250,254,305,308,310,306,253,304,255,247,252,246,251,410,243,242,249,248,240,245,466,478,244,463,475,368,90,295,419,469,472,307,312,460,417,293,298,297,376,286,421,375,409,281,287,239,300,292,290,299,443,420,338,198,373,214,211,415,418,339,209,203,269,416,157,202,210,398,204,205,201,200,207,208,291,289,288,98,206,212,213,387,50,334,88,385,372,384,280,383,414,178,262,263,393,395,52,49,337,93,441,272,146,48,171,164,332,47,165,392,381,294,285,45,44,382,386,41,51,284,397,396,378,379,380,147,278,46,283,282,394,270,296,36,145,38,224,35,37,39,279,66,40,43,162,42,399,400,156,94,230,9,3,333,77,78,100,440,172,265,199,197,107,161,317,261,264,266,336,58,129,160,126,229,7,112,236,155,340,237,95,238,154,119,128,223,159,122,273,158,8,127,140,193,116,91,118,4,168,169,6,142,138,104,120,132,135,123,136,137,97,133,358,106,124,108,111,139,131,141,113,313,117,92,411,61,318,105,341,319,54,99,342,274,408,315,344,314,60,148,62,320,268,267,316,356,96,153,351,18,412,57,121,114,134,413,115,130,231,125,110,56,5,65,67,72,191,271,277,355,87,89,68,76,374,17,377,71,370,275,346,74,276,371,367,55,152,73,357,109,75,335,59,196,343,194,63,195,220,33,215,70,166,347,64,173,170,143,401,34,354,144,151,149,353,222,150,407,406,405,163,227,221,192,190,226,233,228,82,225,235,234,352,366,84,85,83,53,303,232,176,86,350,177,365,189,364,345,219,302,363,362,167,14,175,81,11,32,10,13,180,31,174,80,349,181,348,12,188,217,216,218,361,183,179,481,301,79,182,427,16,430,487,429,428,0,15,455,445,450,19,1,448,260,453,464,484,446,485,442,439,432,456,479,451,438,431,447,449,470,467,28,436,452,458,465,462,473,422,461,20,488,433,476,257,459,471,468,437,474,477,256,454,517,457,509,444,423,259,258,486,482,480,483,506,187,508,359,21,185,22,184,23,186,24,25,360,26,498,528,29,27,425,30,322,324,489,388,325,323,526,510,527,391,499,390,490,503,525,515,321,504,505,389,426,507,500,434,435,523,497,516,524,424,529,533,101,501,103,102,512,514,511,513,519,502,327,330,329,518,494,520,521,522,326,2,331,328,493,532,492,531,495,536,530,535,496,534,491,
402,369,403,404,309,69,241,311,250,254,305,308,310,306,253,304,255,247,252,246,251,410,243,242,249,248,240,245,466,478,244,463,368,475,90,295,419,469,472,307,312,460,417,293,298,297,376,286,421,375,409,281,287,239,300,292,290,299,443,420,338,198,373,214,211,418,415,339,209,203,269,416,157,202,210,204,398,205,201,200,207,208,291,289,288,206,98,212,213,387,50,334,88,385,372,384,280,383,414,178,263,262,393,395,52,49,337,93,441,272,146,48,171,164,332,47,381,165,392,294,386,41,44,285,45,382,397,51,284,378,396,380,379,147,278,46,283,282,270,394,296,36,145,38,224,35,37,39,279,66,40,43,162,42,399,156,400,94,230,9,3,333,77,78,100,440,172,265,199,197,107,161,317,264,261,266,336,129,160,58,126,229,7,155,236,112,340,95,238,237,128,119,154,223,159,273,122,158,8,127,140,116,193,91,118,168,4,169,6,142,120,132,135,123,104,138,133,358,97,136,137,124,106,139,111,108,131,141,113,92,117,313,411,318,341,105,61,319,99,54,274,342,408,315,314,344,62,60,148,320,356,267,268,316,96,18,351,153,134,413,412,121,114,57,115,125,231,130,110,56,5,191,271,65,67,72,277,355,87,89,76,68,17,370,71,377,374,346,275,74,371,276,55,367,73,152,357,109,75,335,59,196,194,343,63,195,220,70,215,33,347,166,64,173,170,143,34,401,354,144,149,151,222,353,150,406,407,405,227,163,190,221,233,226,192,228,82,225,234,235,352,366,84,85,83,176,232,53,303,350,86,177,189,365,345,364,363,167,302,362,219,81,14,175,11,32,13,10,31,174,80,180,181,349,348,12,216,217,218,188,361,183,179,481,301,79,182,427,16,430,487,429,428,15,0,455,445,19,450,448,1,453,260,446,464,484,485,442,439,432,479,456,451,438,431,449,447,470,467,28,452,436,458,465,462,473,422,461,20,476,433,488,257,477,471,468,256,459,437,474,454,517,457,509,423,259,444,258,482,480,486,483,506,187,508,359,21,185,184,23,24,22,186,25,360,26,498,528,30,29,425,27,322,489,324,325,388,323,510,526,527,490,390,499,391,503,525,515,321,504,505,389,507,426,500,434,435,523,497,529,516,424,524,533,101,501,102,514,511,513,512,103,519,502,330,329,327,518,522,494,520,521,326,2,328,331,496,492,493,531,532,534,535,536,495,491,530,
402,369,403,404,309,69,241,311,250,254,305,310,308,306,253,304,255,247,252,246,251,410,243,242,249,248,240,245,466,478,244,463,475,368,90,295,419,469,472,307,312,460,417,293,297,298,376,286,421,375,409,281,287,239,300,292,290,299,443,420,338,198,373,214,211,415,418,339,203,209,269,416,157,210,202,398,204,205,201,200,207,208,291,289,288,206,98,212,213,50,387,334,88,385,372,384,383,280,414,178,263,262,393,395,52,49,337,93,272,441,146,48,171,164,332,47,381,165,392,294,382,41,386,45,44,285,51,397,284,380,396,379,378,147,278,46,283,282,394,270,296,145,36,38,224,35,37,39,40,279,66,43,162,42,399,156,400,94,9,230,3,333,77,78,100,440,172,265,199,197,107,161,317,261,264,266,336,58,129,160,126,229,7,236,155,112,340,238,237,95,154,119,128,223,159,8,122,273,158,127,140,193,116,91,118,168,4,6,169,142,104,138,123,132,120,135,137,133,358,136,97,106,124,111,108,139,131,141,113,117,92,313,341,105,318,411,61,319,342,99,274,54,408,315,344,314,62,60,148,320,267,268,356,316,96,351,153,18,57,121,413,412,114,134,115,125,231,130,56,110,5,67,65,191,72,271,87,355,277,89,76,68,377,17,374,71,370,74,275,346,276,371,367,55,152,73,357,109,75,335,59,196,343,194,195,63,220,70,215,33,166,347,64,173,170,34,401,143,354,144,151,149,353,222,406,407,150,163,227,405,221,228,190,226,192,233,82,225,235,234,352,85,366,83,84,176,53,232,303,350,86,177,189,365,364,345,302,363,362,167,219,175,81,14,11,32,13,10,180,31,174,80,181,349,12,348,188,216,218,217,361,183,481,179,301,79,182,427,16,430,487,428,429,15,0,455,445,450,19,1,448,260,453,446,484,464,485,442,432,439,456,479,451,438,431,447,449,470,467,28,452,436,462,458,465,473,461,422,20,476,488,433,257,474,459,468,471,477,437,256,454,517,457,509,259,444,423,258,486,480,482,483,506,187,508,359,21,185,186,184,24,23,22,25,360,26,498,528,29,425,27,30,324,322,489,325,323,388,526,510,527,390,503,499,490,391,525,515,321,389,504,505,426,507,500,434,435,523,497,524,533,424,516,529,101,501,102,514,513,512,511,103,519,502,518,329,330,327,326,522,494,521,520,328,2,331,534,495,496,535,531,493,492,491,536,532,530,
402,369,403,404,309,69,241,311,250,254,305,308,310,306,253,304,255,247,252,246,251,410,243,242,249,248,240,245,466,478,244,463,368,475,90,295,419,469,472,307,312,460,417,293,297,298,376,286,421,375,409,281,287,239,300,292,290,299,443,420,338,198,373,214,211,415,418,339,203,209,269,416,157,210,202,204,398,205,201,200,208,207,291,289,288,206,98,212,213,50,387,334,88,385,372,384,383,280,414,178,262,263,393,395,52,49,337,93,272,441,146,48,171,164,332,47,381,392,165,294,382,41,386,285,44,45,284,51,397,396,378,380,379,147,46,278,283,282,270,394,296,145,36,38,224,35,37,39,66,40,279,43,162,42,399,400,156,94,9,230,3,333,77,100,78,440,172,265,199,197,161,107,317,261,264,266,336,160,129,58,126,229,7,112,236,155,340,238,95,237,119,128,154,223,159,8,122,158,273,127,193,140,116,91,118,4,168,6,169,142,123,120,138,104,135,132,136,97,358,137,133,124,106,139,108,111,113,141,131,92,313,117,105,318,61,341,411,319,274,342,54,99,315,408,314,344,62,60,148,320,268,356,316,267,96,351,153,18,57,121,412,413,134,114,115,130,125,231,110,5,56,67,65,72,191,271,87,355,277,89,76,68,374,17,71,370,377,346,74,275,276,371,367,55,73,152,357,109,335,75,59,196,194,343,195,63,220,33,70,215,347,166,173,64,170,401,143,34,354,144,151,149,353,222,407,150,406,163,405,227,226,228,192,190,233,221,82,225,234,235,352,366,83,85,84,303,176,232,53,86,350,189,177,365,345,364,362,167,363,219,302,14,81,175,11,10,13,32,174,80,31,180,349,181,348,12,217,188,218,216,361,183,179,481,79,301,182,427,16,430,487,429,428,15,0,455,445,450,19,448,1,260,453,446,464,484,442,485,432,439,456,479,431,451,438,449,447,470,467,28,436,452,465,458,462,473,422,461,20,476,488,433,257,468,459,256,474,477,437,471,454,517,457,509,259,444,423,258,482,480,486,483,506,187,508,359,21,185,184,22,23,186,24,25,360,26,528,498,29,425,27,30,324,322,489,323,388,325,526,510,527,499,525,390,391,503,490,515,321,389,505,504,426,507,500,434,435,497,523,533,516,424,529,524,101,501,512,511,103,102,513,514,519,502,518,330,327,329,521,494,326,520,522,331,2,328,534,532,531,536,495,535,491,492,530,496,493,
402,369,403,404,309,69,241,311,250,254,305,310,308,306,253,304,255,247,252,246,251,410,243,242,249,248,240,245,466,478,244,463,368,475,90,295,419,469,472,307,312,460,417,293,297,298,376,286,421,409,375,281,287,239,300,292,290,299,443,420,338,198,373,214,211,418,415,339,209,203,416,269,157,210,202,204,398,205,201,200,207,208,291,289,288,206,98,212,213,387,50,334,88,385,372,384,383,280,414,178,262,263,393,395,52,49,337,93,272,441,146,48,171,164,332,47,392,381,165,294,44,285,382,41,45,386,284,397,51,380,396,379,378,147,278,46,283,282,394,270,296,145,36,38,224,35,37,39,40,279,66,43,162,42,399,400,156,94,230,9,3,333,77,100,78,440,172,265,199,197,161,107,317,264,261,266,336,58,160,129,126,229,7,155,112,236,340,95,237,238,119,128,154,223,159,8,122,158,273,127,193,140,116,91,118,4,168,6,169,142,123,132,120,135,138,104,97,133,136,137,358,106,124,108,111,139,141,131,113,313,92,117,105,411,341,318,61,319,99,54,342,274,408,315,344,314,62,60,148,320,316,356,267,96,268,153,18,351,57,121,134,114,413,412,231,125,115,130,110,5,56,67,72,191,271,65,355,87,277,89,68,76,370,71,17,374,377,275,346,74,371,276,55,367,152,73,357,109,335,75,59,196,343,194,63,195,220,70,33,215,347,166,173,64,170,143,34,401,354,144,149,151,353,222,150,407,406,163,227,405,228,233,190,221,226,192,82,225,234,235,352,83,84,85,366,232,303,53,176,350,86,177,365,189,364,345,363,167,302,219,362,14,175,81,11,13,10,32,31,174,80,180,181,349,12,348,216,188,218,217,361,183,179,481,79,301,182,427,16,430,487,429,428,15,0,455,445,19,450,1,448,453,260,446,484,464,485,442,432,439,456,479,438,431,451,447,449,467,470,28,452,436,458,462,465,473,422,461,20,488,476,433,257,256,459,474,437,468,471,477,454,517,457,509,444,423,259,258,480,482,486,483,506,187,508,359,21,185,23,22,186,24,184,25,360,26,498,528,30,425,29,27,322,489,324,323,325,388,526,510,527,499,390,490,391,525,503,515,321,505,389,504,426,507,434,500,435,523,497,533,524,424,529,516,101,501,103,513,512,514,102,511,519,502,327,330,518,329,521,494,522,326,520,331,328,2,491,495,493,496,534,532,536,530,535,492,531,
402,369,403,404,309,69,241,311,250,254,305,308,310,306,253,304,255,247,252,246,251,410,243,242,249,248,240,245,466,478,244,463,368,90,475,295,419,469,472,307,312,460,417,293,298,297,376,286,421,375,409,281,287,239,300,292,290,299,443,420,338,198,373,214,211,418,415,339,209,203,269,416,157,210,202,398,204,205,201,200,207,208,291,289,288,206,98,212,213,387,50,334,88,385,372,384,383,280,414,178,262,263,393,395,52,49,337,93,272,441,48,146,171,164,332,47,165,381,392,294,41,285,386,45,382,44,284,397,51,396,378,379,380,147,46,278,283,282,270,394,296,36,145,38,224,35,37,39,66,279,40,43,162,42,399,400,156,94,9,230,3,333,77,78,100,440,172,265,199,197,161,107,317,264,261,266,336,58,129,160,126,229,7,112,155,236,340,238,95,237,154,128,119,223,159,158,122,273,8,127,140,193,116,91,118,168,4,6,169,142,123,132,138,135,120,104,133,136,137,97,358,106,124,139,108,111,113,141,131,313,117,92,341,105,61,318,411,319,342,99,274,54,315,408,314,344,148,60,62,320,96,316,268,356,267,153,351,18,114,134,121,413,412,57,130,231,115,125,5,110,56,65,67,72,191,271,87,277,355,89,76,68,370,374,17,377,71,275,74,346,276,371,367,55,73,152,357,109,75,335,59,196,194,343,63,195,220,70,33,215,347,166,64,173,170,143,34,401,354,144,151,149,353,222,406,407,150,227,163,405,221,226,233,190,192,228,82,225,234,235,352,366,84,85,83,176,232,53,303,350,86,177,365,189,364,345,167,219,302,363,362,14,81,175,11,32,13,10,180,80,31,174,349,181,348,12,217,218,188,216,361,183,481,179,79,301,182,427,16,430,487,429,428,0,15,455,445,19,450,448,1,260,453,484,464,446,485,442,432,439,456,479,431,438,451,447,449,467,470,28,452,436,458,462,465,473,461,422,20,488,476,433,257,471,256,468,477,437,474,459,454,517,457,509,423,259,444,258,486,480,482,483,506,187,508,359,21,185,24,22,184,186,23,25,360,26,528,498,29,425,27,30,489,324,322,323,388,325,510,526,527,391,503,525,390,499,490,515,321,504,505,389,507,426,500,434,435,523,497,424,529,533,516,524,501,101,102,513,512,514,103,511,519,502,330,327,518,329,326,521,522,494,520,331,328,2,495,536,531,491,535,532,530,534,496,492,493,
402,369,403,404,309,69,241,311,250,254,305,308,310,306,253,304,255,247,252,246,251,410,243,242,248,249,240,245,466,478,244,463,90,368,475,295,419,469,472,307,312,460,417,293,298,297,376,286,421,409,375,281,287,239,300,292,290,299,443,420,338,198,373,214,211,418,415,339,209,203,416,269,157,210,202,398,204,205,201,200,208,207,291,289,288,206,98,212,213,387,50,334,88,385,372,384,280,383,414,178,262,263,393,395,52,49,337,93,272,441,146,48,171,164,332,47,381,165,392,294,386,41,45,382,285,44,51,284,397,379,396,380,378,147,46,278,283,282,394,270,296,36,145,38,224,37,35,39,40,66,279,43,162,42,399,400,156,94,230,9,3,333,77,100,78,440,172,265,199,197,107,161,317,261,264,266,336,58,129,160,126,229,7,155,112,236,340,237,95,238,154,119,128,223,159,122,273,8,158,127,116,140,193,91,118,168,4,169,6,142,120,123,104,135,138,132,358,97,136,137,133,124,106,139,108,111,131,113,141,117,313,92,61,411,105,341,318,319,99,54,274,342,315,408,344,314,148,60,62,320,96,268,316,267,356,18,351,153,57,114,413,121,134,412,125,231,115,130,5,56,110,67,271,65,191,72,355,277,87,89,68,76,370,17,374,71,377,74,275,346,276,371,55,367,73,152,357,109,75,335,59,196,343,194,63,195,220,215,33,70,347,166,64,173,170,143,401,34,354,144,149,151,222,353,150,406,407,163,227,405,190,192,233,226,221,228,82,225,234,235,352,366,84,83,85,53,232,176,303,86,350,177,365,189,364,345,363,219,167,362,302,14,175,81,11,10,32,13,174,31,80,180,349,181,348,12,218,216,188,217,361,183,481,179,301,79,182,427,16,430,487,428,429,15,0,455,445,450,19,1,448,260,453,484,464,446,442,485,432,439,456,479,431,451,438,449,447,467,470,28,452,436,458,465,462,473,461,422,20,488,476,433,257,437,459,256,471,477,468,474,454,517,457,509,423,259,444,258,482,480,486,483,506,187,508,359,21,185,184,23,22,186,24,25,360,26,498,528,27,29,425,30,489,322,324,323,325,388,510,526,527,525,390,503,499,490,391,515,321,389,504,505,507,426,434,500,435,523,497,424,533,524,529,516,501,101,513,512,511,103,514,102,519,502,518,329,327,330,494,520,326,522,521,2,331,328,492,493,491,536,535,531,530,532,495,496,534,
402,369,403,404,309,69,241,311,250,254,305,308,310,306,253,304,255,247,252,246,251,410,243,242,249,248,240,245,466,478,244,463,475,90,368,295,419,469,472,307,312,460,417,293,297,298,376,286,421,375,409,281,287,239,300,292,290,299,443,420,338,198,373,214,211,415,418,339,209,203,416,269,157,202,210,398,204,205,201,200,208,207,291,289,288,206,98,212,213,387,50,334,88,385,372,384,280,383,414,178,262,263,393,395,52,49,337,93,272,441,48,146,171,164,332,47,165,392,381,294,41,382,285,386,45,44,397,284,51,396,379,378,380,147,278,46,283,282,394,270,296,36,145,38,224,35,37,39,279,40,66,43,162,42,399,156,400,94,9,230,3,333,77,100,78,440,172,265,199,197,161,107,317,261,264,266,336,129,58,160,126,229,7,112,236,155,340,238,237,95,128,154,119,223,159,158,8,122,273,127,193,116,140,91,118,4,168,169,6,142,135,120,138,132,123,104,133,358,97,137,136,106,124,108,111,139,131,113,141,313,92,117,341,411,61,105,318,319,342,54,274,99,408,315,344,314,60,148,62,320,267,268,356,96,316,351,153,18,57,413,121,412,114,134,115,125,130,231,5,110,56,65,271,72,191,67,277,87,355,89,76,68,377,71,370,17,374,275,74,346,371,276,367,55,73,152,357,109,75,335,59,196,343,194,195,63,220,33,215,70,166,347,173,64,170,34,143,401,354,144,151,149,222,353,150,406,407,405,227,163,228,192,226,233,190,221,82,225,234,235,352,84,83,85,366,53,232,303,176,350,86,365,189,177,345,364,302,362,363,167,219,81,14,175,11,32,10,13,31,180,80,174,181,349,348,12,188,216,217,218,361,183,179,481,79,301,182,427,16,430,487,429,428,15,0,455,445,19,450,1,448,453,260,484,446,464,485,442,432,439,456,479,431,438,451,447,449,470,467,28,452,436,462,458,465,473,461,422,20,476,488,433,257,437,459,468,474,471,477,256,454,517,457,509,259,444,423,258,480,482,486,483,506,187,508,359,21,185,23,24,184,22,186,25,360,26,498,528,29,27,30,425,322,489,324,325,323,388,526,510,527,499,503,391,525,390,490,515,321,505,389,504,507,426,500,434,435,497,523,529,533,424,516,524,101,501,514,511,512,513,102,103,519,502,330,518,329,327,520,494,326,521,522,331,328,2,534,492,531,493,491,536,532,530,495,496,535,
402,369,403,404,309,69,241,311,250,254,305,310,308,306,253,304,255,247,252,246,251,410,243,242,248,249,240,245,466,478,244,463,90,475,368,295,419,469,472,307,312,460,417,293,297,298,376,286,421,375,409,281,287,239,300,292,290,299,443,420,338,198,373,214,211,415,418,339,209,203,416,269,157,202,210,398,204,205,201,200,207,208,291,289,288,206,98,212,213,387,50,334,88,385,372,384,383,280,414,178,262,263,393,395,52,49,337,93,272,441,48,146,171,164,332,47,392,165,381,294,382,386,41,45,285,44,397,284,51,379,378,396,380,147,46,278,283,282,394,270,296,145,36,38,224,37,35,39,279,40,66,43,162,42,399,156,400,94,9,230,3,333,77,100,78,440,172,265,199,197,107,161,317,261,264,266,336,160,58,129,126,229,7,155,112,236,340,238,95,237,128,119,154,223,159,8,273,122,158,127,116,140,193,91,118,4,168,6,169,142,120,123,135,132,104,138,133,358,97,137,136,124,106,108,111,139,141,113,131,92,117,313,61,105,318,341,411,319,54,342,274,99,315,408,314,344,148,60,62,320,268,96,356,267,316,18,153,351,121,114,57,412,413,134,115,130,231,125,56,110,5,72,65,191,67,271,355,277,87,89,76,68,377,17,370,374,71,275,74,346,371,276,367,55,73,152,357,109,335,75,59,196,343,194,63,195,220,70,215,33,347,166,173,64,170,34,401,143,354,144,151,149,222,353,406,407,150,163,405,227,233,192,221,226,190,228,82,225,235,234,352,85,366,84,83,176,232,53,303,86,350,365,177,189,345,364,167,302,219,363,362,175,14,81,11,32,10,13,80,174,31,180,181,349,348,12,218,217,216,188,361,183,179,481,301,79,182,427,16,430,487,429,428,15,0,455,445,450,19,1,448,453,260,446,464,484,442,485,439,432,479,456,438,431,451,447,449,467,470,28,452,436,458,465,462,473,461,422,20,433,476,488,257,256,471,474,437,468,459,477,454,517,457,509,259,423,444,258,480,482,486,483,506,187,508,359,21,185,22,24,186,23,184,25,360,26,498,528,27,29,425,30,322,489,324,388,323,325,510,526,527,503,390,391,490,525,499,515,321,389,505,504,507,426,500,434,435,523,497,516,424,529,533,524,101,501,103,513,514,512,102,511,519,502,330,329,327,518,522,520,494,521,326,328,2,331,491,492,531,535,493,530,495,532,536,496,534,
402,369,403,404,309,69,241,311,250,254,305,310,308,306,253,304,255,247,252,246,251,410,243,242,249,248,240,245,466,478,244,463,368,475,90,295,419,469,472,307,312,460,417,293,297,298,376,286,421,409,375,281,287,239,300,292,290,299,443,420,338,198,373,214,211,415,418,339,203,209,416,269,157,210,202,398,204,205,201,200,208,207,291,289,288,98,206,212,213,50,387,334,88,385,372,384,383,280,414,178,263,262,393,395,52,49,337,93,441,272,146,48,171,164,332,47,381,165,392,294,44,382,45,386,41,285,51,284,397,378,379,396,380,147,46,278,283,282,270,394,296,145,36,38,224,35,37,39,66,40,279,43,162,42,399,156,400,94,9,230,3,333,77,100,78,440,172,265,199,197,161,107,317,261,264,266,336,58,129,160,126,229,7,236,155,112,340,95,238,237,128,154,119,223,159,273,158,122,8,127,140,116,193,91,118,168,4,169,6,142,135,132,138,104,123,120,133,358,97,137,136,124,106,139,108,111,113,141,131,117,92,313,411,341,318,105,61,319,274,54,342,99,315,408,344,314,148,60,62,320,267,356,96,268,316,351,18,153,134,413,412,57,114,121,115,130,231,125,110,56,5,67,65,271,191,72,87,277,355,89,68,76,71,370,377,17,374,275,346,74,371,276,55,367,73,152,357,109,335,75,59,196,194,343,195,63,220,33,70,215,347,166,64,173,170,143,401,34,354,144,151,149,353,222,406,407,150,227,163,405,221,190,192,228,233,226,225,82,234,235,352,84,85,83,366,303,232,176,53,86,350,177,365,189,364,345,167,219,362,302,363,175,14,81,11,10,13,32,180,80,174,31,349,181,12,348,216,188,218,217,361,183,179,481,79,301,182,427,16,430,487,429,428,15,0,455,445,450,19,448,1,260,453,464,484,446,485,442,439,432,456,479,438,431,451,449,447,470,467,28,436,452,458,465,462,473,422,461,20,476,488,433,257,477,471,256,468,459,474,437,454,517,457,509,444,423,259,258,482,486,480,483,506,187,508,359,21,185,23,184,186,22,24,25,360,26,528,498,425,30,27,29,322,489,324,388,323,325,526,510,527,391,490,525,503,499,390,515,321,504,505,389,507,426,434,500,435,497,523,424,516,533,529,524,501,101,511,513,514,102,512,103,519,502,327,518,330,329,522,494,521,326,520,328,331,2,535,492,491,531,530,495,496,532,536,493,534,
402,369,403,404,309,69,241,311,250,254,305,310,308,306,253,304,255,247,252,246,251,410,243,242,249,248,240,245,466,478,244,463,368,475,90,295,419,469,472,307,312,460,417,293,298,297,376,286,421,375,409,281,287,239,300,292,290,299,443,420,338,198,373,214,211,418,415,339,203,209,416,269,157,210,202,204,398,205,201,200,208,207,291,289,288,206,98,212,213,50,387,334,88,385,372,384,280,383,414,178,263,262,393,395,52,49,337,93,441,272,146,48,171,164,332,47,165,381,392,294,44,285,382,41,386,45,284,397,51,378,380,379,396,147,278,46,283,282,394,270,296,145,36,38,224,35,37,39,279,66,40,43,162,42,399,400,156,94,9,230,3,333,77,78,100,440,172,265,199,197,107,161,317,264,261,266,336,129,58,160,126,229,7,236,112,155,340,95,237,238,154,128,119,223,159,158,8,273,122,127,140,116,193,91,118,168,4,169,6,142,132,123,120,138,135,104,133,358,137,97,136,106,124,111,139,108,113,141,131,313,117,92,341,318,105,411,61,319,274,99,54,342,315,408,314,344,148,60,62,320,316,267,96,356,268,153,18,351,413,114,57,121,412,134,231,115,130,125,56,110,5,191,67,65,72,271,277,87,355,89,68,76,71,17,374,377,370,74,275,346,371,276,55,367,73,152,357,109,75,335,59,196,194,343,63,195,220,70,215,33,166,347,64,173,170,34,143,401,354,144,149,151,222,353,150,407,406,227,405,163,192,221,233,228,190,226,82,225,234,235,352,84,83,85,366,303,176,53,232,350,86,177,189,365,345,364,302,167,362,363,219,175,81,14,11,32,13,10,31,80,174,180,181,349,12,348,218,216,217,188,361,183,179,481,301,79,182,427,16,430,487,429,428,15,0,455,445,450,19,448,1,260,453,464,446,484,485,442,432,439,479,456,451,438,431,447,449,467,470,28,436,452,465,462,458,473,422,461,20,433,476,488,257,256,471,468,437,459,474,477,454,517,457,509,444,259,423,258,486,480,482,483,506,187,508,359,21,185,184,23,186,22,24,25,360,26,498,528,425,29,30,27,322,324,489,323,388,325,526,510,527,391,525,490,503,390,499,515,321,504,389,505,426,507,434,500,435,523,497,424,516,533,524,529,101,501,102,511,514,513,512,103,519,502,330,327,329,518,326,494,521,522,520,331,328,2,535,492,531,496,534,495,493,491,536,530,532,
402,369,403,404,309,69,241,311,250,254,305,308,310,306,253,304,255,247,252,246,251,410,243,242,248,249,240,245,466,478,244,463,90,475,368,295,419,469,472,307,312,460,417,293,298,297,376,286,421,375,409,281,287,239,300,292,290,299,443,420,338,198,373,214,211,418,415,339,209,203,416,269,157,210,202,398,204,205,201,200,208,207,291,289,288,98,206,212,213,387,50,334,88,385,372,384,280,383,414,178,262,263,393,395,52,49,337,93,272,441,146,48,171,164,332,47,165,392,381,294,41,386,45,285,44,382,397,51,284,396,380,378,379,147,278,46,283,282,394,270,296,145,36,38,224,37,35,39,40,279,66,43,162,42,399,400,156,94,9,230,3,333,77,78,100,440,172,265,199,197,107,161,317,261,264,266,336,58,129,160,126,229,7,155,112,236,340,95,238,237,128,154,119,223,159,273,122,8,158,127,116,140,193,91,118,168,4,169,6,142,132,123,138,135,104,120,136,97,137,358,133,124,106,108,111,139,131,113,141,117,92,313,105,411,341,318,61,319,54,99,274,342,408,315,314,344,60,62,148,320,268,267,96,356,316,18,351,153,412,413,121,114,57,134,231,130,115,125,56,5,110,191,72,65,67,271,277,87,355,89,76,68,71,377,374,17,370,74,346,275,371,276,55,367,152,73,357,109,75,335,59,196,343,194,63,195,220,215,33,70,347,166,64,173,170,143,401,34,354,144,151,149,222,353,407,406,150,163,405,227,228,233,190,226,221,192,82,225,235,234,352,84,85,83,366,303,232,176,53,350,86,189,365,177,364,345,167,219,302,362,363,81,175,14,11,10,32,13,180,174,80,31,181,349,348,12,216,188,218,217,361,183,179,481,301,79,182,427,16,430,487,428,429,0,15,455,445,450,19,448,1,260,453,464,446,484,485,442,432,439,479,456,451,431,438,447,449,470,467,28,436,452,465,462,458,473,461,422,20,488,433,476,257,474,477,471,468,437,256,459,454,517,457,509,259,423,444,258,480,482,486,483,506,187,508,359,21,185,23,22,24,186,184,25,360,26,528,498,425,27,30,29,322,324,489,323,388,325,510,526,527,391,390,503,499,490,525,515,321,505,504,389,507,426,500,434,435,497,523,533,424,529,516,524,101,501,513,103,512,102,511,514,519,502,330,518,329,327,522,520,326,521,494,331,2,328,534,530,531,491,535,536,495,532,496,493,492,
402,369,403,404,309,69,241,311,250,254,305,310,308,306,253,304,255,247,252,246,251,410,243,242,248,249,240,245,466,478,244,463,368,90,475,295,419,469,472,307,312,460,417,293,298,297,376,286,421,409,375,281,287,239,300,292,290,299,443,420,338,198,373,214,211,415,418,339,203,209,416,269,157,210,202,204,398,205,201,200,208,207,291,289,288,98,206,212,213,50,387,334,88,385,372,384,383,280,414,178,263,262,393,395,52,49,337,93,272,441,48,146,171,164,332,47,392,165,381,294,45,382,386,285,41,44,51,397,284,379,396,378,380,147,278,46,283,282,394,270,296,36,145,38,224,35,37,39,279,40,66,43,162,42,399,156,400,94,9,230,3,333,77,78,100,440,172,265,199,197,161,107,317,261,264,266,336,129,58,160,126,229,7,155,112,236,340,95,238,237,119,128,154,223,159,8,122,273,158,127,193,140,116,91,118,168,4,6,169,142,132,120,104,135,138,123,133,358,136,137,97,106,124,108,111,139,131,141,113,117,92,313,341,61,411,318,105,319,54,274,342,99,315,408,344,314,60,148,62,320,356,267,268,316,96,153,351,18,412,114,121,57,413,134,125,231,130,115,5,110,56,271,65,191,67,72,355,87,277,89,68,76,377,71,370,374,17,346,275,74,371,276,55,367,152,73,357,109,75,335,59,196,194,343,63,195,220,215,33,70,347,166,173,64,170,34,143,401,354,144,149,151,222,353,407,406,150,163,227,405,228,190,226,233,221,192,82,225,234,235,352,85,84,83,366,303,53,176,232,86,350,189,365,177,364,345,302,362,219,363,167,14,81,175,11,13,10,32,80,180,174,31,181,349,12,348,217,218,188,216,361,183,481,179,301,79,182,427,16,430,487,429,428,15,0,455,445,19,450,448,1,453,260,484,464,446,485,442,439,432,456,479,451,438,431,447,449,467,470,28,452,436,465,462,458,473,422,461,20,476,433,488,257,437,256,474,468,477,471,459,454,517,457,509,259,444,423,258,486,480,482,483,506,187,508,359,21,185,22,184,23,24,186,25,360,26,528,498,27,425,30,29,489,324,322,323,325,388,526,510,527,499,390,503,525,490,391,515,321,389,504,505,426,507,500,434,435,523,497,529,524,533,516,424,101,501,513,102,103,514,511,512,519,502,518,330,327,329,326,494,522,520,521,331,328,2,491,495,536,534,496,535,530,531,532,493,492,
402,369,403,404,309,69,241,311,250,254,305,308,310,306,253,304,255,247,252,246,251,410,243,242,248,249,240,245,466,478,244,463,475,90,368,295,419,469,472,307,312,460,417,293,297,298,376,286,421,409,375,281,287,239,300,292,290,299,443,420,338,198,373,214,211,415,418,339,203,209,416,269,157,210,202,398,204,205,201,200,207,208,291,289,288,98,206,212,213,50,387,334,88,385,372,384,280,383,414,178,262,263,393,395,52,49,337,93,441,272,146,48,171,164,332,47,392,165,381,294,285,386,44,382,41,45,397,51,284,396,379,378,380,147,46,278,283,282,394,270,296,145,36,38,224,35,37,39,40,66,279,43,162,42,399,400,156,94,9,230,3,333,77,78,100,440,172,265,199,197,161,107,317,264,261,266,336,58,160,129,126,229,7,112,155,236,340,237,95,238,154,128,119,223,159,122,158,273,8,127,116,193,140,91,118,4,168,6,169,142,104,132,135,123,120,138,136,97,358,133,137,124,106,111,108,139,141,113,131,92,313,117,318,105,341,61,411,319,54,342,99,274,408,315,314,344,148,62,60,320,316,96,267,268,356,18,153,351,114,134,121,413,412,57,115,125,231,130,110,5,56,67,65,191,72,271,87,277,355,89,76,68,370,17,71,377,374,275,74,346,276,371,367,55,73,152,357,109,335,75,59,196,194,343,195,63,220,33,215,70,166,347,173,64,170,401,143,34,354,144,151,149,222,353,406,407,150,405,163,227,233,192,221,228,190,226,82,225,235,234,352,83,84,366,85,232,176,303,53,350,86,189,177,365,345,364,219,362,167,363,302,175,14,81,11,32,10,13,174,80,180,31,181,349,12,348,218,217,216,188,361,183,179,481,79,301,182,427,16,430,487,428,429,0,15,455,445,19,450,448,1,260,453,446,484,464,485,442,432,439,479,456,438,451,431,449,447,467,470,28,452,436,462,458,465,473,461,422,20,433,476,488,257,468,437,477,471,474,256,459,454,517,457,509,444,423,259,258,486,482,480,483,506,187,508,359,21,185,23,186,184,22,24,25,360,26,498,528,27,29,30,425,489,324,322,388,325,323,526,510,527,499,525,490,391,503,390,515,321,389,505,504,426,507,434,500,435,497,523,424,524,529,516,533,501,101,102,513,103,514,512,511,519,502,518,330,327,329,521,494,326,522,520,2,331,328,491,532,534,492,530,535,496,536,493,531,495,
402,369,403,404,309,69,241,311,250,254,305,310,308,306,253,304,255,247,252,246,251,410,243,242,249,248,240,245,466,478,244,463,90,368,475,295,419,469,472,307,312,460,417,293,297,298,376,286,421,375,409,281,287,239,300,292,290,299,443,420,338,198,373,214,211,418,415,339,203,209,269,416,157,202,210,398,204,205,201,200,207,208,291,289,288,98,206,212,213,50,387,334,88,385,372,384,383,280,414,178,263,262,393,395,52,49,337,93,441,272,48,146,171,164,332,47,381,165,392,294,285,41,44,386,45,382,397,284,51,379,396,380,378,147,278,46,283,282,394,270,296,36,145,38,224,35,37,39,279,66,40,43,162,42,399,400,156,94,230,9,3,333,77,78,100,440,172,265,199,197,161,107,317,264,261,266,336,58,129,160,126,229,7,236,112,155,340,238,95,237,119,154,128,223,159,122,8,158,273,127,193,140,116,91,118,4,168,6,169,142,120,135,104,138,132,123,136,97,358,137,133,106,124,108,111,139,141,113,131,92,313,117,411,341,318,61,105,319,99,274,342,54,408,315,314,344,148,60,62,320,316,267,96,356,268,153,351,18,412,57,114,121,134,413,125,115,130,231,56,5,110,271,191,72,65,67,277,87,355,89,68,76,370,377,17,71,374,74,275,346,276,371,55,367,152,73,357,109,75,335,59,196,194,343,195,63,220,70,33,215,347,166,173,64,170,34,401,143,354,144,151,149,353,222,150,406,407,405,227,163,221,226,192,228,190,233,82,225,235,234,352,85,84,83,366,53,176,303,232,350,86,365,189,177,364,345,219,302,167,363,362,175,81,14,11,10,13,32,80,31,174,180,349,181,12,348,218,217,216,188,361,183,179,481,301,79,182,427,16,430,487,428,429,15,0,455,445,19,450,448,1,453,260,446,464,484,485,442,432,439,479,456,438,431,451,449,447,470,467,28,452,436,458,465,462,473,422,461,20,476,488,433,257,471,468,437,459,256,477,474,454,517,457,509,444,423,259,258,486,482,480,483,506,187,508,359,21,185,184,186,23,22,24,25,360,26,498,528,29,30,425,27,324,322,489,325,323,388,526,510,527,391,525,503,499,490,390,515,321,505,504,389,507,426,434,500,435,497,523,524,529,516,533,424,501,101,102,511,514,103,513,512,519,502,330,329,518,327,494,326,520,522,521,331,328,2,534,496,491,531,535,493,492,495,530,532,536,
402,369,403,404,309,69,241,311,250,254,305,308,310,306,253,304,255,247,252,246,251,410,243,242,249,248,240,245,466,478,244,463,475,90,368,295,419,469,472,307,312,460,417,293,297,298,376,286,421,409,375,281,287,239,300,292,290,299,443,420,338,198,373,214,211,418,415,339,203,209,269,416,157,202,210,398,204,205,201,200,208,207,291,289,288,98,206,212,213,50,387,334,88,385,372,384,383,280,414,178,262,263,393,395,52,49,337,93,441,272,48,146,171,164,332,47,165,381,392,294,386,382,44,285,41,45,51,397,284,378,396,380,379,147,46,278,283,282,394,270,296,36,145,38,224,35,37,39,66,40,279,43,162,42,399,156,400,94,230,9,3,333,77,100,78,440,172,265,199,197,107,161,317,264,261,266,336,58,160,129,126,229,7,236,112,155,340,237,238,95,128,119,154,223,159,122,8,273,158,127,140,116,193,91,118,168,4,6,169,142,138,104,123,132,135,120,136,137,358,97,133,124,106,139,108,111,141,113,131,117,92,313,105,61,318,341,411,319,54,342,274,99,408,315,344,314,60,62,148,320,96,316,268,267,356,18,153,351,412,121,114,413,134,57,130,231,115,125,5,56,110,191,67,65,72,271,87,277,355,89,68,76,370,17,374,377,71,275,74,346,276,371,367,55,152,73,357,109,75,335,59,196,343,194,195,63,220,33,215,70,166,347,173,64,170,401,143,34,354,144,149,151,353,222,150,407,406,227,163,405,192,233,221,226,190,228,225,82,235,234,352,83,85,84,366,232,303,176,53,86,350,365,177,189,364,345,167,219,362,302,363,175,14,81,11,10,32,13,174,31,80,180,181,349,348,12,216,217,218,188,361,183,179,481,79,301,182,427,16,430,487,428,429,15,0,455,445,19,450,1,448,453,260,446,464,484,485,442,432,439,479,456,431,451,438,449,447,470,467,28,452,436,458,462,465,473,461,422,20,488,476,433,257,459,477,471,256,474,468,437,454,517,457,509,259,444,423,258,486,482,480,483,506,187,508,359,21,185,24,186,184,22,23,25,360,26,498,528,27,30,29,425,489,324,322,323,325,388,526,510,527,503,525,490,499,390,391,515,321,505,504,389,426,507,434,500,435,523,497,516,524,529,424,533,101,501,103,511,512,514,513,102,519,502,518,330,327,329,326,494,521,522,520,2,328,331,535,492,532,493,496,536,491,531,495,530,534,
402,369,403,404,309,69,241,311,250,254,305,308,310,306,253,304,255,247,252,246,251,410,243,242,248,249,240,245,466,478,244,463,368,90,475,295,419,469,472,307,312,460,417,293,297,298,376,286,421,375,409,281,287,239,300,292,290,299,443,420,338,198,373,214,211,415,418,339,203,209,269,416,157,210,202,204,398,205,201,200,207,208,291,289,288,98,206,212,213,50,387,334,88,385,372,384,383,280,414,178,263,262,393,395,52,49,337,93,272,441,48,146,171,164,332,47,381,165,392,294,45,382,44,41,386,285,397,284,51,396,378,379,380,147,278,46,283,282,270,394,296,145,36,38,224,37,35,39,40,66,279,43,162,42,399,400,156,94,9,230,3,333,77,78,100,440,172,265,199,197,107,161,317,264,261,266,336,160,58,129,126,229,7,155,112,236,340,237,95,238,128,119,154,223,159,158,273,8,122,127,116,140,193,91,118,168,4,6,169,142,138,132,120,123,135,104,97,136,133,137,358,106,124,108,139,111,113,131,141,117,313,92,411,105,341,318,61,319,54,99,342,274,315,408,344,314,62,148,60,320,356,268,96,267,316,18,153,351,114,413,121,57,134,412,125,115,231,130,56,5,110,271,191,72,65,67,355,87,277,89,76,68,377,370,71,17,374,74,346,275,371,276,55,367,73,152,357,109,75,335,59,196,194,343,195,63,220,33,70,215,166,347,173,64,170,401,34,143,354,144,149,151,353,222,407,150,406,163,405,227,233,228,221,190,226,192,225,82,235,234,352,366,83,84,85,303,176,53,232,86,350,189,365,177,345,364,167,302,362,219,363,14,175,81,11,10,13,32,180,174,80,31,181,349,348,12,188,217,216,218,361,183,481,179,301,79,182,427,16,430,487,428,429,15,0,455,445,19,450,448,1,453,260,484,464,446,485,442,432,439,479,456,451,438,431,447,449,467,470,28,436,452,462,465,458,473,422,461,20,488,433,476,257,459,477,474,437,468,256,471,454,517,457,509,423,259,444,258,482,480,486,483,506,187,508,359,21,185,22,24,23,184,186,25,360,26,528,498,29,27,425,30,489,322,324,388,323,325,526,510,527,503,390,490,499,525,391,515,321,504,505,389,507,426,434,500,435,523,497,524,424,533,529,516,501,101,512,513,102,103,514,511,519,502,330,329,327,518,494,522,520,326,521,2,328,331,491,536,534,496,493,495,535,530,531,532,492,
402,369,403,404,309,69,241,311,250,254,305,310,308,306,253,304,255,247,252,246,251,410,243,242,248,249,240,245,466,478,244,463,90,475,368,295,419,469,472,307,312,460,417,293,297,298,376,286,421,375,409,281,287,239,300,292,290,299,443,420,338,198,373,214,211,415,418,339,203,209,416,269,157,210,202,204,398,205,201,200,208,207,291,289,288,206,98,212,213,387,50,334,88,385,372,384,383,280,414,178,262,263,393,395,52,49,337,93,272,441,48,146,171,164,332,47,392,165,381,294,45,386,285,382,44,41,397,284,51,396,380,378,379,147,46,278,283,282,394,270,296,145,36,38,224,35,37,39,279,66,40,43,162,42,399,400,156,94,9,230,3,333,77,100,78,440,172,265,199,197,161,107,317,264,261,266,336,129,58,160,126,229,7,112,155,236,340,238,95,237,154,119,128,223,159,273,122,158,8,127,140,116,193,91,118,168,4,169,6,142,104,132,120,135,138,123,358,137,133,97,136,106,124,111,139,108,141,113,131,92,313,117,105,341,61,411,318,319,274,342,54,99,408,315,344,314,60,62,148,320,267,316,96,356,268,18,153,351,121,412,413,114,134,57,231,115,125,130,56,5,110,67,191,65,271,72,87,355,277,89,76,68,374,71,377,370,17,275,74,346,276,371,367,55,73,152,357,109,75,335,59,196,194,343,63,195,220,33,70,215,166,347,64,173,170,34,143,401,354,144,149,151,353,222,150,406,407,227,163,405,233,190,228,226,192,221,82,225,234,235,352,84,366,85,83,303,176,232,53,86,350,189,177,365,364,345,302,219,167,363,362,175,81,14,11,32,10,13,174,180,80,31,181,349,12,348,216,188,217,218,361,183,179,481,79,301,182,427,16,430,487,429,428,0,15,455,445,450,19,448,1,453,260,446,464,484,485,442,432,439,456,479,451,431,438,447,449,470,467,28,436,452,458,462,465,473,422,461,20,476,488,433,257,477,437,459,256,468,474,471,454,517,457,509,444,259,423,258,480,482,486,483,506,187,508,359,21,185,24,186,23,22,184,25,360,26,498,528,425,30,27,29,322,324,489,325,323,388,526,510,527,503,499,390,525,391,490,515,321,505,504,389,507,426,500,434,435,523,497,524,424,529,516,533,501,101,103,514,513,512,102,511,519,502,518,327,329,330,494,521,326,522,520,331,2,328,535,495,532,530,496,536,493,491,531,534,492,
402,369,403,404,309,69,241,311,250,254,305,310,308,306,253,304,255,247,252,246,251,410,243,242,249,248,240,245,466,478,244,463,90,475,368,295,419,469,472,307,312,460,417,293,298,297,376,286,421,375,409,281,287,239,300,292,290,299,443,420,338,198,373,214,211,418,415,339,203,209,269,416,157,210,202,398,204,205,201,200,208,207,291,289,288,98,206,212,213,387,50,334,88,385,372,384,383,280,414,178,262,263,393,395,52,49,337,93,441,272,146,48,171,164,332,47,381,392,165,294,45,44,386,285,41,382,284,397,51,396,378,379,380,147,278,46,283,282,270,394,296,36,145,38,224,35,37,39,66,40,279,43,162,42,399,400,156,94,230,9,3,333,77,100,78,440,172,265,199,197,161,107,317,264,261,266,336,160,58,129,126,229,7,155,236,112,340,95,237,238,154,119,128,223,159,122,273,8,158,127,140,116,193,91,118,4,168,169,6,142,123,104,135,120,138,132,358,133,136,137,97,106,124,108,139,111,141,113,131,313,117,92,318,341,411,105,61,319,342,54,274,99,315,408,314,344,62,148,60,320,96,268,267,316,356,351,153,18,134,121,412,413,57,114,130,115,231,125,5,110,56,65,271,67,72,191,277,87,355,89,76,68,374,71,17,377,370,275,346,74,371,276,55,367,152,73,357,109,75,335,59,196,343,194,63,195,220,33,70,215,166,347,64,173,170,401,34,143,354,144,151,149,222,353,406,150,407,227,163,405,233,221,228,192,226,190,82,225,235,234,352,83,84,85,366,303,232,53,176,350,86,365,189,177,364,345,302,167,363,362,219,81,14,175,11,32,10,13,180,31,174,80,349,181,348,12,188,218,217,216,361,183,481,179,301,79,182,427,16,430,487,429,428,15,0,455,445,19,450,448,1,453,260,464,484,446,485,442,432,439,456,479,451,431,438,449,447,467,470,28,436,452,462,458,465,473,461,422,20,488,476,433,257,459,474,437,471,477,468,256,454,517,457,509,423,444,259,258,480,482,486,483,506,187,508,359,21,185,184,186,24,22,23,25,360,26,498,528,29,425,30,27,489,322,324,323,325,388,510,526,527,490,390,503,391,499,525,515,321,505,504,389,426,507,500,434,435,523,497,533,516,424,529,524,501,101,102,514,103,513,511,512,519,502,327,518,329,330,521,522,520,326,494,328,331,2,536,530,491,495,492,532,535,493,496,531,534,
402,369,403,404,309,69,241,311,250,254,305,310,308,306,253,304,255,247,252,246,251,410,243,242,248,249,240,245,466,478,244,463,475,90,368,295,419,469,472,307,312,460,417,293,297,298,376,286,421,409,375,281,287,239,300,292,290,299,443,420,338,198,373,214,211,418,415,339,209,203,416,269,157,202,210,204,398,205,201,200,208,207,291,289,288,206,98,212,213,50,387,334,88,385,372,384,383,280,414,178,263,262,393,395,52,49,337,93,441,272,146,48,171,164,332,47,381,392,165,294,44,41,285,386,382,45,284,397,51,378,379,380,396,147,46,278,283,282,270,394,296,145,36,38,224,35,37,39,66,279,40,43,162,42,399,400,156,94,230,9,3,333,77,100,78,440,172,265,199,197,107,161,317,264,261,266,336,160,58,129,126,229,7,236,112,155,340,238,95,237,119,128,154,223,159,158,122,8,273,127,116,193,140,91,118,168,4,169,6,142,123,132,120,138,104,135,97,137,133,358,136,106,124,111,139,108,141,113,131,92,117,313,411,318,341,105,61,319,99,342,274,54,315,408,314,344,148,62,60,320,96,316,267,268,356,153,18,351,134,121,412,57,413,114,231,125,130,115,56,110,5,67,72,191,271,65,87,277,355,89,68,76,377,374,71,17,370,346,275,74,276,371,55,367,73,152,357,109,335,75,59,196,194,343,63,195,220,33,70,215,166,347,173,64,170,401,143,34,354,144,149,151,222,353,150,407,406,405,163,227,192,233,221,228,226,190,82,225,234,235,352,366,84,85,83,303,176,53,232,350,86,365,189,177,364,345,167,363,219,362,302,14,81,175,11,13,32,10,31,174,180,80,181,349,348,12,216,217,188,218,361,183,481,179,79,301,182,427,16,430,487,428,429,15,0,455,445,19,450,1,448,260,453,464,484,446,442,485,439,432,479,456,438,451,431,447,449,467,470,28,436,452,465,462,458,473,461,422,20,433,476,488,257,471,256,468,474,437,477,459,454,517,457,509,444,423,259,258,482,486,480,483,506,187,508,359,21,185,24,23,186,22,184,25,360,26,528,498,29,425,27,30,324,489,322,388,325,323,510,526,527,499,525,390,503,391,490,515,321,504,389,505,507,426,434,500,435,523,497,424,524,533,529,516,501,101,511,103,102,513,514,512,519,502,330,329,518,327,326,494,522,520,521,331,2,328,495,491,536,493,492,496,532,535,531,530,534,
402,369,403,404,309,69,241,311,250,254,305,310,308,306,253,304,255,247,252,246,251,410,243,242,249,248,240,245,466,478,244,463,475,90,368,295,419,469,472,307,312,460,417,293,297,298,376,286,421,409,375,281,287,239,300,292,290,299,443,420,338,198,373,214,211,415,418,339,203,209,416,269,157,202,210,204,398,205,201,200,207,208,291,289,288,206,98,212,213,387,50,334,88,385,372,384,383,280,414,178,262,263,393,395,52,49,337,93,272,441,48,146,171,164,332,47,381,392,165,294,45,285,41,386,44,382,284,51,397,378,379,380,396,147,46,278,283,282,394,270,296,145,36,38,224,37,35,39,279,40,66,43,162,42,399,400,156,94,9,230,3,333,77,100,78,440,172,265,199,197,161,107,317,264,261,266,336,58,129,160,126,229,7,236,112,155,340,238,95,237,154,119,128,223,159,8,273,158,122,127,193,140,116,91,118,168,4,169,6,142,132,104,123,138,135,120,358,133,136,137,97,124,106,139,108,111,113,131,141,92,117,313,411,61,105,341,318,319,342,274,54,99,315,408,314,344,148,62,60,320,316,267,268,356,96,351,153,18,413,134,121,114,412,57,130,125,231,115,5,110,56,191,67,72,65,271,277,87,355,89,68,76,71,377,374,17,370,74,346,275,371,276,55,367,73,152,357,109,75,335,59,196,194,343,195,63,220,33,215,70,347,166,173,64,170,34,143,401,354,144,149,151,353,222,407,150,406,405,163,227,226,192,221,190,228,233,225,82,235,234,352,83,84,85,366,53,232,176,303,86,350,189,177,365,345,364,302,167,219,362,363,81,14,175,11,13,10,32,180,80,31,174,181,349,12,348,218,216,188,217,361,183,481,179,79,301,182,427,16,430,487,428,429,15,0,455,445,19,450,448,1,453,260,464,446,484,442,485,432,439,456,479,431,451,438,449,447,470,467,28,452,436,458,462,465,473,461,422,20,433,476,488,257,459,471,437,477,474,468,256,454,517,457,509,423,259,444,258,480,482,486,483,506,187,508,359,21,185,22,23,24,186,184,25,360,26,528,498,29,27,425,30,322,489,324,325,388,323,510,526,527,499,390,525,490,503,391,515,321,389,504,505,507,426,500,434,435,523,497,524,533,529,516,424,501,101,514,513,511,512,103,102,519,502,518,330,327,329,522,494,326,520,521,331,328,2,496,534,491,530,531,492,532,493,536,495,535,
402,369,403,404,309,69,241,311,250,254,305,310,308,306,253,304,255,247,252,246,251,410,243,242,249,248,240,245,466,478,244,463,475,90,368,295,419,469,472,307,312,460,417,293,298,297,376,286,421,375,409,281,287,239,300,292,290,299,443,420,338,198,373,214,211,415,418,339,209,203,269,416,157,202,210,398,204,205,201,200,207,208,291,289,288,206,98,212,213,50,387,334,88,385,372,384,383,280,414,178,263,262,393,395,52,49,337,93,272,441,146,48,171,164,332,47,165,392,381,294,45,382,285,386,44,41,51,284,397,379,380,378,396,147,278,46,283,282,394,270,296,145,36,38,224,37,35,39,66,40,279,43,162,42,399,400,156,94,230,9,3,333,77,100,78,440,172,265,199,197,161,107,317,264,261,266,336,58,129,160,126,229,7,155,112,236,340,95,237,238,154,119,128,223,159,8,273,158,122,127,116,140,193,91,118,4,168,6,169,142,123,104,132,138,120,135,133,358,137,136,97,124,106,108,139,111,141,113,131,92,117,313,341,411,318,61,105,319,99,274,54,342,408,315,344,314,60,62,148,320,316,96,356,267,268,153,18,351,121,134,57,114,413,412,125,231,130,115,56,110,5,65,72,191,271,67,355,87,277,89,76,68,374,71,377,370,17,346,275,74,276,371,367,55,152,73,357,109,75,335,59,196,343,194,63,195,220,215,33,70,347,166,64,173,170,401,143,34,354,144,151,149,222,353,407,150,406,163,227,405,228,233,226,221,192,190,82,225,235,234,352,83,84,366,85,53,303,232,176,86,350,189,365,177,345,364,362,219,302,363,167,14,81,175,11,10,32,13,31,80,174,180,349,181,12,348,217,216,218,188,361,183,481,179,301,79,182,427,16,430,487,429,428,0,15,455,445,450,19,1,448,260,453,446,464,484,485,442,432,439,456,479,451,438,431,447,449,470,467,28,436,452,458,462,465,473,422,461,20,433,488,476,257,477,471,437,459,474,256,468,454,517,457,509,444,259,423,258,486,482,480,483,506,187,508,359,21,185,23,22,184,186,24,25,360,26,528,498,29,27,425,30,324,322,489,388,323,325,526,510,527,390,525,503,490,391,499,515,321,389,505,504,507,426,434,500,435,523,497,533,424,529,524,516,501,101,102,103,513,511,514,512,519,502,518,329,330,327,520,521,522,494,326,328,2,331,536,493,496,535,530,495,492,534,531,491,532,
402,369,403,404,309,69,241,311,250,254,305,308,310,306,253,304,255,247,252,246,251,410,243,242,249,248,240,245,466,478,244,463,475,368,90,295,419,469,472,307,312,460,417,293,298,297,376,286,421,375,409,281,287,239,300,292,290,299,443,420,338,198,373,214,211,418,415,339,203,209,269,416,157,210,202,398,204,205,201,200,208,207,291,289,288,206,98,212,213,387,50,334,88,385,372,384,383,280,414,178,262,263,393,395,52,49,337,93,272,441,146,48,171,164,332,47,381,165,392,294,45,44,386,382,285,41,284,397,51,379,378,396,380,147,278,46,283,282,394,270,296,145,36,38,224,35,37,39,66,40,279,43,162,42,399,400,156,94,230,9,3,333,77,100,78,440,172,265,199,197,107,161,317,264,261,266,336,129,58,160,126,229,7,236,155,112,340,237,238,95,128,119,154,223,159,158,273,122,8,127,140,193,116,91,118,4,168,169,6,142,104,123,135,132,120,138,97,136,133,137,358,106,124,108,111,139,141,131,113,92,313,117,341,318,411,61,105,319,99,342,54,274,315,408,344,314,62,148,60,320,356,267,96,268,316,18,153,351,57,134,121,412,413,114,231,125,115,130,5,56,110,72,191,271,67,65,355,87,277,89,68,76,370,377,374,71,17,74,275,346,371,276,55,367,152,73,357,109,75,335,59,196,343,194,63,195,220,33,215,70,347,166,173,64,170,34,401,143,354,144,151,149,222,353,407,406,150,227,405,163,190,233,228,192,226,221,225,82,235,234,352,366,85,83,84,176,232,53,303,86,350,365,189,177,345,364,362,219,167,302,363,175,14,81,11,13,32,10,180,174,80,31,181,349,12,348,218,216,188,217,361,183,179,481,301,79,182,427,16,430,487,429,428,15,0,455,445,450,19,448,1,260,453,464,484,446,485,442,439,432,456,479,451,438,431,447,449,470,467,28,436,452,462,465,458,473,422,461,20,433,488,476,257,256,437,477,474,468,459,471,454,517,457,509,423,444,259,258,482,480,486,483,506,187,508,359,21,185,184,186,23,24,22,25,360,26,498,528,425,29,27,30,324,322,489,323,325,388,510,526,527,490,499,390,503,525,391,515,321,505,504,389,507,426,500,434,435,523,497,533,524,529,424,516,101,501,514,103,512,513,102,511,519,502,330,518,327,329,522,520,521,494,326,328,2,331,530,493,534,491,535,496,495,536,492,532,531,
402,369,403,404,309,69,241,311,250,254,305,310,308,306,253,304,255,247,252,246,251,410,243,242,249,248,240,245,466,478,244,463,475,90,368,295,419,469,472,307,312,460,417,293,297,298,376,286,421,409,375,281,287,239,300,292,290,299,443,420,338,198,373,214,211,418,415,339,209,203,269,416,157,210,202,398,204,205,201,200,207,208,291,289,288,98,206,212,213,50,387,334,88,385,372,384,383,280,414,178,263,262,393,395,52,49,337,93,272,441,48,146,171,164,332,47,381,165,392,294,386,44,382,45,285,41,284,397,51,380,379,396,378,147,278,46,283,282,394,270,296,145,36,38,224,37,35,39,279,40,66,43,162,42,399,400,156,94,230,9,3,333,77,100,78,440,172,265,199,197,107,161,317,261,264,266,336,160,129,58,126,229,7,155,236,112,340,238,95,237,119,154,128,223,159,273,122,8,158,127,193,116,140,91,118,4,168,6,169,142,104,135,123,138,120,132,133,97,137,358,136,124,106,139,108,111,131,141,113,313,117,92,341,105,61,318,411,319,99,342,54,274,315,408,344,314,148,60,62,320,356,316,267,96,268,18,351,153,121,134,412,413,57,114,231,125,130,115,5,110,56,191,67,271,65,72,355,87,277,89,76,68,374,17,71,377,370,346,275,74,276,371,55,367,73,152,357,109,75,335,59,196,343,194,195,63,220,33,215,70,166,347,64,173,170,34,401,143,354,144,149,151,222,353,407,150,406,227,405,163,190,228,233,221,192,226,225,82,235,234,352,83,84,85,366,232,176,303,53,350,86,177,189,365,345,364,219,362,363,302,167,81,14,175,11,32,13,10,174,80,180,31,181,349,348,12,188,217,218,216,361,183,179,481,79,301,182,427,16,430,487,429,428,0,15,455,445,19,450,1,448,260,453,446,464,484,485,442,432,439,456,479,431,451,438,449,447,470,467,28,452,436,458,462,465,473,461,422,20,476,433,488,257,256,468,474,459,471,437,477,454,517,457,509,444,423,259,258,482,486,480,483,506,187,508,359,21,185,22,186,23,184,24,25,360,26,528,498,425,29,30,27,489,322,324,388,323,325,526,510,527,391,499,503,390,490,525,515,321,504,389,505,426,507,500,434,435,523,497,524,516,533,529,424,501,101,102,103,511,512,513,514,519,502,518,327,329,330,521,326,494,522,520,331,328,2,536,535,492,530,531,534,493,496,491,495,532,
402,369,403,404,309,69,241,311,250,254,305,308,310,306,253,304,255,247,252,246,251,410,243,242,249,248,240,245,466,478,244,463,368,475,90,295,419,469,472,307,312,460,417,293,298,297,376,286,421,409,375,281,287,239,300,292,290,299,443,420,338,198,373,214,211,415,418,339,209,203,416,269,157,210,202,398,204,205,201,200,207,208,291,289,288,98,206,212,213,50,387,334,88,385,372,384,280,383,414,178,262,263,393,395,52,49,337,93,441,272,48,146,171,164,332,47,392,381,165,294,382,386,45,41,285,44,51,284,397,396,378,380,379,147,46,278,283,282,270,394,296,36,145,38,224,35,37,39,66,279,40,43,162,42,399,400,156,94,9,230,3,333,77,100,78,440,172,265,199,197,161,107,317,261,264,266,336,129,160,58,126,229,7,155,112,236,340,95,238,237,154,128,119,223,159,273,122,8,158,127,193,140,116,91,118,168,4,6,169,142,132,120,138,135,123,104,97,133,137,136,358,124,106,108,139,111,131,141,113,117,92,313,105,411,318,341,61,319,274,342,54,99,315,408,314,344,148,62,60,320,316,268,356,96,267,351,153,18,114,121,413,412,57,134,130,115,125,231,110,5,56,191,271,65,72,67,355,277,87,89,76,68,377,71,17,374,370,275,74,346,371,276,367,55,73,152,357,109,335,75,59,196,343,194,63,195,220,33,70,215,347,166,173,64,170,34,143,401,354,144,151,149,353,222,407,406,150,163,405,227,226,192,233,190,221,228,82,225,234,235,352,366,84,83,85,176,303,232,53,86,350,189,365,177,364,345,219,363,362,302,167,14,175,81,11,13,10,32,31,80,174,180,349,181,12,348,218,216,188,217,361,183,179,481,301,79,182,427,16,430,487,429,428,0,15,455,445,19,450,1,448,260,453,446,464,484,442,485,439,432,456,479,438,451,431,449,447,467,470,28,452,436,462,465,458,473,422,461,20,433,476,488,257,459,477,474,437,256,471,468,454,517,457,509,444,423,259,258,486,480,482,483,506,187,508,359,21,185,22,23,184,24,186,25,360,26,498,528,30,27,425,29,322,324,489,323,325,388,526,510,527,499,390,490,503,525,391,515,321,505,389,504,507,426,434,500,435,523,497,524,516,533,424,529,101,501,512,513,511,102,103,514,519,502,327,518,330,329,494,326,521,520,522,328,331,2,496,531,491,532,535,492,534,536,530,493,495,
402,369,403,404,309,69,241,311,250,254,305,310,308,306,253,304,255,247,252,246,251,410,243,242,248,249,240,245,466,478,244,463,368,475,90,295,419,469,472,307,312,460,417,293,297,298,376,286,421,375,409,281,287,239,300,292,290,299,443,420,338,198,373,214,211,415,418,339,203,209,416,269,157,202,210,204,398,205,201,200,208,207,291,289,288,206,98,212,213,387,50,334,88,385,372,384,383,280,414,178,263,262,393,395,52,49,337,93,441,272,48,146,171,164,332,47,392,381,165,294,44,41,285,45,386,382,51,397,284,380,378,396,379,147,278,46,283,282,270,394,296,36,145,38,224,37,35,39,279,66,40,43,162,42,399,400,156,94,230,9,3,333,77,78,100,440,172,265,199,197,161,107,317,261,264,266,336,58,129,160,126,229,7,236,112,155,340,95,237,238,119,154,128,223,159,273,158,8,122,127,140,116,193,91,118,168,4,6,169,142,123,104,132,138,120,135,358,137,97,133,136,124,106,111,108,139,131,113,141,92,117,313,105,411,341,318,61,319,342,54,99,274,408,315,314,344,148,62,60,320,96,356,268,316,267,153,18,351,412,121,134,114,413,57,115,125,231,130,110,5,56,72,65,191,271,67,87,277,355,89,76,68,377,374,71,17,370,74,275,346,371,276,367,55,152,73,357,109,335,75,59,196,343,194,195,63,220,215,33,70,347,166,173,64,170,143,401,34,354,144,151,149,353,222,150,407,406,405,227,163,221,192,233,226,228,190,225,82,235,234,352,83,84,85,366,176,303,53,232,350,86,189,177,365,345,364,302,363,219,167,362,175,81,14,11,32,10,13,80,31,174,180,181,349,348,12,217,218,188,216,361,183,179,481,79,301,182,427,16,430,487,429,428,0,15,455,445,19,450,448,1,260,453,484,446,464,485,442,432,439,479,456,451,438,431,449,447,467,470,28,436,452,462,458,465,473,461,422,20,488,433,476,257,256,474,459,468,437,471,477,454,517,457,509,444,259,423,258,480,482,486,483,506,187,508,359,21,185,186,184,23,22,24,25,360,26,498,528,425,27,29,30,489,322,324,388,323,325,510,526,527,390,391,490,525,499,503,515,321,389,504,505,507,426,500,434,435,523,497,424,533,529,516,524,501,101,102,103,513,511,512,514,519,502,327,330,518,329,520,521,326,494,522,2,331,328,495,530,531,532,536,491,492,493,496,535,534,
402,369,403,404,309,69,241,311,250,254,305,310,308,306,253,304,255,247,252,246,251,410,243,242,248,249,240,245,466,478,244,463,368,90,475,295,419,469,472,307,312,460,417,293,297,298,376,286,421,409,375,281,287,239,300,292,290,299,443,420,338,198,373,214,211,415,418,339,203,209,269,416,157,202,210,398,204,205,201,200,208,207,291,289,288,206,98,212,213,50,387,334,88,385,372,384,280,383,414,178,263,262,393,395,52,49,337,93,272,441,48,146,171,164,332,47,381,165,392,294,44,386,382,285,41,45,284,51,397,396,379,380,378,147,278,46,283,282,270,394,296,145,36,38,224,37,35,39,66,40,279,43,162,42,399,156,400,94,9,230,3,333,77,78,100,440,172,265,199,197,107,161,317,261,264,266,336,58,160,129,126,229,7,155,112,236,340,237,95,238,154,119,128,223,159,8,158,273,122,127,140,193,116,91,118,4,168,6,169,142,120,132,123,135,138,104,133,136,358,137,97,106,124,139,108,111,113,141,131,313,117,92,318,61,105,411,341,319,342,54,274,99,315,408,344,314,62,60,148,320,356,96,267,316,268,18,153,351,114,134,57,412,413,121,115,130,231,125,110,56,5,271,191,67,72,65,277,355,87,89,76,68,17,71,377,370,374,275,346,74,276,371,367,55,152,73,357,109,75,335,59,196,343,194,63,195,220,33,215,70,166,347,64,173,170,34,143,401,354,144,151,149,353,222,150,407,406,163,227,405,233,226,190,192,221,228,225,82,234,235,352,366,84,85,83,53,303,176,232,350,86,365,177,189,364,345,362,363,302,219,167,81,14,175,11,32,13,10,180,31,80,174,349,181,12,348,218,217,216,188,361,183,179,481,301,79,182,427,16,430,487,429,428,0,15,455,445,450,19,448,1,453,260,464,484,446,485,442,432,439,479,456,438,431,451,447,449,467,470,28,452,436,462,465,458,473,461,422,20,476,488,433,257,437,468,477,256,474,471,459,454,517,457,509,259,423,444,258,486,480,482,483,506,187,508,359,21,185,23,24,22,184,186,25,360,26,498,528,27,425,29,30,489,322,324,388,323,325,526,510,527,490,390,503,391,525,499,515,321,389,504,505,426,507,500,434,435,497,523,424,516,533,529,524,101,501,511,512,514,102,103,513,519,502,518,327,329,330,494,520,521,522,326,2,331,328,493,534,532,530,492,535,536,531,495,491,496,
402,369,403,404,309,69,241,311,250,254,305,310,308,306,253,304,255,247,252,246,251,410,243,242,249,248,240,245,466,478,244,463,475,368,90,295,419,469,472,307,312,460,417,293,297,298,376,286,421,409,375,281,287,239,300,292,290,299,443,420,338,198,373,214,211,418,415,339,203,209,416,269,157,210,202,204,398,205,201,200,207,208,291,289,288,206,98,212,213,50,387,334,88,385,372,384,280,383,414,178,262,263,393,395,52,49,337,93,272,441,146,48,171,164,332,47,381,392,165,294,386,44,382,41,45,285,397,284,51,396,380,378,379,147,46,278,283,282,270,394,296,36,145,38,224,37,35,39,40,66,279,43,162,42,399,400,156,94,230,9,3,333,77,78,100,440,172,265,199,197,107,161,317,264,261,266,336,160,129,58,126,229,7,236,112,155,340,238,237,95,119,154,128,223,159,122,8,273,158,127,140,116,193,91,118,4,168,169,6,142,123,120,135,132,138,104,137,97,133,136,358,124,106,139,108,111,131,113,141,117,313,92,61,411,318,341,105,319,54,274,99,342,408,315,314,344,62,60,148,320,316,267,268,96,356,18,351,153,57,413,412,114,134,121,115,125,231,130,56,110,5,72,271,65,67,191,87,355,277,89,76,68,370,17,71,374,377,275,346,74,371,276,55,367,152,73,357,109,335,75,59,196,194,343,195,63,220,70,33,215,347,166,173,64,170,401,34,143,354,144,151,149,222,353,150,407,406,227,163,405,192,226,190,233,228,221,225,82,234,235,352,83,84,366,85,303,53,232,176,350,86,177,365,189,364,345,302,219,167,363,362,81,14,175,11,13,10,32,80,174,180,31,181,349,12,348,188,216,218,217,361,183,481,179,79,301,182,427,16,430,487,429,428,15,0,455,445,450,19,448,1,453,260,484,464,446,442,485,432,439,479,456,438,431,451,449,447,470,467,28,452,436,458,462,465,473,422,461,20,433,488,476,257,468,459,437,474,477,256,471,454,517,457,509,423,444,259,258,486,480,482,483,506,187,508,359,21,185,24,184,186,23,22,25,360,26,528,498,27,30,29,425,322,489,324,325,388,323,510,526,527,499,525,391,503,390,490,515,321,504,389,505,507,426,434,500,435,523,497,533,516,529,524,424,101,501,102,513,512,511,103,514,519,502,327,330,518,329,520,326,522,521,494,328,2,331,491,534,530,532,536,531,492,493,496,495,535,
402,369,403,404,309,69,241,311,250,254,305,310,308,306,253,304,255,247,252,246,251,410,243,242,249,248,240,245,466,478,244,463,475,368,90,295,419,469,472,307,312,460,417,293,297,298,376,286,421,409,375,281,287,239,300,292,290,299,443,420,338,198,373,214,211,415,418,339,209,203,269,416,157,210,202,398,204,205,201,200,208,207,291,289,288,206,98,212,213,50,387,334,88,385,372,384,280,383,414,178,262,263,393,395,52,49,337,93,272,441,146,48,171,164,332,47,392,165,381,294,41,45,44,285,386,382,284,51,397,396,380,379,378,147,278,46,283,282,394,270,296,145,36,38,224,35,37,39,66,40,279,43,162,42,399,400,156,94,9,230,3,333,77,100,78,440,172,265,199,197,107,161,317,264,261,266,336,129,160,58,126,229,7,112,236,155,340,95,237,238,154,128,119,223,159,8,273,122,158,127,193,116,140,91,118,168,4,6,169,142,104,123,138,120,132,135,133,137,358,97,136,124,106,108,111,139,131,141,113,92,313,117,341,61,411,318,105,319,99,274,54,342,408,315,344,314,60,62,148,320,267,356,268,96,316,351,18,153,57,412,114,121,134,413,125,130,231,115,110,56,5,67,191,65,271,72,87,355,277,89,76,68,370,17,374,377,71,74,275,346,276,371,55,367,152,73,357,109,75,335,59,196,343,194,195,63,220,215,70,33,166,347,64,173,170,401,34,143,354,144,149,151,353,222,407,406,150,405,227,163,228,233,190,221,226,192,82,225,235,234,352,83,366,84,85,303,232,53,176,350,86,177,365,189,364,345,219,302,362,363,167,175,81,14,11,10,32,13,80,31,174,180,349,181,348,12,218,217,216,188,361,183,179,481,301,79,182,427,16,430,487,428,429,0,15,455,445,19,450,448,1,260,453,446,464,484,485,442,439,432,479,456,451,431,438,447,449,470,467,28,452,436,465,458,462,473,422,461,20,433,476,488,257,477,474,471,468,256,437,459,454,517,457,509,444,259,423,258,480,482,486,483,506,187,508,359,21,185,23,24,186,22,184,25,360,26,498,528,30,425,29,27,322,489,324,323,325,388,526,510,527,503,490,499,525,391,390,515,321,504,505,389,426,507,434,500,435,497,523,533,516,529,424,524,101,501,513,511,103,102,512,514,519,502,518,329,330,327,494,520,521,522,326,328,331,2,495,491,530,496,532,535,531,493,536,534,492,
402,369,403,404,309,69,241,311,250,254,305,308,310,306,253,304,255,247,252,246,251,410,243,242,248,249,240,245,466,478,244,463,475,368,90,295,419,469,472,307,312,460,417,293,297,298,376,286,421,375,409,281,287,239,300,292,290,299,443,420,338,198,373,214,211,418,415,339,209,203,269,416,157,210,202,398,204,205,201,200,207,208,291,289,288,206,98,212,213,50,387,334,88,385,372,384,280,383,414,178,263,262,393,395,52,49,337,93,441,272,146,48,171,164,332,47,392,381,165,294,382,285,41,44,45,386,397,284,51,379,396,380,378,147,278,46,283,282,394,270,296,145,36,38,224,35,37,39,66,40,279,43,162,42,399,400,156,94,9,230,3,333,77,100,78,440,172,265,199,197,107,161,317,261,264,266,336,160,58,129,126,229,7,155,236,112,340,237,238,95,154,128,119,223,159,122,158,273,8,127,193,116,140,91,118,168,4,6,169,142,120,123,135,132,138,104,358,137,136,133,97,106,124,108,139,111,141,131,113,117,92,313,105,411,61,341,318,319,99,342,54,274,315,408,314,344,60,62,148,320,356,316,267,96,268,351,18,153,57,121,134,114,412,413,115,130,231,125,56,110,5,271,67,65,191,72,277,355,87,89,76,68,377,374,71,370,17,346,275,74,276,371,55,367,152,73,357,109,75,335,59,196,343,194,195,63,220,33,215,70,347,166,64,173,170,143,401,34,354,144,151,149,353,222,150,407,406,227,405,163,228,233,226,192,190,221,82,225,235,234,352,366,83,85,84,232,176,303,53,350,86,189,365,177,364,345,167,363,362,302,219,81,14,175,11,10,32,13,180,174,80,31,181,349,12,348,188,216,217,218,361,183,179,481,79,301,182,427,16,430,487,428,429,15,0,455,445,19,450,1,448,453,260,484,446,464,485,442,432,439,479,456,438,431,451,447,449,470,467,28,452,436,465,462,458,473,422,461,20,476,488,433,257,468,437,459,474,471,477,256,454,517,457,509,423,259,444,258,486,480,482,483,506,187,508,359,21,185,22,24,186,23,184,25,360,26,528,498,29,425,30,27,489,322,324,388,323,325,510,526,527,391,525,490,390,499,503,515,321,505,504,389,507,426,434,500,435,523,497,516,524,424,533,529,101,501,511,512,513,103,102,514,519,502,330,329,327,518,326,521,494,522,520,331,2,328,532,530,535,536,531,495,492,534,491,493,496,
402,369,403,404,309,69,241,311,250,254,305,310,308,306,253,304,255,247,252,246,251,410,243,242,249,248,240,245,466,478,244,463,90,368,475,295,419,469,472,307,312,460,417,293,297,298,376,286,421,409,375,281,287,239,300,292,290,299,443,420,338,198,373,214,211,415,418,339,203,209,416,269,157,210,202,204,398,205,201,200,207,208,291,289,288,98,206,212,213,387,50,334,88,385,372,384,383,280,414,178,262,263,393,395,52,49,337,93,272,441,48,146,171,164,332,47,381,165,392,294,382,41,44,45,386,285,284,397,51,378,379,380,396,147,46,278,283,282,394,270,296,145,36,38,224,37,35,39,40,279,66,43,162,42,399,156,400,94,9,230,3,333,77,78,100,440,172,265,199,197,161,107,317,261,264,266,336,129,160,58,126,229,7,112,236,155,340,95,238,237,128,119,154,223,159,158,8,273,122,127,116,193,140,91,118,168,4,169,6,142,132,104,138,120,135,123,137,133,97,136,358,124,106,139,111,108,131,113,141,313,117,92,341,411,318,61,105,319,274,342,99,54,315,408,314,344,62,148,60,320,96,267,356,316,268,153,18,351,134,57,413,114,121,412,115,231,130,125,110,5,56,191,72,67,65,271,87,277,355,89,68,76,17,377,374,71,370,74,346,275,276,371,367,55,73,152,357,109,75,335,59,196,343,194,63,195,220,70,215,33,347,166,64,173,170,401,34,143,354,144,151,149,222,353,150,406,407,405,227,163,221,192,228,233,190,226,82,225,235,234,352,85,366,84,83,176,232,303,53,350,86,365,177,189,364,345,302,167,363,362,219,14,175,81,11,32,13,10,180,174,31,80,181,349,12,348,218,216,217,188,361,183,481,179,301,79,182,427,16,430,487,428,429,0,15,455,445,19,450,448,1,260,453,464,484,446,485,442,432,439,479,456,438,451,431,449,447,467,470,28,436,452,462,458,465,473,461,422,20,476,488,433,257,459,468,471,474,477,256,437,454,517,457,509,423,444,259,258,482,480,486,483,506,187,508,359,21,185,186,23,22,24,184,25,360,26,528,498,30,27,425,29,322,324,489,323,388,325,526,510,527,499,525,390,490,503,391,515,321,505,504,389,507,426,434,500,435,523,497,529,516,424,524,533,501,101,103,514,102,513,512,511,519,502,330,518,327,329,522,521,494,326,520,328,2,331,534,496,536,535,530,532,492,491,531,493,495,
402,369,403,404,309,69,241,311,250,254,305,308,310,306,253,304,255,247,252,246,251,410,243,242,249,248,240,245,466,478,244,463,90,475,368,295,419,469,472,307,312,460,417,293,297,298,376,286,421,375,409,281,287,239,300,292,290,299,443,420,338,198,373,214,211,418,415,339,209,203,416,269,157,202,210,398,204,205,201,200,207,208,291,289,288,206,98,212,213,387,50,334,88,385,372,384,280,383,414,178,262,263,393,395,52,49,337,93,272,441,48,146,171,164,332,47,381,392,165,294,382,44,45,386,41,285,51,284,397,380,378,379,396,147,46,278,283,282,270,394,296,36,145,38,224,35,37,39,40,66,279,43,162,42,399,156,400,94,230,9,3,333,77,100,78,440,172,265,199,197,107,161,317,264,261,266,336,160,129,58,126,229,7,155,112,236,340,238,95,237,119,154,128,223,159,122,8,158,273,127,193,116,140,91,118,4,168,6,169,142,120,135,123,138,132,104,133,136,358,97,137,124,106,108,139,111,131,141,113,313,92,117,318,105,341,61,411,319,342,274,54,99,315,408,314,344,62,60,148,320,268,96,316,267,356,18,153,351,57,114,121,413,412,134,115,231,130,125,56,5,110,191,72,271,65,67,277,87,355,89,68,76,377,71,17,370,374,346,275,74,276,371,55,367,73,152,357,109,75,335,59,196,343,194,195,63,220,33,215,70,166,347,64,173,170,143,401,34,354,144,149,151,222,353,406,407,150,163,227,405,192,228,221,226,190,233,82,225,235,234,352,85,366,84,83,303,232,53,176,86,350,177,365,189,345,364,167,219,302,363,362,81,175,14,11,32,13,10,174,80,31,180,181,349,12,348,217,188,216,218,361,183,179,481,79,301,182,427,16,430,487,428,429,0,15,455,445,19,450,448,1,260,453,484,446,464,442,485,432,439,479,456,431,438,451,447,449,467,470,28,452,436,458,465,462,473,461,422,20,433,488,476,257,468,459,437,474,256,477,471,454,517,457,509,423,259,444,258,480,486,482,483,506,187,508,359,21,185,184,24,186,22,23,25,360,26,528,498,27,30,425,29,322,324,489,323,325,388,510,526,527,503,499,525,490,391,390,515,321,504,389,505,426,507,434,500,435,497,523,516,533,424,524,529,501,101,103,512,102,513,511,514,519,502,327,329,330,518,521,494,326,520,522,328,331,2,491,496,493,495,536,532,535,534,492,530,531,
402,369,403,404,309,69,241,311,250,254,305,310,308,306,253,304,255,247,252,246,251,410,243,242,249,248,240,245,466,478,244,463,475,90,368,295,419,469,472,307,312,460,417,293,297,298,376,286,421,409,375,281,287,239,300,292,290,299,443,420,338,198,373,214,211,415,418,339,203,209,269,416,157,202,210,398,204,205,201,200,207,208,291,289,288,206,98,212,213,50,387,334,88,385,372,384,280,383,414,178,262,263,393,395,52,49,337,93,441,272,146,48,171,164,332,47,165,381,392,294,41,382,285,386,44,45,284,51,397,379,380,378,396,147,278,46,283,282,394,270,296,36,145,38,224,37,35,39,40,66,279,43,162,42,399,156,400,94,9,230,3,333,77,100,78,440,172,265,199,197,107,161,317,264,261,266,336,160,58,129,126,229,7,155,236,112,340,237,95,238,128,119,154,223,159,8,122,273,158,127,116,140,193,91,118,168,4,6,169,142,123,120,104,138,135,132,137,136,358,133,97,106,124,139,111,108,141,131,113,92,117,313,105,411,341,318,61,319,342,274,54,99,408,315,344,314,60,148,62,320,96,356,267,316,268,351,153,18,413,412,114,57,121,134,115,231,130,125,56,110,5,65,72,67,191,271,277,355,87,89,76,68,370,374,17,71,377,74,275,346,276,371,367,55,152,73,357,109,75,335,59,196,194,343,63,195,220,33,215,70,347,166,173,64,170,34,143,401,354,144,151,149,353,222,406,150,407,163,227,405,228,192,226,233,190,221,225,82,235,234,352,85,83,84,366,232,53,303,176,86,350,177,189,365,364,345,219,167,302,362,363,175,81,14,11,13,32,10,31,174,180,80,349,181,12,348,216,188,218,217,361,183,481,179,79,301,182,427,16,430,487,429,428,15,0,455,445,19,450,448,1,260,453,484,446,464,485,442,439,432,456,479,431,451,438,449,447,470,467,28,436,452,462,465,458,473,461,422,20,476,433,488,257,477,256,437,468,471,474,459,454,517,457,509,444,423,259,258,480,486,482,483,506,187,508,359,21,185,23,22,184,24,186,25,360,26,528,498,27,425,30,29,489,324,322,325,323,388,510,526,527,525,490,391,503,499,390,515,321,504,389,505,426,507,434,500,435,497,523,524,516,529,424,533,101,501,514,103,512,513,511,102,519,502,327,330,329,518,494,521,520,522,326,2,331,328,534,536,496,492,532,530,531,495,493,491,535,
402,369,403,404,309,69,241,311,250,254,305,308,310,306,253,304,255,247,252,246,251,410,243,242,248,249,240,245,466,478,244,463,475,368,90,295,419,469,472,307,312,460,417,293,297,298,376,286,421,409,375,281,287,239,300,292,290,299,443,420,338,198,373,214,211,415,418,339,203,209,269,416,157,202,210,398,204,205,201,200,207,208,291,289,288,206,98,212,213,50,387,334,88,385,372,384,280,383,414,178,262,263,393,395,52,49,337,93,272,441,48,146,171,164,332,47,392,165,381,294,45,41,382,44,285,386,397,51,284,378,396,380,379,147,278,46,283,282,270,394,296,36,145,38,224,35,37,39,40,279,66,43,162,42,399,156,400,94,230,9,3,333,77,100,78,440,172,265,199,197,107,161,317,261,264,266,336,160,129,58,126,229,7,112,155,236,340,238,95,237,128,119,154,223,159,273,158,122,8,127,193,116,140,91,118,168,4,169,6,142,135,120,123,138,132,104,133,97,136,358,137,124,106,108,139,111,141,131,113,117,92,313,411,105,341,61,318,319,99,54,274,342,315,408,314,344,148,62,60,320,267,96,316,268,356,351,18,153,134,412,121,114,413,57,125,231,130,115,5,56,110,191,67,271,65,72,277,87,355,89,76,68,374,377,370,17,71,346,275,74,276,371,367,55,152,73,357,109,75,335,59,196,194,343,195,63,220,70,33,215,347,166,173,64,170,143,401,34,354,144,149,151,353,222,406,150,407,405,227,163,192,226,228,233,190,221,82,225,234,235,352,84,85,83,366,303,232,53,176,86,350,365,177,189,364,345,167,363,302,219,362,81,175,14,11,13,32,10,80,174,180,31,181,349,348,12,216,218,217,188,361,183,179,481,79,301,182,427,16,430,487,428,429,15,0,455,445,450,19,1,448,260,453,484,446,464,485,442,439,432,456,479,438,451,431,447,449,470,467,28,452,436,458,465,462,473,422,461,20,433,488,476,257,471,437,256,477,474,468,459,454,517,457,509,423,444,259,258,482,486,480,483,506,187,508,359,21,185,186,24,22,23,184,25,360,26,528,498,30,27,29,425,489,324,322,323,325,388,526,510,527,525,499,391,503,490,390,515,321,389,504,505,507,426,500,434,435,497,523,529,424,516,524,533,501,101,512,102,513,514,103,511,519,502,330,327,518,329,326,521,520,522,494,2,331,328,496,491,530,535,536,492,531,532,493,495,534,
402,369,403,404,309,69,241,311,250,254,305,310,308,306,253,304,255,247,252,246,251,410,243,242,249,248,240,245,466,478,244,463,368,475,90,295,419,469,472,307,312,460,417,293,297,298,376,286,421,375,409,281,287,239,300,292,290,299,443,420,338,198,373,214,211,418,415,339,209,203,416,269,157,202,210,398,204,205,201,200,207,208,291,289,288,98,206,212,213,387,50,334,88,385,372,384,383,280,414,178,263,262,393,395,52,49,337,93,272,441,48,146,171,164,332,47,165,381,392,294,386,44,382,285,41,45,397,284,51,378,380,379,396,147,46,278,283,282,394,270,296,145,36,38,224,37,35,39,66,40,279,43,162,42,399,400,156,94,9,230,3,333,77,100,78,440,172,265,199,197,107,161,317,261,264,266,336,160,129,58,126,229,7,155,236,112,340,237,95,238,128,119,154,223,159,273,158,122,8,127,116,193,140,91,118,4,168,169,6,142,120,138,104,135,132,123,137,136,358,133,97,124,106,139,108,111,113,141,131,313,117,92,411,61,341,105,318,319,54,99,274,342,408,315,344,314,148,62,60,320,316,96,267,268,356,153,351,18,134,412,121,57,413,114,115,231,125,130,110,5,56,271,65,72,191,67,87,355,277,89,68,76,377,374,71,370,17,346,74,275,371,276,367,55,152,73,357,109,75,335,59,196,194,343,195,63,220,70,215,33,347,166,173,64,170,143,401,34,354,144,149,151,353,222,406,150,407,163,405,227,233,192,221,226,190,228,82,225,235,234,352,84,366,85,83,53,232,176,303,350,86,177,189,365,345,364,302,363,167,219,362,175,81,14,11,10,13,32,174,31,180,80,349,181,348,12,216,218,217,188,361,183,481,179,301,79,182,427,16,430,487,428,429,15,0,455,445,19,450,1,448,453,260,484,446,464,485,442,432,439,479,456,431,451,438,447,449,470,467,28,452,436,465,458,462,473,422,461,20,433,476,488,257,471,256,468,477,474,459,437,454,517,457,509,444,259,423,258,482,486,480,483,506,187,508,359,21,185,22,23,24,184,186,25,360,26,498,528,29,425,27,30,324,489,322,323,388,325,526,510,527,525,499,503,391,390,490,515,321,505,389,504,507,426,434,500,435,497,523,524,529,424,516,533,501,101,102,514,512,511,513,103,519,502,327,330,329,518,494,326,520,521,522,331,328,2,534,530,495,493,531,532,496,535,491,492,536,
402,369,403,404,309,69,241,311,250,254,305,308,310,306,253,304,255,247,252,246,251,410,243,242,249,248,240,245,466,478,244,463,475,368,90,295,419,469,472,307,312,460,417,293,298,297,376,286,421,375,409,281,287,239,300,292,290,299,443,420,338,198,373,214,211,415,418,339,209,203,416,269,157,210,202,398,204,205,201,200,208,207,291,289,288,98,206,212,213,387,50,334,88,385,372,384,280,383,414,178,263,262,393,395,52,49,337,93,272,441,48,146,171,164,332,47,392,165,381,294,382,44,386,285,45,41,284,51,397,380,379,396,378,147,46,278,283,282,394,270,296,145,36,38,224,35,37,39,40,66,279,43,162,42,399,156,400,94,9,230,3,333,77,100,78,440,172,265,199,197,107,161,317,264,261,266,336,58,160,129,126,229,7,112,236,155,340,237,238,95,119,154,128,223,159,158,122,8,273,127,193,140,116,91,118,168,4,169,6,142,123,120,132,138,135,104,136,133,137,358,97,124,106,111,139,108,113,141,131,313,117,92,105,61,341,318,411,319,99,274,342,54,408,315,344,314,62,60,148,320,268,96,356,316,267,18,153,351,121,134,413,114,412,57,115,231,125,130,5,110,56,72,191,271,67,65,355,87,277,89,76,68,71,377,370,17,374,74,346,275,371,276,367,55,73,152,357,109,75,335,59,196,343,194,63,195,220,215,33,70,166,347,64,173,170,401,34,143,354,144,149,151,353,222,407,406,150,405,227,163,228,192,233,190,226,221,225,82,234,235,352,366,85,84,83,232,303,176,53,350,86,365,177,189,364,345,219,362,363,167,302,81,175,14,11,32,13,10,80,180,174,31,349,181,348,12,216,188,217,218,361,183,179,481,301,79,182,427,16,430,487,429,428,0,15,455,445,19,450,448,1,453,260,484,446,464,442,485,439,432,456,479,438,431,451,447,449,467,470,28,452,436,465,462,458,473,422,461,20,433,476,488,257,459,437,477,256,468,474,471,454,517,457,509,259,444,423,258,486,482,480,483,506,187,508,359,21,185,22,184,23,186,24,25,360,26,528,498,425,27,30,29,489,322,324,323,388,325,510,526,527,503,499,391,525,390,490,515,321,504,389,505,507,426,500,434,435,523,497,533,524,516,424,529,501,101,511,513,514,512,102,103,519,502,330,329,327,518,326,521,520,494,522,331,328,2,532,495,492,535,496,491,531,534,536,530,493,
402,369,403,404,309,69,241,311,250,254,305,308,310,306,253,304,255,247,252,246,251,410,243,242,248,249,240,245,466,478,244,463,90,368,475,295,419,469,472,307,312,460,417,293,297,298,376,286,421,375,409,281,287,239,300,292,290,299,443,420,338,198,373,214,211,415,418,339,203,209,416,269,157,202,210,398,204,205,201,200,207,208,291,289,288,98,206,212,213,50,387,334,88,385,372,384,383,280,414,178,263,262,393,395,52,49,337,93,441,272,48,146,171,164,332,47,381,392,165,294,386,44,382,285,45,41,51,397,284,379,396,380,378,147,278,46,283,282,394,270,296,145,36,38,224,35,37,39,66,40,279,43,162,42,399,400,156,94,9,230,3,333,77,78,100,440,172,265,199,197,161,107,317,264,261,266,336,58,129,160,126,229,7,155,236,112,340,238,237,95,154,119,128,223,159,122,8,273,158,127,193,140,116,91,118,4,168,6,169,142,135,123,104,132,120,138,358,136,133,137,97,124,106,111,108,139,141,113,131,117,92,313,411,105,341,318,61,319,99,274,342,54,315,408,344,314,148,62,60,320,267,96,356,316,268,153,351,18,57,412,114,413,134,121,130,115,231,125,56,5,110,191,271,65,72,67,355,87,277,89,76,68,17,374,370,71,377,275,74,346,276,371,367,55,152,73,357,109,75,335,59,196,194,343,63,195,220,33,70,215,166,347,64,173,170,401,34,143,354,144,149,151,222,353,407,406,150,163,405,227,192,228,233,226,190,221,82,225,234,235,352,366,85,83,84,176,232,303,53,86,350,365,177,189,364,345,219,363,167,362,302,14,175,81,11,13,32,10,31,180,80,174,181,349,348,12,217,216,218,188,361,183,481,179,301,79,182,427,16,430,487,428,429,0,15,455,445,450,19,1,448,260,453,464,446,484,485,442,439,432,456,479,451,431,438,447,449,467,470,28,436,452,462,458,465,473,422,461,20,433,476,488,257,474,437,256,468,471,477,459,454,517,457,509,259,444,423,258,480,482,486,483,506,187,508,359,21,185,22,186,23,184,24,25,360,26,528,498,29,30,27,425,322,324,489,325,323,388,510,526,527,490,390,525,503,391,499,515,321,389,505,504,426,507,434,500,435,497,523,529,516,533,524,424,101,501,514,513,511,102,103,512,519,502,327,330,518,329,522,521,326,494,520,331,2,328,531,493,532,530,536,491,496,492,534,535,495,
402,369,403,404,309,69,241,311,250,254,305,308,310,306,253,304,255,247,252,246,251,410,243,242,248,249,240,245,466,478,244,463,475,368,90,295,419,469,472,307,312,460,417,293,297,298,376,286,421,375,409,281,287,239,300,292,290,299,443,420,338,198,373,214,211,415,418,339,209,203,269,416,157,202,210,204,398,205,201,200,208,207,291,289,288,206,98,212,213,387,50,334,88,385,372,384,383,280,414,178,262,263,393,395,52,49,337,93,272,441,146,48,171,164,332,47,392,165,381,294,44,41,382,45,386,285,284,51,397,379,378,396,380,147,278,46,283,282,270,394,296,36,145,38,224,37,35,39,40,279,66,43,162,42,399,400,156,94,230,9,3,333,77,78,100,440,172,265,199,197,107,161,317,264,261,266,336,160,129,58,126,229,7,112,155,236,340,237,95,238,119,128,154,223,159,8,273,158,122,127,116,193,140,91,118,168,4,169,6,142,104,123,138,132,120,135,358,97,136,137,133,106,124,139,108,111,113,131,141,117,313,92,341,105,318,411,61,319,99,342,54,274,408,315,314,344,148,62,60,320,356,316,267,268,96,351,153,18,121,134,412,57,114,413,125,115,231,130,56,5,110,72,67,271,65,191,87,277,355,89,68,76,71,374,17,370,377,275,74,346,371,276,367,55,73,152,357,109,75,335,59,196,194,343,63,195,220,70,33,215,166,347,173,64,170,34,401,143,354,144,151,149,353,222,406,407,150,227,405,163,190,228,233,192,226,221,225,82,235,234,352,83,85,84,366,232,53,303,176,350,86,365,189,177,364,345,362,363,302,219,167,14,175,81,11,13,10,32,180,31,80,174,181,349,12,348,188,217,216,218,361,183,179,481,79,301,182,427,16,430,487,428,429,0,15,455,445,19,450,1,448,260,453,484,446,464,485,442,439,432,479,456,431,438,451,447,449,467,470,28,452,436,462,458,465,473,422,461,20,433,488,476,257,477,459,468,474,437,256,471,454,517,457,509,423,444,259,258,480,482,486,483,506,187,508,359,21,185,22,24,23,186,184,25,360,26,498,528,30,29,425,27,489,322,324,323,388,325,510,526,527,390,503,499,525,391,490,515,321,504,505,389,426,507,500,434,435,523,497,516,424,524,529,533,501,101,514,511,513,512,103,102,519,502,518,327,330,329,326,520,494,521,522,328,2,331,535,536,491,493,496,492,534,531,532,495,530,
402,369,403,404,309,69,241,311,250,254,305,308,310,306,253,304,255,247,252,246,251,410,243,242,248,249,240,245,466,478,244,463,368,90,475,295,419,469,472,307,312,460,417,293,297,298,376,286,421,375,409,281,287,239,300,292,290,299,443,420,338,198,373,214,211,418,415,339,209,203,269,416,157,202,210,204,398,205,201,200,207,208,291,289,288,206,98,212,213,387,50,334,88,385,372,384,280,383,414,178,263,262,393,395,52,49,337,93,272,441,146,48,171,164,332,47,165,392,381,294,44,41,382,386,45,285,397,284,51,379,378,380,396,147,278,46,283,282,270,394,296,145,36,38,224,35,37,39,279,66,40,43,162,42,399,400,156,94,230,9,3,333,77,100,78,440,172,265,199,197,161,107,317,261,264,266,336,160,58,129,126,229,7,236,112,155,340,238,95,237,128,119,154,223,159,273,122,158,8,127,193,116,140,91,118,168,4,6,169,142,138,104,132,135,120,123,97,136,358,133,137,124,106,111,139,108,113,141,131,313,92,117,341,105,61,318,411,319,342,274,54,99,315,408,314,344,62,60,148,320,316,96,268,267,356,351,153,18,121,134,412,413,57,114,130,125,231,115,5,110,56,65,72,67,271,191,87,277,355,89,68,76,374,17,377,71,370,275,346,74,276,371,55,367,152,73,357,109,75,335,59,196,343,194,63,195,220,33,215,70,166,347,64,173,170,34,143,401,354,144,151,149,353,222,150,407,406,405,163,227,190,228,233,192,226,221,82,225,234,235,352,83,366,85,84,53,232,176,303,86,350,177,189,365,345,364,363,302,219,167,362,175,14,81,11,32,13,10,80,31,174,180,181,349,12,348,188,218,216,217,361,183,179,481,79,301,182,427,16,430,487,429,428,15,0,455,445,450,19,1,448,453,260,446,464,484,442,485,432,439,456,479,438,431,451,449,447,470,467,28,452,436,462,465,458,473,422,461,20,488,433,476,257,459,477,256,474,471,468,437,454,517,457,509,423,259,444,258,480,486,482,483,506,187,508,359,21,185,24,186,184,23,22,25,360,26,498,528,30,27,29,425,489,322,324,325,388,323,510,526,527,390,525,499,490,503,391,515,321,505,389,504,426,507,434,500,435,497,523,424,529,516,524,533,501,101,514,513,512,511,103,102,519,502,518,329,330,327,494,521,326,522,520,328,331,2,531,532,530,536,496,493,492,534,491,495,535,
402,369,403,404,309,69,241,311,250,254,305,310,308,306,253,304,255,247,252,246,251,410,243,242,249,248,240,245,466,478,244,463,475,368,90,295,419,469,472,307,312,460,417,293,298,297,376,286,421,409,375,281,287,239,300,292,290,299,443,420,338,198,373,214,211,415,418,339,209,203,416,269,157,202,210,398,204,205,201,200,207,208,291,289,288,98,206,212,213,387,50,334,88,385,372,384,280,383,414,178,263,262,393,395,52,49,337,93,441,272,146,48,171,164,332,47,165,381,392,294,41,382,44,45,285,386,284,397,51,380,378,379,396,147,278,46,283,282,394,270,296,36,145,38,224,35,37,39,66,279,40,43,162,42,399,156,400,94,9,230,3,333,77,100,78,440,172,265,199,197,107,161,317,261,264,266,336,129,160,58,126,229,7,236,155,112,340,237,238,95,119,154,128,223,159,273,158,122,8,127,140,193,116,91,118,168,4,169,6,142,135,104,132,138,120,123,136,133,97,358,137,124,106,111,139,108,141,113,131,92,313,117,318,105,341,411,61,319,274,342,99,54,408,315,314,344,62,60,148,320,356,268,267,96,316,18,351,153,57,134,413,114,412,121,115,130,125,231,56,5,110,65,191,271,72,67,277,87,355,89,68,76,377,71,370,374,17,74,275,346,371,276,367,55,152,73,357,109,75,335,59,196,343,194,195,63,220,215,33,70,166,347,173,64,170,34,401,143,354,144,151,149,353,222,407,406,150,227,405,163,228,226,192,233,190,221,82,225,234,235,352,366,83,84,85,232,176,303,53,350,86,189,365,177,345,364,219,167,363,362,302,81,175,14,11,10,32,13,180,174,80,31,349,181,348,12,188,217,216,218,361,183,481,179,79,301,182,427,16,430,487,428,429,0,15,455,445,19,450,448,1,453,260,484,464,446,485,442,439,432,456,479,438,451,431,447,449,467,470,28,436,452,465,458,462,473,422,461,20,433,488,476,257,471,468,256,477,474,459,437,454,517,457,509,423,259,444,258,480,482,486,483,506,187,508,359,21,185,23,22,24,186,184,25,360,26,498,528,29,27,30,425,324,322,489,325,388,323,526,510,527,499,503,490,391,390,525,515,321,504,389,505,426,507,434,500,435,497,523,424,533,529,524,516,501,101,511,514,513,102,103,512,519,502,327,330,518,329,520,494,326,522,521,331,2,328,530,535,531,493,491,496,492,495,536,534,532,
402,369,403,404,309,69,241,311,250,254,305,308,310,306,253,304,255,247,252,246,251,410,243,242,249,248,240,245,466,478,244,463,368,475,90,295,419,469,472,307,312,460,417,293,298,297,376,286,421,409,375,281,287,239,300,292,290,299,443,420,338,198,373,214,211,415,418,339,209,203,416,269,157,210,202,204,398,205,201,200,208,207,291,289,288,206,98,212,213,387,50,334,88,385,372,384,280,383,414,178,262,263,393,395,52,49,337,93,441,272,146,48,171,164,332,47,392,381,165,294,41,285,386,382,44,45,284,397,51,396,380,379,378,147,278,46,283,282,270,394,296,36,145,38,224,37,35,39,66,279,40,43,162,42,399,156,400,94,9,230,3,333,77,100,78,440,172,265,199,197,161,107,317,264,261,266,336,160,58,129,126,229,7,112,155,236,340,95,238,237,119,154,128,223,159,158,273,8,122,127,116,193,140,91,118,168,4,169,6,142,135,104,123,138,132,120,358,136,97,133,137,106,124,111,139,108,131,113,141,313,92,117,61,318,411,341,105,319,99,54,342,274,408,315,314,344,60,148,62,320,316,96,267,268,356,18,351,153,57,412,114,121,134,413,231,125,130,115,110,56,5,72,65,191,67,271,87,277,355,89,68,76,377,370,17,374,71,275,74,346,371,276,367,55,73,152,357,109,335,75,59,196,194,343,63,195,220,215,70,33,347,166,64,173,170,143,34,401,354,144,149,151,222,353,406,150,407,163,227,405,190,228,233,226,192,221,225,82,235,234,352,85,84,83,366,53,232,176,303,350,86,189,365,177,364,345,167,363,362,302,219,175,81,14,11,13,10,32,174,80,180,31,349,181,12,348,188,216,217,218,361,183,481,179,301,79,182,427,16,430,487,429,428,0,15,455,445,450,19,1,448,260,453,446,484,464,442,485,439,432,479,456,431,451,438,449,447,467,470,28,452,436,465,458,462,473,422,461,20,433,476,488,257,471,459,437,477,474,468,256,454,517,457,509,423,444,259,258,486,482,480,483,506,187,508,359,21,185,22,186,23,24,184,25,360,26,528,498,30,425,29,27,489,324,322,323,325,388,526,510,527,390,490,525,499,503,391,515,321,504,389,505,426,507,500,434,435,497,523,533,524,529,424,516,101,501,103,512,514,102,513,511,519,502,327,329,518,330,494,522,326,521,520,328,2,331,532,492,534,496,495,493,531,491,530,536,535,
402,369,403,404,309,69,241,311,250,254,305,308,310,306,253,304,255,247,252,246,251,410,243,242,248,249,240,245,466,478,244,463,90,475,368,295,419,469,472,307,312,460,417,293,298,297,376,286,421,375,409,281,287,239,300,292,290,299,443,420,338,198,373,214,211,415,418,339,203,209,269,416,157,202,210,204,398,205,201,200,207,208,291,289,288,206,98,212,213,387,50,334,88,385,372,384,383,280,414,178,262,263,393,395,52,49,337,93,441,272,146,48,171,164,332,47,392,381,165,294,285,386,44,41,382,45,397,51,284,378,396,380,379,147,278,46,283,282,270,394,296,36,145,38,224,37,35,39,279,66,40,43,162,42,399,400,156,94,9,230,3,333,77,100,78,440,172,265,199,197,161,107,317,261,264,266,336,160,58,129,126,229,7,236,112,155,340,237,238,95,154,119,128,223,159,273,122,158,8,127,116,193,140,91,118,4,168,6,169,142,135,138,123,104,132,120,358,137,97,136,133,106,124,108,111,139,113,141,131,117,313,92,341,318,105,61,411,319,99,342,274,54,408,315,344,314,60,148,62,320,316,356,267,268,96,153,18,351,413,134,57,114,412,121,115,130,125,231,5,110,56,72,271,191,65,67,277,355,87,89,76,68,370,17,377,71,374,74,275,346,276,371,55,367,152,73,357,109,335,75,59,196,343,194,63,195,220,33,215,70,347,166,173,64,170,401,143,34,354,144,149,151,353,222,150,406,407,227,163,405,233,228,190,226,221,192,225,82,234,235,352,85,83,366,84,232,53,303,176,350,86,365,189,177,364,345,167,302,363,362,219,14,81,175,11,13,32,10,31,174,180,80,181,349,12,348,218,188,216,217,361,183,481,179,79,301,182,427,16,430,487,428,429,15,0,455,445,450,19,1,448,453,260,464,446,484,442,485,439,432,456,479,451,438,431,447,449,467,470,28,452,436,458,462,465,473,422,461,20,488,433,476,257,256,468,459,474,471,477,437,454,517,457,509,444,259,423,258,480,486,482,483,506,187,508,359,21,185,184,186,23,24,22,25,360,26,498,528,29,27,30,425,322,324,489,388,325,323,510,526,527,525,490,390,503,499,391,515,321,505,389,504,507,426,434,500,435,523,497,424,533,529,516,524,501,101,511,103,512,514,513,102,519,502,327,329,330,518,521,522,520,326,494,328,331,2,532,536,495,531,491,534,530,535,496,493,492,
402,369,403,404,309,69,241,311,250,254,305,308,310,306,253,304,255,247,252,246,251,410,243,242,248,249,240,245,466,478,244,463,368,475,90,295,419,469,472,307,312,460,417,293,297,298,376,286,421,409,375,281,287,239,300,292,290,299,443,420,338,198,373,214,211,415,418,339,209,203,416,269,157,202,210,204,398,205,201,200,207,208,291,289,288,206,98,212,213,387,50,334,88,385,372,384,280,383,414,178,263,262,393,395,52,49,337,93,272,441,48,146,171,164,332,47,165,392,381,294,45,386,41,382,44,285,51,284,397,378,396,379,380,147,278,46,283,282,270,394,296,36,145,38,224,35,37,39,40,66,279,43,162,42,399,400,156,94,9,230,3,333,77,100,78,440,172,265,199,197,107,161,317,261,264,266,336,160,129,58,126,229,7,112,236,155,340,95,238,237,119,154,128,223,159,8,273,122,158,127,140,116,193,91,118,4,168,169,6,142,120,104,123,138,135,132,358,136,137,133,97,106,124,139,111,108,141,131,113,117,92,313,105,411,318,341,61,319,54,342,274,99,315,408,314,344,60,62,148,320,316,268,356,96,267,18,153,351,412,413,121,114,134,57,115,125,130,231,56,110,5,191,72,65,67,271,277,87,355,89,68,76,370,377,71,374,17,346,275,74,276,371,55,367,152,73,357,109,75,335,59,196,343,194,63,195,220,215,33,70,347,166,173,64,170,143,401,34,354,144,149,151,353,222,406,407,150,227,163,405,221,190,226,228,192,233,82,225,235,234,352,85,366,83,84,53,303,176,232,350,86,177,365,189,364,345,302,219,362,363,167,175,14,81,11,10,13,32,180,174,31,80,181,349,348,12,218,188,217,216,361,183,481,179,301,79,182,427,16,430,487,429,428,0,15,455,445,19,450,1,448,453,260,484,446,464,485,442,432,439,479,456,451,438,431,449,447,467,470,28,452,436,465,462,458,473,461,422,20,488,433,476,257,477,471,459,256,474,437,468,454,517,457,509,444,259,423,258,486,482,480,483,506,187,508,359,21,185,186,22,184,24,23,25,360,26,498,528,425,30,29,27,489,324,322,323,388,325,526,510,527,525,490,391,503,499,390,515,321,504,389,505,507,426,434,500,435,497,523,524,516,529,424,533,101,501,102,513,103,514,512,511,519,502,330,518,329,327,521,522,326,520,494,2,328,331,535,534,492,491,531,493,496,530,536,495,532,
402,369,403,404,309,69,241,311,250,254,305,308,310,306,253,304,255,247,252,246,251,410,243,242,248,249,240,245,466,478,244,463,475,368,90,295,419,469,472,307,312,460,417,293,297,298,376,286,421,375,409,281,287,239,300,292,290,299,443,420,338,198,373,214,211,418,415,339,209,203,416,269,157,210,202,204,398,205,201,200,207,208,291,289,288,206,98,212,213,387,50,334,88,385,372,384,383,280,414,178,263,262,393,395,52,49,337,93,272,441,146,48,171,164,332,47,165,381,392,294,41,386,285,382,44,45,397,51,284,396,380,379,378,147,278,46,283,282,270,394,296,36,145,38,224,35,37,39,279,40,66,43,162,42,399,400,156,94,230,9,3,333,77,78,100,440,172,265,199,197,107,161,317,264,261,266,336,58,160,129,126,229,7,112,236,155,340,238,237,95,154,119,128,223,159,8,158,122,273,127,193,116,140,91,118,4,168,169,6,142,123,135,132,104,138,120,358,137,133,97,136,106,124,111,139,108,141,113,131,117,313,92,341,61,411,105,318,319,54,99,342,274,315,408,314,344,148,62,60,320,267,96,316,268,356,351,153,18,134,412,413,114,121,57,125,231,115,130,5,110,56,191,271,67,72,65,277,355,87,89,68,76,17,370,71,374,377,275,346,74,371,276,367,55,152,73,357,109,75,335,59,196,343,194,63,195,220,33,70,215,166,347,173,64,170,34,401,143,354,144,151,149,222,353,406,150,407,163,227,405,221,190,226,192,233,228,82,225,234,235,352,85,84,83,366,53,232,303,176,350,86,177,189,365,345,364,167,362,219,302,363,175,14,81,11,13,10,32,174,80,31,180,181,349,348,12,217,216,218,188,361,183,179,481,301,79,182,427,16,430,487,429,428,0,15,455,445,19,450,1,448,260,453,464,446,484,485,442,439,432,479,456,451,438,431,449,447,470,467,28,436,452,465,458,462,473,461,422,20,433,476,488,257,474,468,256,477,459,437,471,454,517,457,509,423,444,259,258,482,486,480,483,506,187,508,359,21,185,24,22,184,186,23,25,360,26,498,528,425,27,30,29,324,489,322,388,323,325,526,510,527,490,499,525,390,503,391,515,321,389,504,505,507,426,434,500,435,497,523,516,533,529,524,424,501,101,512,102,513,103,514,511,519,502,327,330,518,329,326,520,522,494,521,2,331,328,491,493,495,532,534,530,531,496,536,492,535,
402,369,403,404,309,69,241,311,250,254,305,308,310,306,253,304,255,247,252,246,251,410,243,242,248,249,240,245,466,478,244,463,368,475,90,295,419,469,472,307,312,460,417,293,298,297,376,286,421,375,409,281,287,239,300,292,290,299,443,420,338,198,373,214,211,415,418,339,203,209,416,269,157,210,202,398,204,205,201,200,208,207,291,289,288,98,206,212,213,50,387,334,88,385,372,384,280,383,414,178,262,263,393,395,52,49,337,93,272,441,48,146,171,164,332,47,381,392,165,294,285,386,45,41,44,382,284,51,397,379,380,378,396,147,278,46,283,282,270,394,296,145,36,38,224,35,37,39,66,279,40,43,162,42,399,400,156,94,9,230,3,333,77,78,100,440,172,265,199,197,107,161,317,264,261,266,336,58,129,160,126,229,7,236,155,112,340,238,237,95,154,119,128,223,159,8,158,273,122,127,116,140,193,91,118,168,4,6,169,142,132,138,135,104,120,123,97,358,136,133,137,106,124,139,108,111,141,113,131,313,117,92,411,318,61,105,341,319,99,342,274,54,315,408,344,314,148,60,62,320,268,356,96,316,267,153,351,18,57,121,413,412,134,114,130,125,231,115,5,110,56,67,72,65,191,271,87,277,355,89,68,76,17,71,374,370,377,346,275,74,371,276,55,367,152,73,357,109,75,335,59,196,343,194,195,63,220,33,215,70,166,347,173,64,170,401,143,34,354,144,151,149,353,222,407,406,150,405,227,163,228,192,221,233,190,226,225,82,234,235,352,85,366,84,83,53,303,232,176,86,350,189,365,177,364,345,167,219,363,362,302,175,81,14,11,13,32,10,80,31,174,180,181,349,348,12,218,188,216,217,361,183,481,179,301,79,182,427,16,430,487,429,428,0,15,455,445,450,19,1,448,260,453,464,484,446,485,442,439,432,456,479,451,438,431,447,449,470,467,28,452,436,458,465,462,473,422,461,20,433,476,488,257,474,477,471,459,437,468,256,454,517,457,509,444,423,259,258,486,482,480,483,506,187,508,359,21,185,186,22,23,184,24,25,360,26,528,498,425,29,30,27,322,489,324,388,323,325,510,526,527,390,499,391,503,525,490,515,321,505,389,504,507,426,434,500,435,523,497,533,516,424,529,524,101,501,514,103,513,102,511,512,519,502,330,329,518,327,520,494,326,521,522,2,328,331,530,496,491,495,534,536,531,493,535,532,492,
402,369,403,404,309,69,241,311,250,254,305,310,308,306,253,304,255,247,252,246,251,410,243,242,249,248,240,245,466,478,244,463,90,475,368,295,419,469,472,307,312,460,417,293,298,297,376,286,421,375,409,281,287,239,300,292,290,299,443,420,338,198,373,214,211,418,415,339,209,203,269,416,157,210,202,398,204,205,201,200,208,207,291,289,288,206,98,212,213,50,387,334,88,385,372,384,383,280,414,178,262,263,393,395,52,49,337,93,272,441,146,48,171,164,332,47,165,392,381,294,41,44,285,382,45,386,51,397,284,379,396,378,380,147,278,46,283,282,394,270,296,36,145,38,224,35,37,39,279,66,40,43,162,42,399,400,156,94,230,9,3,333,77,100,78,440,172,265,199,197,161,107,317,264,261,266,336,129,160,58,126,229,7,236,155,112,340,95,238,237,119,154,128,223,159,158,122,273,8,127,116,193,140,91,118,4,168,169,6,142,135,120,104,138,132,123,137,358,133,136,97,124,106,111,108,139,141,131,113,92,313,117,411,105,61,318,341,319,342,274,54,99,315,408,314,344,60,62,148,320,356,267,268,96,316,153,18,351,114,57,413,412,134,121,115,130,125,231,56,5,110,72,271,67,65,191,277,355,87,89,76,68,71,17,377,374,370,74,346,275,276,371,367,55,152,73,357,109,335,75,59,196,343,194,63,195,220,215,70,33,166,347,64,173,170,143,401,34,354,144,151,149,353,222,406,407,150,163,405,227,233,228,221,192,226,190,82,225,234,235,352,366,83,84,85,176,232,53,303,350,86,365,177,189,345,364,362,219,302,363,167,14,175,81,11,13,10,32,31,80,180,174,349,181,12,348,216,217,218,188,361,183,179,481,301,79,182,427,16,430,487,428,429,15,0,455,445,450,19,448,1,260,453,484,446,464,442,485,439,432,456,479,451,438,431,449,447,467,470,28,436,452,462,458,465,473,461,422,20,488,433,476,257,477,468,474,437,256,471,459,454,517,457,509,423,444,259,258,480,486,482,483,506,187,508,359,21,185,23,184,186,24,22,25,360,26,498,528,27,425,29,30,324,489,322,388,323,325,526,510,527,525,391,499,390,490,503,515,321,505,389,504,507,426,500,434,435,523,497,524,529,533,516,424,101,501,511,512,103,514,513,102,519,502,518,330,329,327,520,522,521,494,326,331,328,2,530,534,493,531,495,532,496,536,491,492,535,
402,369,403,404,309,69,241,311,250,254,305,310,308,306,253,304,255,247,252,246,251,410,243,242,249,248,240,245,466,478,244,463,475,368,90,295,419,469,472,307,312,460,417,293,297,298,376,286,421,409,375,281,287,239,300,292,290,299,443,420,338,198,373,214,211,418,415,339,209,203,269,416,157,202,210,204,398,205,201,200,207,208,291,289,288,98,206,212,213,50,387,334,88,385,372,384,280,383,414,178,262,263,393,395,52,49,337,93,272,441,48,146,171,164,332,47,165,392,381,294,45,41,382,285,44,386,397,51,284,396,379,380,378,147,46,278,283,282,394,270,296,36,145,38,224,35,37,39,40,279,66,43,162,42,399,400,156,94,230,9,3,333,77,78,100,440,172,265,199,197,161,107,317,264,261,266,336,129,58,160,126,229,7,236,112,155,340,95,237,238,154,128,119,223,159,158,273,8,122,127,116,193,140,91,118,4,168,169,6,142,123,120,132,138,135,104,97,358,137,136,133,106,124,111,108,139,141,113,131,92,117,313,61,341,105,411,318,319,342,99,274,54,315,408,314,344,148,62,60,320,316,267,356,268,96,153,18,351,121,134,114,57,412,413,115,231,130,125,5,110,56,65,271,191,67,72,87,355,277,89,68,76,377,71,374,370,17,346,74,275,276,371,367,55,152,73,357,109,335,75,59,196,343,194,195,63,220,33,70,215,347,166,64,173,170,34,401,143,354,144,151,149,353,222,150,406,407,405,227,163,190,228,233,192,226,221,225,82,235,234,352,85,83,366,84,176,53,232,303,350,86,189,365,177,345,364,219,302,167,363,362,81,175,14,11,10,32,13,31,174,180,80,181,349,348,12,217,216,188,218,361,183,179,481,301,79,182,427,16,430,487,428,429,0,15,455,445,19,450,1,448,453,260,484,464,446,442,485,432,439,479,456,431,451,438,447,449,470,467,28,452,436,465,458,462,473,461,422,20,476,433,488,257,474,256,437,459,468,471,477,454,517,457,509,259,444,423,258,480,486,482,483,506,187,508,359,21,185,24,184,22,186,23,25,360,26,498,528,30,29,27,425,322,324,489,325,388,323,526,510,527,525,503,390,490,391,499,515,321,504,505,389,507,426,434,500,435,523,497,533,424,516,524,529,101,501,511,512,513,514,103,102,519,502,329,518,327,330,326,494,522,521,520,331,328,2,495,530,493,496,491,532,492,534,535,536,531,
402,369,403,404,309,69,241,311,250,254,305,310,308,306,253,304,255,247,252,246,251,410,243,242,248,249,240,245,466,478,244,463,90,475,368,295,419,469,472,307,312,460,417,293,297,298,376,286,421,409,375,281,287,239,300,292,290,299,443,420,338,198,373,214,211,415,418,339,203,209,269,416,157,210,202,204,398,205,201,200,207,208,291,289,288,206,98,212,213,387,50,334,88,385,372,384,383,280,414,178,263,262,393,395,52,49,337,93,441,272,48,146,171,164,332,47,392,165,381,294,44,386,285,45,41,382,284,397,51,379,378,396,380,147,46,278,283,282,270,394,296,36,145,38,224,35,37,39,40,279,66,43,162,42,399,156,400,94,9,230,3,333,77,100,78,440,172,265,199,197,161,107,317,261,264,266,336,58,160,129,126,229,7,112,155,236,340,95,237,238,154,128,119,223,159,122,8,273,158,127,193,140,116,91,118,168,4,169,6,142,132,120,135,123,138,104,133,358,136,97,137,106,124,139,111,108,141,113,131,92,313,117,411,318,341,61,105,319,342,274,99,54,408,315,314,344,148,60,62,320,356,268,96,316,267,351,153,18,121,114,412,413,57,134,115,125,130,231,110,5,56,271,191,72,65,67,277,87,355,89,76,68,370,377,17,71,374,346,275,74,371,276,367,55,73,152,357,109,335,75,59,196,343,194,195,63,220,70,33,215,347,166,173,64,170,401,143,34,354,144,151,149,222,353,406,150,407,405,227,163,228,190,226,192,221,233,225,82,235,234,352,366,84,85,83,176,53,303,232,350,86,177,365,189,364,345,362,302,363,219,167,14,175,81,11,13,10,32,180,174,31,80,349,181,12,348,188,216,217,218,361,183,481,179,301,79,182,427,16,430,487,428,429,15,0,455,445,450,19,1,448,453,260,446,464,484,442,485,432,439,456,479,431,451,438,449,447,467,470,28,436,452,458,465,462,473,422,461,20,433,488,476,257,256,437,459,477,474,468,471,454,517,457,509,444,259,423,258,482,480,486,483,506,187,508,359,21,185,184,24,23,186,22,25,360,26,528,498,30,27,29,425,322,324,489,388,325,323,526,510,527,390,391,499,503,490,525,515,321,389,504,505,426,507,500,434,435,523,497,516,424,533,524,529,501,101,511,103,512,513,514,102,519,502,330,327,329,518,522,521,326,494,520,328,331,2,492,534,496,532,536,495,531,530,493,491,535,
402,369,403,404,309,69,241,311,250,254,305,310,308,306,253,304,255,247,252,246,251,410,243,242,248,249,240,245,466,478,244,463,90,368,475,295,419,469,472,307,312,460,417,293,298,297,376,286,421,409,375,281,287,239,300,292,290,299,443,420,338,198,373,214,211,418,415,339,203,209,416,269,157,210,202,204,398,205,201,200,208,207,291,289,288,206,98,212,213,50,387,334,88,385,372,384,383,280,414,178,262,263,393,395,52,49,337,93,272,441,146,48,171,164,332,47,165,392,381,294,45,386,44,285,41,382,397,51,284,396,380,378,379,147,46,278,283,282,394,270,296,145,36,38,224,35,37,39,279,66,40,43,162,42,399,156,400,94,230,9,3,333,77,78,100,440,172,265,199,197,107,161,317,264,261,266,336,58,129,160,126,229,7,112,236,155,340,237,95,238,154,119,128,223,159,158,8,273,122,127,193,116,140,91,118,168,4,169,6,142,135,138,104,120,132,123,358,136,133,97,137,106,124,108,111,139,141,113,131,92,117,313,318,105,61,411,341,319,54,99,342,274,315,408,344,314,60,148,62,320,267,268,316,96,356,351,18,153,412,114,134,57,121,413,130,231,115,125,56,5,110,271,65,67,72,191,355,277,87,89,68,76,17,71,377,374,370,275,346,74,276,371,55,367,73,152,357,109,75,335,59,196,343,194,195,63,220,215,33,70,166,347,173,64,170,401,143,34,354,144,151,149,353,222,407,150,406,227,405,163,190,233,192,221,226,228,82,225,234,235,352,85,84,83,366,232,53,176,303,86,350,189,365,177,345,364,219,363,362,302,167,81,175,14,11,32,10,13,31,174,180,80,181,349,348,12,188,216,217,218,361,183,481,179,79,301,182,427,16,430,487,429,428,0,15,455,445,19,450,448,1,453,260,464,484,446,442,485,439,432,456,479,431,438,451,449,447,470,467,28,452,436,462,465,458,473,422,461,20,476,488,433,257,256,474,437,459,468,471,477,454,517,457,509,423,259,444,258,486,482,480,483,506,187,508,359,21,185,186,23,24,184,22,25,360,26,528,498,27,29,30,425,489,322,324,388,323,325,510,526,527,499,391,503,390,490,525,515,321,504,389,505,426,507,500,434,435,523,497,533,516,424,524,529,101,501,103,511,512,102,513,514,519,502,329,327,518,330,326,494,521,520,522,2,331,328,532,530,491,531,536,495,493,492,496,534,535,
402,369,403,404,309,69,241,311,250,254,305,310,308,306,253,304,255,247,252,246,251,410,243,242,248,249,240,245,466,478,244,463,368,475,90,295,419,469,472,307,312,460,417,293,297,298,376,286,421,409,375,281,287,239,300,292,290,299,443,420,338,198,373,214,211,415,418,339,203,209,269,416,157,202,210,398,204,205,201,200,208,207,291,289,288,206,98,212,213,50,387,334,88,385,372,384,280,383,414,178,263,262,393,395,52,49,337,93,441,272,146,48,171,164,332,47,165,392,381,294,44,285,382,41,386,45,51,397,284,396,380,378,379,147,278,46,283,282,270,394,296,145,36,38,224,35,37,39,279,40,66,43,162,42,399,400,156,94,230,9,3,333,77,78,100,440,172,265,199,197,107,161,317,261,264,266,336,58,129,160,126,229,7,236,155,112,340,95,237,238,154,128,119,223,159,8,273,158,122,127,116,140,193,91,118,168,4,169,6,142,123,138,135,120,104,132,358,136,97,133,137,124,106,108,139,111,131,113,141,313,117,92,105,318,61,341,411,319,54,274,99,342,408,315,314,344,60,148,62,320,268,96,356,267,316,18,351,153,413,114,121,57,134,412,130,125,231,115,5,56,110,191,271,67,72,65,355,277,87,89,76,68,377,370,17,374,71,275,74,346,371,276,367,55,73,152,357,109,335,75,59,196,343,194,63,195,220,33,70,215,347,166,173,64,170,401,143,34,354,144,151,149,222,353,150,406,407,227,163,405,221,192,233,190,228,226,225,82,235,234,352,85,366,83,84,232,303,176,53,86,350,365,177,189,345,364,302,167,363,362,219,14,175,81,11,13,32,10,180,31,174,80,181,349,348,12,216,218,217,188,361,183,179,481,301,79,182,427,16,430,487,428,429,0,15,455,445,450,19,1,448,260,453,484,464,446,442,485,432,439,479,456,438,451,431,447,449,470,467,28,436,452,458,465,462,473,461,422,20,476,433,488,257,468,477,471,256,459,474,437,454,517,457,509,259,444,423,258,482,486,480,483,506,187,508,359,21,185,184,24,22,23,186,25,360,26,528,498,27,425,30,29,324,489,322,325,323,388,510,526,527,503,390,499,391,490,525,515,321,505,389,504,426,507,500,434,435,497,523,516,424,524,533,529,501,101,513,511,514,103,102,512,519,502,327,330,329,518,521,494,522,326,520,331,328,2,493,495,535,534,492,532,491,530,496,536,531,
402,369,403,404,309,69,241,311,250,254,305,310,308,306,253,304,255,247,252,246,251,410,243,242,249,248,240,245,466,478,244,463,90,475,368,295,419,469,472,307,312,460,417,293,297,298,376,286,421,375,409,281,287,239,300,292,290,299,443,420,338,198,373,214,211,418,415,339,209,203,416,269,157,202,210,398,204,205,201,200,207,208,291,289,288,98,206,212,213,387,50,334,88,385,372,384,280,383,414,178,262,263,393,395,52,49,337,93,272,441,48,146,171,164,332,47,165,381,392,294,44,382,386,285,45,41,397,51,284,379,396,380,378,147,46,278,283,282,394,270,296,36,145,38,224,37,35,39,40,66,279,43,162,42,399,156,400,94,9,230,3,333,77,100,78,440,172,265,199,197,161,107,317,264,261,266,336,129,58,160,126,229,7,155,236,112,340,238,95,237,119,154,128,223,159,158,122,8,273,127,193,140,116,91,118,4,168,6,169,142,132,138,120,123,104,135,136,133,137,97,358,124,106,111,108,139,141,113,131,313,117,92,341,318,61,411,105,319,99,274,342,54,408,315,314,344,62,60,148,320,316,356,267,268,96,153,18,351,57,413,134,114,121,412,115,130,231,125,5,110,56,72,67,65,191,271,87,277,355,89,68,76,71,374,17,377,370,275,346,74,371,276,55,367,152,73,357,109,75,335,59,196,194,343,63,195,220,215,33,70,347,166,173,64,170,401,34,143,354,144,151,149,222,353,407,150,406,227,405,163,233,226,228,221,190,192,225,82,234,235,352,84,83,366,85,232,303,176,53,86,350,189,177,365,364,345,302,362,219,167,363,14,81,175,11,32,13,10,80,180,174,31,349,181,348,12,217,218,216,188,361,183,481,179,79,301,182,427,16,430,487,429,428,15,0,455,445,19,450,448,1,453,260,446,484,464,442,485,432,439,479,456,451,431,438,449,447,470,467,28,436,452,462,465,458,473,422,461,20,488,433,476,257,468,474,471,459,477,437,256,454,517,457,509,259,444,423,258,486,482,480,483,506,187,508,359,21,185,186,22,184,24,23,25,360,26,498,528,27,30,29,425,324,322,489,388,325,323,510,526,527,391,499,503,390,490,525,515,321,389,505,504,507,426,500,434,435,497,523,529,516,424,533,524,501,101,511,514,103,513,102,512,519,502,329,327,330,518,522,520,494,521,326,328,331,2,496,531,532,534,495,535,493,492,491,530,536,
402,369,403,404,309,69,241,311,250,254,305,308,310,306,253,304,255,247,252,246,251,410,243,242,249,248,240,245,466,478,244,463,90,368,475,295,419,469,472,307,312,460,417,293,298,297,376,286,421,375,409,281,287,239,300,292,290,299,443,420,338,198,373,214,211,415,418,339,203,209,269,416,157,210,202,398,204,205,201,200,208,207,291,289,288,206,98,212,213,387,50,334,88,385,372,384,280,383,414,178,263,262,393,395,52,49,337,93,441,272,48,146,171,164,332,47,392,165,381,294,386,382,285,45,41,44,51,397,284,380,378,379,396,147,278,46,283,282,270,394,296,145,36,38,224,37,35,39,40,66,279,43,162,42,399,400,156,94,230,9,3,333,77,78,100,440,172,265,199,197,107,161,317,264,261,266,336,58,129,160,126,229,7,112,236,155,340,238,237,95,154,128,119,223,159,158,273,8,122,127,193,140,116,91,118,168,4,169,6,142,135,123,120,138,132,104,136,137,97,358,133,124,106,108,111,139,131,113,141,313,92,117,61,105,341,318,411,319,274,342,99,54,315,408,344,314,62,60,148,320,356,268,96,267,316,18,153,351,413,121,57,134,412,114,231,125,130,115,56,110,5,65,191,271,67,72,355,87,277,89,76,68,370,17,71,377,374,275,346,74,371,276,367,55,73,152,357,109,75,335,59,196,343,194,63,195,220,215,70,33,347,166,173,64,170,401,143,34,354,144,149,151,353,222,150,406,407,405,227,163,233,228,221,226,190,192,82,225,235,234,352,84,83,85,366,176,53,303,232,350,86,189,365,177,345,364,167,362,219,363,302,175,81,14,11,10,32,13,174,180,80,31,349,181,12,348,188,217,218,216,361,183,481,179,79,301,182,427,16,430,487,428,429,15,0,455,445,450,19,1,448,453,260,464,446,484,485,442,439,432,456,479,451,431,438,449,447,467,470,28,436,452,458,465,462,473,461,422,20,433,488,476,257,474,459,437,468,256,477,471,454,517,457,509,444,423,259,258,486,482,480,483,506,187,508,359,21,185,184,186,24,22,23,25,360,26,528,498,29,27,30,425,324,322,489,323,325,388,526,510,527,390,525,490,391,499,503,515,321,504,505,389,507,426,434,500,435,497,523,424,533,529,516,524,501,101,514,512,103,511,513,102,519,502,330,329,327,518,521,520,326,494,522,2,328,331,531,495,536,496,530,492,535,493,532,491,534,
402,369,403,404,309,69,241,311,250,254,305,308,310,306,253,304,255,247,252,246,251,410,243,242,249,248,240,245,466,478,244,463,90,475,368,295,419,469,472,307,312,460,417,293,297,298,376,286,421,409,375,281,287,239,300,292,290,299,443,420,338,198,373,214,211,418,415,339,203,209,269,416,157,210,202,204,398,205,201,200,208,207,291,289,288,98,206,212,213,50,387,334,88,385,372,384,383,280,414,178,262,263,393,395,52,49,337,93,272,441,146,48,171,164,332,47,381,165,392,294,285,45,386,382,41,44,397,284,51,380,379,396,378,147,278,46,283,282,270,394,296,145,36,38,224,35,37,39,66,40,279,43,162,42,399,400,156,94,230,9,3,333,77,100,78,440,172,265,199,197,161,107,317,261,264,266,336,58,160,129,126,229,7,112,236,155,340,95,237,238,128,154,119,223,159,273,122,8,158,127,116,193,140,91,118,4,168,169,6,142,132,120,135,104,138,123,358,133,137,97,136,124,106,111,139,108,113,141,131,313,92,117,61,411,105,318,341,319,54,99,274,342,315,408,344,314,148,60,62,320,267,316,268,96,356,153,18,351,121,134,114,413,57,412,130,231,125,115,5,56,110,191,67,72,65,271,277,87,355,89,68,76,71,370,377,17,374,346,74,275,276,371,55,367,152,73,357,109,335,75,59,196,194,343,195,63,220,215,33,70,347,166,64,173,170,401,34,143,354,144,151,149,353,222,407,406,150,227,405,163,190,228,226,192,221,233,82,225,235,234,352,366,83,85,84,176,53,303,232,350,86,189,365,177,345,364,167,302,363,362,219,175,14,81,11,10,13,32,174,80,31,180,349,181,12,348,216,188,217,218,361,183,481,179,79,301,182,427,16,430,487,428,429,0,15,455,445,450,19,448,1,453,260,446,464,484,485,442,439,432,479,456,438,431,451,447,449,470,467,28,436,452,458,462,465,473,461,422,20,433,488,476,257,471,474,437,459,477,468,256,454,517,457,509,259,444,423,258,482,486,480,483,506,187,508,359,21,185,24,186,23,22,184,25,360,26,498,528,29,27,425,30,489,324,322,325,388,323,510,526,527,525,490,499,390,503,391,515,321,389,504,505,426,507,434,500,435,523,497,529,516,424,533,524,501,101,102,512,514,103,513,511,519,502,329,330,327,518,522,521,326,494,520,331,328,2,530,536,535,493,534,531,491,495,532,492,496,
402,369,403,404,309,69,241,311,250,254,305,308,310,306,253,304,255,247,252,246,251,410,243,242,248,249,240,245,466,478,244,463,90,368,475,295,419,469,472,307,312,460,417,293,298,297,376,286,421,375,409,281,287,239,300,292,290,299,443,420,338,198,373,214,211,418,415,339,209,203,416,269,157,210,202,204,398,205,201,200,208,207,291,289,288,206,98,212,213,50,387,334,88,385,372,384,280,383,414,178,263,262,393,395,52,49,337,93,272,441,146,48,171,164,332,47,165,381,392,294,386,45,382,41,44,285,284,51,397,379,396,380,378,147,278,46,283,282,394,270,296,36,145,38,224,37,35,39,40,66,279,43,162,42,399,400,156,94,9,230,3,333,77,78,100,440,172,265,199,197,107,161,317,261,264,266,336,129,58,160,126,229,7,236,155,112,340,238,95,237,128,154,119,223,159,158,273,8,122,127,116,193,140,91,118,168,4,6,169,142,138,120,123,104,132,135,97,136,133,358,137,124,106,111,108,139,131,141,113,92,313,117,61,318,341,105,411,319,99,54,342,274,408,315,314,344,62,60,148,320,316,96,267,356,268,18,351,153,134,114,413,121,57,412,231,125,130,115,5,110,56,67,72,271,191,65,277,355,87,89,68,76,71,17,377,374,370,346,275,74,276,371,367,55,73,152,357,109,335,75,59,196,194,343,63,195,220,70,33,215,347,166,173,64,170,143,34,401,354,144,149,151,222,353,150,406,407,405,227,163,233,221,226,192,190,228,82,225,234,235,352,83,366,84,85,53,232,303,176,350,86,189,177,365,364,345,219,363,167,302,362,14,175,81,11,32,10,13,180,31,174,80,181,349,348,12,188,216,218,217,361,183,179,481,301,79,182,427,16,430,487,429,428,15,0,455,445,19,450,448,1,453,260,446,484,464,442,485,439,432,479,456,438,451,431,447,449,467,470,28,452,436,465,462,458,473,461,422,20,433,476,488,257,474,459,477,437,471,468,256,454,517,457,509,259,444,423,258,486,480,482,483,506,187,508,359,21,185,186,184,22,24,23,25,360,26,498,528,29,30,27,425,489,324,322,323,325,388,526,510,527,503,525,490,390,391,499,515,321,505,504,389,507,426,500,434,435,523,497,524,533,529,516,424,501,101,513,103,514,511,512,102,519,502,327,330,518,329,522,520,521,494,326,331,2,328,536,531,535,495,534,491,493,496,532,492,530,
402,369,403,404,309,69,241,311,250,254,305,310,308,306,253,304,255,247,252,246,251,410,243,242,249,248,240,245,466,478,244,463,90,368,475,295,419,469,472,307,312,460,417,293,298,297,376,286,421,409,375,281,287,239,300,292,290,299,443,420,338,198,373,214,211,415,418,339,203,209,416,269,157,202,210,204,398,205,201,200,208,207,291,289,288,206,98,212,213,387,50,334,88,385,372,384,383,280,414,178,262,263,393,395,52,49,337,93,441,272,48,146,171,164,332,47,165,392,381,294,41,386,285,44,45,382,284,397,51,396,380,378,379,147,46,278,283,282,270,394,296,36,145,38,224,35,37,39,279,66,40,43,162,42,399,400,156,94,230,9,3,333,77,100,78,440,172,265,199,197,161,107,317,261,264,266,336,58,160,129,126,229,7,112,155,236,340,237,238,95,119,154,128,223,159,158,8,273,122,127,193,140,116,91,118,168,4,169,6,142,138,135,120,132,104,123,97,137,133,358,136,106,124,111,139,108,131,141,113,117,92,313,341,105,411,61,318,319,342,54,99,274,408,315,344,314,60,62,148,320,356,96,267,268,316,153,18,351,114,121,57,413,412,134,115,130,231,125,110,56,5,271,65,72,67,191,87,277,355,89,68,76,377,71,374,370,17,346,74,275,276,371,367,55,73,152,357,109,75,335,59,196,194,343,63,195,220,70,33,215,347,166,173,64,170,143,401,34,354,144,151,149,353,222,407,150,406,163,227,405,228,233,221,192,190,226,225,82,234,235,352,84,83,85,366,53,303,232,176,350,86,365,177,189,345,364,167,302,219,362,363,14,175,81,11,10,32,13,31,80,174,180,181,349,12,348,188,217,216,218,361,183,481,179,79,301,182,427,16,430,487,428,429,15,0,455,445,450,19,448,1,260,453,464,484,446,442,485,432,439,456,479,431,451,438,447,449,467,470,28,436,452,465,458,462,473,422,461,20,433,488,476,257,474,459,477,256,471,437,468,454,517,457,509,444,259,423,258,486,482,480,483,506,187,508,359,21,185,184,23,186,24,22,25,360,26,528,498,27,29,425,30,322,324,489,325,323,388,510,526,527,503,525,390,499,490,391,515,321,504,505,389,507,426,434,500,435,523,497,524,533,529,516,424,501,101,102,512,511,514,103,513,519,502,329,518,327,330,521,522,326,494,520,331,328,2,536,535,534,495,492,493,496,532,530,531,491,
402,369,403,404,309,69,241,311,250,254,305,308,310,306,253,304,255,247,252,246,251,410,243,242,249,248,240,245,466,478,244,463,90,475,368,295,419,469,472,307,312,460,417,293,298,297,376,286,421,375,409,281,287,239,300,292,290,299,443,420,338,198,373,214,211,415,418,339,209,203,269,416,157,202,210,398,204,205,201,200,207,208,291,289,288,98,206,212,213,50,387,334,88,385,372,384,280,383,414,178,263,262,393,395,52,49,337,93,441,272,48,146,171,164,332,47,165,392,381,294,41,45,44,386,285,382,397,51,284,396,380,379,378,147,278,46,283,282,394,270,296,145,36,38,224,35,37,39,279,66,40,43,162,42,399,156,400,94,9,230,3,333,77,100,78,440,172,265,199,197,107,161,317,261,264,266,336,58,160,129,126,229,7,112,236,155,340,238,237,95,154,119,128,223,159,273,8,122,158,127,116,193,140,91,118,168,4,6,169,142,123,120,104,132,135,138,137,136,133,97,358,106,124,111,139,108,131,113,141,313,92,117,341,105,411,318,61,319,99,274,54,342,315,408,314,344,148,62,60,320,267,316,268,96,356,351,153,18,114,121,134,57,413,412,125,115,130,231,5,110,56,67,191,65,271,72,277,355,87,89,68,76,374,17,377,71,370,275,346,74,371,276,55,367,73,152,357,109,75,335,59,196,343,194,63,195,220,70,33,215,166,347,64,173,170,34,143,401,354,144,149,151,222,353,150,406,407,227,163,405,190,226,192,233,221,228,225,82,235,234,352,84,85,366,83,232,53,303,176,350,86,189,365,177,364,345,302,219,167,362,363,14,81,175,11,32,13,10,174,180,80,31,181,349,348,12,188,217,218,216,361,183,481,179,301,79,182,427,16,430,487,428,429,15,0,455,445,450,19,448,1,260,453,484,446,464,442,485,439,432,479,456,438,431,451,449,447,470,467,28,436,452,458,462,465,473,422,461,20,476,433,488,257,477,468,459,437,471,474,256,454,517,457,509,444,423,259,258,486,480,482,483,506,187,508,359,21,185,186,23,24,22,184,25,360,26,528,498,29,30,425,27,489,324,322,323,325,388,526,510,527,499,525,390,490,503,391,515,321,505,504,389,426,507,500,434,435,497,523,529,424,524,516,533,501,101,513,514,102,512,511,103,519,502,518,330,327,329,326,521,522,494,520,331,328,2,531,492,535,496,491,536,495,534,530,493,532,
402,369,403,404,309,69,241,311,250,254,305,308,310,306,253,304,255,247,252,246,251,410,243,242,248,249,240,245,466,478,244,463,368,90,475,295,419,469,472,307,312,460,417,293,297,298,376,286,421,409,375,281,287,239,300,292,290,299,443,420,338,198,373,214,211,418,415,339,203,209,416,269,157,210,202,398,204,205,201,200,208,207,291,289,288,98,206,212,213,50,387,334,88,385,372,384,280,383,414,178,262,263,393,395,52,49,337,93,272,441,146,48,171,164,332,47,165,392,381,294,41,44,45,285,382,386,397,284,51,378,380,396,379,147,278,46,283,282,394,270,296,36,145,38,224,35,37,39,40,66,279,43,162,42,399,156,400,94,230,9,3,333,77,78,100,440,172,265,199,197,107,161,317,264,261,266,336,129,58,160,126,229,7,155,112,236,340,238,237,95,128,154,119,223,159,158,8,273,122,127,193,116,140,91,118,168,4,169,6,142,104,132,135,123,138,120,136,97,133,358,137,124,106,108,111,139,141,113,131,313,92,117,318,61,105,411,341,319,342,54,274,99,408,315,314,344,148,60,62,320,316,356,267,96,268,351,18,153,121,134,114,57,413,412,115,130,125,231,5,56,110,271,191,67,72,65,355,277,87,89,76,68,370,374,17,71,377,74,275,346,276,371,367,55,73,152,357,109,75,335,59,196,194,343,195,63,220,215,70,33,166,347,173,64,170,401,143,34,354,144,149,151,222,353,407,150,406,405,163,227,228,221,190,192,233,226,225,82,235,234,352,366,83,85,84,176,303,53,232,86,350,189,177,365,345,364,219,167,362,302,363,81,175,14,11,32,13,10,31,80,174,180,181,349,348,12,217,188,218,216,361,183,179,481,79,301,182,427,16,430,487,429,428,15,0,455,445,19,450,448,1,260,453,446,464,484,485,442,432,439,479,456,438,451,431,449,447,467,470,28,436,452,465,458,462,473,461,422,20,476,488,433,257,437,471,468,256,474,459,477,454,517,457,509,259,423,444,258,480,482,486,483,506,187,508,359,21,185,186,23,184,22,24,25,360,26,528,498,29,30,425,27,489,324,322,325,388,323,526,510,527,390,490,391,525,503,499,515,321,389,505,504,507,426,434,500,435,523,497,516,524,424,533,529,501,101,103,102,512,514,513,511,519,502,518,330,329,327,521,494,522,520,326,2,328,331,491,530,495,532,493,496,492,536,535,534,531,
402,369,403,404,309,69,241,311,250,254,305,310,308,306,253,304,255,247,252,246,251,410,243,242,249,248,240,245,466,478,244,463,90,368,475,295,419,469,472,307,312,460,417,293,297,298,376,286,421,409,375,281,287,239,300,292,290,299,443,420,338,198,373,214,211,418,415,339,203,209,269,416,157,210,202,398,204,205,201,200,208,207,291,289,288,98,206,212,213,387,50,334,88,385,372,384,280,383,414,178,263,262,393,395,52,49,337,93,272,441,48,146,171,164,332,47,392,381,165,294,382,45,41,44,386,285,284,51,397,380,379,396,378,147,46,278,283,282,394,270,296,145,36,38,224,35,37,39,66,40,279,43,162,42,399,400,156,94,9,230,3,333,77,100,78,440,172,265,199,197,107,161,317,264,261,266,336,160,129,58,126,229,7,155,112,236,340,238,95,237,154,128,119,223,159,122,158,8,273,127,140,116,193,91,118,168,4,6,169,142,132,138,120,135,104,123,358,136,137,97,133,124,106,111,139,108,131,141,113,313,92,117,105,411,318,61,341,319,342,274,54,99,408,315,344,314,60,62,148,320,267,316,96,268,356,351,18,153,114,412,121,134,57,413,115,231,125,130,110,5,56,67,65,191,72,271,355,87,277,89,76,68,71,374,377,17,370,74,275,346,371,276,55,367,73,152,357,109,335,75,59,196,194,343,63,195,220,70,33,215,166,347,64,173,170,401,143,34,354,144,151,149,222,353,150,406,407,405,163,227,190,226,221,233,192,228,82,225,235,234,352,84,85,366,83,303,232,53,176,350,86,189,177,365,364,345,167,219,363,362,302,81,14,175,11,32,13,10,80,180,31,174,181,349,12,348,188,216,217,218,361,183,179,481,79,301,182,427,16,430,487,429,428,15,0,455,445,19,450,448,1,260,453,446,484,464,442,485,432,439,456,479,451,438,431,447,449,467,470,28,436,452,458,465,462,473,461,422,20,476,433,488,257,437,471,459,256,474,468,477,454,517,457,509,259,444,423,258,486,480,482,483,506,187,508,359,21,185,22,184,186,23,24,25,360,26,528,498,27,425,29,30,322,324,489,388,323,325,526,510,527,391,390,525,503,499,490,515,321,504,389,505,507,426,500,434,435,523,497,533,424,529,516,524,101,501,514,103,102,512,511,513,519,502,330,518,327,329,326,521,520,522,494,2,328,331,531,493,535,530,495,496,491,532,492,536,534,
402,369,403,404,309,69,241,311,250,254,305,310,308,306,253,304,255,247,252,246,251,410,243,242,249,248,240,245,466,478,244,463,368,475,90,295,419,469,472,307,312,460,417,293,298,297,376,286,421,409,375,281,287,239,300,292,290,299,443,420,338,198,373,214,211,415,418,339,203,209,416,269,157,202,210,398,204,205,201,200,207,208,291,289,288,98,206,212,213,50,387,334,88,385,372,384,280,383,414,178,263,262,393,395,52,49,337,93,272,441,48,146,171,164,332,47,381,165,392,294,45,41,382,386,44,285,284,397,51,380,378,396,379,147,278,46,283,282,394,270,296,145,36,38,224,35,37,39,40,66,279,43,162,42,399,156,400,94,9,230,3,333,77,78,100,440,172,265,199,197,107,161,317,261,264,266,336,160,58,129,126,229,7,155,236,112,340,95,238,237,154,119,128,223,159,158,273,8,122,127,116,140,193,91,118,168,4,6,169,142,120,123,135,132,138,104,358,133,137,136,97,106,124,108,111,139,141,113,131,92,313,117,61,318,105,341,411,319,99,274,342,54,315,408,344,314,60,148,62,320,356,96,267,268,316,153,351,18,114,134,412,57,413,121,125,130,231,115,110,5,56,72,67,191,65,271,355,87,277,89,68,76,71,374,17,370,377,275,346,74,276,371,55,367,73,152,357,109,75,335,59,196,343,194,63,195,220,33,70,215,166,347,173,64,170,143,401,34,354,144,151,149,353,222,407,150,406,163,405,227,233,221,192,190,226,228,82,225,235,234,352,83,84,85,366,303,232,176,53,350,86,189,177,365,345,364,167,219,302,363,362,175,81,14,11,32,10,13,80,180,174,31,181,349,348,12,188,217,216,218,361,183,179,481,301,79,182,427,16,430,487,429,428,0,15,455,445,19,450,1,448,453,260,484,464,446,442,485,439,432,456,479,431,451,438,447,449,470,467,28,452,436,465,458,462,473,422,461,20,488,433,476,257,477,437,471,256,474,459,468,454,517,457,509,444,423,259,258,480,486,482,483,506,187,508,359,21,185,184,22,186,24,23,25,360,26,498,528,27,30,29,425,324,489,322,388,323,325,526,510,527,391,503,525,490,499,390,515,321,504,505,389,426,507,500,434,435,523,497,533,424,524,516,529,501,101,513,103,514,511,102,512,519,502,518,329,327,330,522,326,520,494,521,331,328,2,493,534,535,496,495,491,530,492,532,531,536,
402,369,403,404,309,69,241,311,250,254,305,310,308,306,253,304,255,247,252,246,251,410,243,242,248,249,240,245,466,478,244,463,368,475,90,295,419,469,472,307,312,460,417,293,298,297,376,286,421,409,375,281,287,239,300,292,290,299,443,420,338,198,373,214,211,418,415,339,209,203,269,416,157,202,210,398,204,205,201,200,207,208,291,289,288,98,206,212,213,387,50,334,88,385,372,384,383,280,414,178,262,263,393,395,52,49,337,93,272,441,146,48,171,164,332,47,392,381,165,294,382,45,41,285,44,386,51,284,397,380,378,379,396,147,46,278,283,282,394,270,296,36,145,38,224,35,37,39,66,40,279,43,162,42,399,400,156,94,9,230,3,333,77,78,100,440,172,265,199,197,161,107,317,261,264,266,336,129,160,58,126,229,7,112,236,155,340,237,238,95,119,154,128,223,159,158,273,8,122,127,140,116,193,91,118,168,4,6,169,142,104,138,132,120,123,135,358,133,97,137,136,124,106,111,108,139,113,131,141,117,92,313,411,318,61,341,105,319,54,99,274,342,408,315,344,314,60,148,62,320,356,316,268,267,96,153,351,18,412,121,413,57,114,134,130,125,231,115,5,110,56,65,191,72,67,271,277,87,355,89,76,68,370,374,17,377,71,346,74,275,371,276,367,55,152,73,357,109,75,335,59,196,343,194,195,63,220,33,70,215,347,166,64,173,170,34,401,143,354,144,151,149,222,353,150,406,407,405,163,227,226,190,192,221,233,228,225,82,235,234,352,366,84,83,85,176,53,232,303,86,350,177,365,189,364,345,219,302,167,362,363,175,81,14,11,32,13,10,174,80,31,180,349,181,12,348,188,216,218,217,361,183,179,481,79,301,182,427,16,430,487,428,429,0,15,455,445,19,450,1,448,453,260,446,464,484,442,485,432,439,479,456,431,438,451,449,447,470,467,28,452,436,465,458,462,473,422,461,20,488,476,433,257,474,459,477,468,471,256,437,454,517,457,509,259,444,423,258,482,486,480,483,506,187,508,359,21,185,22,24,184,186,23,25,360,26,498,528,29,27,425,30,324,489,322,323,388,325,526,510,527,390,490,503,391,525,499,515,321,505,504,389,426,507,500,434,435,497,523,524,516,529,424,533,101,501,511,512,103,102,514,513,519,502,327,329,518,330,520,522,521,494,326,328,331,2,496,535,491,532,495,492,534,530,531,536,493,
402,369,403,404,309,69,241,311,250,254,305,308,310,306,253,304,255,247,252,246,251,410,243,242,249,248,240,245,466,478,244,463,475,90,368,295,419,469,472,307,312,460,417,293,297,298,376,286,421,409,375,281,287,239,300,292,290,299,443,420,338,198,373,214,211,415,418,339,209,203,269,416,157,210,202,204,398,205,201,200,207,208,291,289,288,98,206,212,213,50,387,334,88,385,372,384,280,383,414,178,262,263,393,395,52,49,337,93,272,441,48,146,171,164,332,47,381,392,165,294,386,45,41,382,44,285,397,284,51,378,396,380,379,147,46,278,283,282,270,394,296,145,36,38,224,35,37,39,40,279,66,43,162,42,399,400,156,94,9,230,3,333,77,100,78,440,172,265,199,197,161,107,317,264,261,266,336,160,58,129,126,229,7,155,236,112,340,95,237,238,119,154,128,223,159,8,273,158,122,127,116,193,140,91,118,4,168,169,6,142,132,104,135,123,120,138,137,358,136,133,97,106,124,139,108,111,113,141,131,117,92,313,341,318,105,411,61,319,342,274,54,99,408,315,314,344,60,62,148,320,316,356,268,267,96,351,153,18,412,121,134,413,114,57,125,130,231,115,110,56,5,65,67,191,72,271,355,87,277,89,76,68,17,370,71,377,374,346,74,275,371,276,367,55,152,73,357,109,75,335,59,196,194,343,195,63,220,70,33,215,166,347,173,64,170,401,143,34,354,144,151,149,353,222,150,407,406,227,405,163,228,192,233,226,190,221,82,225,234,235,352,84,366,83,85,53,176,303,232,86,350,189,365,177,345,364,363,302,362,219,167,175,81,14,11,13,32,10,80,174,180,31,181,349,348,12,216,218,217,188,361,183,481,179,301,79,182,427,16,430,487,428,429,0,15,455,445,450,19,448,1,260,453,484,464,446,442,485,432,439,479,456,431,438,451,449,447,467,470,28,452,436,458,462,465,473,461,422,20,488,433,476,257,477,459,256,474,471,437,468,454,517,457,509,444,423,259,258,480,486,482,483,506,187,508,359,21,185,186,184,23,22,24,25,360,26,528,498,27,29,425,30,324,489,322,388,325,323,510,526,527,525,390,503,499,490,391,515,321,505,504,389,507,426,434,500,435,497,523,529,524,516,533,424,101,501,514,513,512,103,102,511,519,502,330,518,329,327,326,521,520,522,494,2,328,331,530,491,535,493,495,492,496,532,531,534,536,
402,369,403,404,309,69,241,311,250,254,305,310,308,306,253,304,255,247,252,246,251,410,243,242,249,248,240,245,466,478,244,463,368,475,90,295,419,469,472,307,312,460,417,293,297,298,376,286,421,375,409,281,287,239,300,292,290,299,443,420,338,198,373,214,211,418,415,339,203,209,269,416,157,210,202,204,398,205,201,200,207,208,291,289,288,98,206,212,213,50,387,334,88,385,372,384,383,280,414,178,263,262,393,395,52,49,337,93,272,441,48,146,171,164,332,47,392,165,381,294,386,44,382,285,41,45,284,397,51,379,378,380,396,147,278,46,283,282,394,270,296,145,36,38,224,37,35,39,66,40,279,43,162,42,399,400,156,94,9,230,3,333,77,78,100,440,172,265,199,197,107,161,317,261,264,266,336,58,129,160,126,229,7,112,155,236,340,237,238,95,119,154,128,223,159,8,158,273,122,127,140,116,193,91,118,4,168,169,6,142,138,123,120,135,132,104,133,136,137,358,97,124,106,108,111,139,131,141,113,117,313,92,61,318,411,341,105,319,99,274,342,54,315,408,314,344,60,62,148,320,96,356,268,267,316,153,18,351,114,412,413,121,57,134,125,115,231,130,5,110,56,65,191,271,72,67,355,87,277,89,76,68,377,374,370,17,71,275,346,74,276,371,55,367,152,73,357,109,75,335,59,196,343,194,63,195,220,215,70,33,347,166,173,64,170,34,143,401,354,144,149,151,353,222,150,407,406,405,163,227,226,228,190,192,233,221,82,225,234,235,352,84,366,85,83,303,232,176,53,350,86,177,365,189,345,364,167,302,219,363,362,81,14,175,11,10,32,13,174,180,31,80,349,181,348,12,218,188,217,216,361,183,481,179,301,79,182,427,16,430,487,429,428,0,15,455,445,450,19,448,1,453,260,446,484,464,442,485,432,439,456,479,451,438,431,449,447,470,467,28,452,436,458,462,465,473,461,422,20,476,433,488,257,437,477,468,471,474,256,459,454,517,457,509,444,423,259,258,480,486,482,483,506,187,508,359,21,185,24,186,22,184,23,25,360,26,528,498,425,27,29,30,489,322,324,323,388,325,526,510,527,503,499,390,525,490,391,515,321,389,505,504,426,507,434,500,435,497,523,533,529,424,516,524,101,501,511,512,103,514,513,102,519,502,327,330,329,518,521,522,520,326,494,2,328,331,532,493,534,531,535,495,492,530,496,536,491,
402,369,403,404,309,69,241,311,250,254,305,308,310,306,253,304,255,247,252,246,251,410,243,242,249,248,240,245,466,478,244,463,475,368,90,295,419,469,472,307,312,460,417,293,297,298,376,286,421,375,409,281,287,239,300,292,290,299,443,420,338,198,373,214,211,415,418,339,203,209,416,269,157,210,202,398,204,205,201,200,207,208,291,289,288,206,98,212,213,387,50,334,88,385,372,384,383,280,414,178,262,263,393,395,52,49,337,93,272,441,146,48,171,164,332,47,165,381,392,294,41,382,44,285,386,45,397,284,51,396,380,378,379,147,46,278,283,282,270,394,296,145,36,38,224,37,35,39,40,279,66,43,162,42,399,400,156,94,9,230,3,333,77,78,100,440,172,265,199,197,161,107,317,264,261,266,336,160,58,129,126,229,7,236,112,155,340,238,95,237,128,154,119,223,159,273,122,158,8,127,116,193,140,91,118,4,168,6,169,142,120,123,104,132,135,138,97,358,137,136,133,106,124,111,139,108,141,131,113,92,313,117,105,341,411,61,318,319,342,54,274,99,408,315,344,314,62,148,60,320,356,267,316,268,96,18,351,153,121,57,134,413,412,114,130,125,231,115,110,5,56,65,67,72,271,191,87,355,277,89,76,68,17,71,374,370,377,74,275,346,276,371,55,367,152,73,357,109,75,335,59,196,194,343,63,195,220,33,70,215,347,166,64,173,170,34,143,401,354,144,151,149,222,353,406,150,407,405,163,227,221,228,190,226,233,192,82,225,234,235,352,85,84,366,83,53,303,176,232,86,350,365,189,177,345,364,363,302,219,362,167,14,175,81,11,32,13,10,80,174,180,31,181,349,12,348,216,188,218,217,361,183,481,179,301,79,182,427,16,430,487,428,429,0,15,455,445,19,450,1,448,453,260,464,484,446,485,442,432,439,456,479,451,438,431,449,447,467,470,28,452,436,462,465,458,473,461,422,20,476,433,488,257,256,471,474,437,468,459,477,454,517,457,509,423,259,444,258,486,482,480,483,506,187,508,359,21,185,24,184,22,23,186,25,360,26,528,498,425,29,27,30,322,324,489,323,388,325,526,510,527,525,391,390,503,499,490,515,321,504,505,389,507,426,434,500,435,497,523,533,516,529,524,424,101,501,512,103,513,514,102,511,519,502,329,327,518,330,520,326,522,494,521,328,331,2,535,532,530,536,491,534,531,492,495,496,493,
402,369,403,404,309,69,241,311,250,254,305,310,308,306,253,304,255,247,252,246,251,410,243,242,248,249,240,245,466,478,244,463,368,90,475,295,419,469,472,307,312,460,417,293,297,298,376,286,421,409,375,281,287,239,300,292,290,299,443,420,338,198,373,214,211,418,415,339,209,203,416,269,157,210,202,398,204,205,201,200,208,207,291,289,288,98,206,212,213,387,50,334,88,385,372,384,280,383,414,178,263,262,393,395,52,49,337,93,441,272,48,146,171,164,332,47,381,165,392,294,386,41,285,44,382,45,397,51,284,380,379,396,378,147,46,278,283,282,394,270,296,36,145,38,224,35,37,39,279,66,40,43,162,42,399,156,400,94,230,9,3,333,77,78,100,440,172,265,199,197,161,107,317,261,264,266,336,160,129,58,126,229,7,155,112,236,340,237,95,238,128,154,119,223,159,273,158,122,8,127,140,193,116,91,118,4,168,169,6,142,120,123,135,104,138,132,133,97,137,358,136,124,106,139,108,111,131,141,113,92,117,313,341,318,61,411,105,319,274,342,54,99,408,315,344,314,60,148,62,320,268,96,356,316,267,18,351,153,57,134,114,412,413,121,231,125,115,130,5,56,110,72,271,67,191,65,277,87,355,89,76,68,17,370,374,377,71,346,74,275,276,371,367,55,152,73,357,109,335,75,59,196,194,343,195,63,220,215,33,70,166,347,173,64,170,143,34,401,354,144,149,151,353,222,150,407,406,163,405,227,226,192,221,190,233,228,225,82,234,235,352,84,83,85,366,232,303,176,53,350,86,189,177,365,364,345,363,362,302,167,219,81,14,175,11,10,32,13,31,174,80,180,181,349,12,348,218,188,217,216,361,183,179,481,79,301,182,427,16,430,487,428,429,15,0,455,445,19,450,1,448,453,260,446,484,464,442,485,439,432,479,456,431,451,438,447,449,470,467,28,436,452,458,465,462,473,422,461,20,488,433,476,257,474,477,471,459,256,437,468,454,517,457,509,444,259,423,258,486,482,480,483,506,187,508,359,21,185,186,23,22,184,24,25,360,26,528,498,27,30,425,29,324,489,322,325,388,323,510,526,527,390,490,525,391,503,499,515,321,505,389,504,426,507,500,434,435,497,523,529,424,524,516,533,101,501,103,102,514,512,511,513,519,502,329,518,327,330,326,494,521,520,522,2,331,328,534,491,536,532,531,493,495,496,535,530,492,
402,369,403,404,309,69,241,311,250,254,305,310,308,306,253,304,255,247,252,246,251,410,243,242,248,249,240,245,466,478,244,463,475,90,368,295,419,469,472,307,312,460,417,293,298,297,376,286,421,409,375,281,287,239,300,292,290,299,443,420,338,198,373,214,211,415,418,339,203,209,416,269,157,210,202,204,398,205,201,200,208,207,291,289,288,98,206,212,213,50,387,334,88,385,372,384,383,280,414,178,263,262,393,395,52,49,337,93,272,441,146,48,171,164,332,47,165,381,392,294,44,386,41,285,45,382,397,284,51,378,380,379,396,147,46,278,283,282,394,270,296,145,36,38,224,35,37,39,40,279,66,43,162,42,399,156,400,94,230,9,3,333,77,78,100,440,172,265,199,197,161,107,317,264,261,266,336,160,129,58,126,229,7,236,155,112,340,95,238,237,128,119,154,223,159,8,273,122,158,127,116,140,193,91,118,4,168,6,169,142,104,120,138,135,123,132,133,136,97,137,358,106,124,139,108,111,113,141,131,313,117,92,61,318,105,341,411,319,54,274,99,342,408,315,344,314,148,62,60,320,356,267,96,268,316,153,18,351,121,412,134,413,57,114,115,231,125,130,5,56,110,67,72,191,65,271,87,355,277,89,76,68,370,374,377,17,71,346,275,74,371,276,367,55,73,152,357,109,335,75,59,196,194,343,63,195,220,215,70,33,347,166,173,64,170,143,401,34,354,144,151,149,222,353,406,150,407,227,163,405,190,228,192,226,221,233,82,225,235,234,352,84,83,366,85,176,232,53,303,86,350,189,365,177,345,364,302,167,219,362,363,14,81,175,11,32,13,10,80,174,31,180,181,349,12,348,216,217,218,188,361,183,179,481,79,301,182,427,16,430,487,428,429,15,0,455,445,19,450,448,1,453,260,464,446,484,485,442,439,432,479,456,438,451,431,447,449,470,467,28,436,452,458,462,465,473,461,422,20,488,476,433,257,468,459,256,474,437,477,471,454,517,457,509,423,444,259,258,480,486,482,483,506,187,508,359,21,185,23,186,22,184,24,25,360,26,498,528,30,29,27,425,324,322,489,388,325,323,510,526,527,391,490,390,503,499,525,515,321,389,505,504,426,507,434,500,435,497,523,529,524,516,533,424,101,501,102,513,512,511,103,514,519,502,330,327,518,329,326,521,494,520,522,328,331,2,491,535,530,493,492,534,531,536,532,496,495,
402,369,403,404,309,69,241,311,250,254,305,308,310,306,253,304,255,247,252,246,251,410,243,242,249,248,240,245,466,478,244,463,90,368,475,295,419,469,472,307,312,460,417,293,297,298,376,286,421,409,375,281,287,239,300,292,290,299,443,420,338,198,373,214,211,415,418,339,209,203,416,269,157,202,210,204,398,205,201,200,208,207,291,289,288,98,206,212,213,50,387,334,88,385,372,384,383,280,414,178,263,262,393,395,52,49,337,93,272,441,146,48,171,164,332,47,381,165,392,294,45,382,386,41,44,285,51,284,397,380,396,378,379,147,46,278,283,282,270,394,296,36,145,38,224,37,35,39,279,66,40,43,162,42,399,156,400,94,9,230,3,333,77,78,100,440,172,265,199,197,107,161,317,261,264,266,336,58,129,160,126,229,7,236,155,112,340,238,95,237,119,128,154,223,159,8,122,158,273,127,193,116,140,91,118,4,168,6,169,142,104,135,120,123,138,132,136,133,97,137,358,106,124,108,111,139,141,113,131,117,92,313,318,105,341,411,61,319,342,99,274,54,408,315,314,344,60,62,148,320,316,356,268,96,267,351,153,18,121,134,114,413,412,57,231,115,130,125,5,110,56,72,65,67,271,191,277,355,87,89,76,68,377,17,71,374,370,346,74,275,276,371,55,367,73,152,357,109,335,75,59,196,343,194,63,195,220,33,215,70,166,347,64,173,170,401,34,143,354,144,149,151,353,222,406,150,407,405,163,227,192,233,221,228,190,226,82,225,235,234,352,366,83,84,85,303,53,176,232,350,86,365,189,177,345,364,363,302,167,219,362,81,14,175,11,10,32,13,180,31,174,80,349,181,12,348,217,188,216,218,361,183,179,481,301,79,182,427,16,430,487,429,428,0,15,455,445,19,450,448,1,453,260,484,464,446,485,442,439,432,456,479,431,438,451,449,447,470,467,28,452,436,458,462,465,473,422,461,20,488,433,476,257,474,256,468,471,459,437,477,454,517,457,509,444,423,259,258,482,480,486,483,506,187,508,359,21,185,22,186,23,24,184,25,360,26,528,498,30,27,29,425,322,324,489,325,388,323,526,510,527,499,503,390,525,490,391,515,321,389,504,505,426,507,434,500,435,523,497,424,516,524,533,529,501,101,103,511,513,514,102,512,519,502,330,327,518,329,521,522,520,494,326,2,331,328,536,491,493,530,534,532,535,492,496,531,495,
402,369,403,404,309,69,241,311,250,254,305,308,310,306,253,304,255,247,252,246,251,410,243,242,249,248,240,245,466,478,244,463,475,368,90,295,419,469,472,307,312,460,417,293,297,298,376,286,421,409,375,281,287,239,300,292,290,299,443,420,338,198,373,214,211,415,418,339,203,209,416,269,157,210,202,398,204,205,201,200,208,207,291,289,288,98,206,212,213,50,387,334,88,385,372,384,383,280,414,178,262,263,393,395,52,49,337,93,272,441,146,48,171,164,332,47,381,392,165,294,41,44,45,285,382,386,51,284,397,380,378,396,379,147,278,46,283,282,394,270,296,36,145,38,224,35,37,39,279,66,40,43,162,42,399,156,400,94,9,230,3,333,77,78,100,440,172,265,199,197,161,107,317,261,264,266,336,160,129,58,126,229,7,155,236,112,340,95,238,237,128,119,154,223,159,8,158,122,273,127,116,193,140,91,118,168,4,169,6,142,132,135,123,104,138,120,97,137,133,358,136,106,124,139,108,111,131,113,141,92,313,117,61,105,411,341,318,319,99,274,54,342,408,315,344,314,62,60,148,320,268,356,267,96,316,18,153,351,57,412,121,134,114,413,125,115,231,130,5,110,56,271,191,72,67,65,277,87,355,89,76,68,370,374,71,17,377,275,74,346,371,276,55,367,73,152,357,109,75,335,59,196,343,194,63,195,220,215,33,70,347,166,64,173,170,143,34,401,354,144,149,151,353,222,407,150,406,405,163,227,233,228,190,221,226,192,82,225,235,234,352,85,366,83,84,53,232,176,303,86,350,177,365,189,364,345,302,167,363,362,219,175,14,81,11,13,32,10,180,174,80,31,181,349,12,348,217,216,218,188,361,183,179,481,79,301,182,427,16,430,487,429,428,15,0,455,445,19,450,448,1,453,260,484,464,446,442,485,439,432,479,456,431,438,451,449,447,467,470,28,452,436,458,462,465,473,422,461,20,476,433,488,257,474,256,459,477,468,437,471,454,517,457,509,444,423,259,258,482,480,486,483,506,187,508,359,21,185,186,24,23,184,22,25,360,26,498,528,425,29,27,30,489,324,322,323,325,388,510,526,527,525,499,490,503,391,390,515,321,389,505,504,507,426,500,434,435,497,523,516,529,524,424,533,101,501,512,511,103,514,102,513,519,502,518,327,329,330,520,521,326,522,494,328,2,331,532,531,492,491,530,535,534,495,493,536,496,
402,369,403,404,309,69,241,311,250,254,305,310,308,306,253,304,255,247,252,246,251,410,243,242,248,249,240,245,466,478,244,463,475,368,90,295,419,469,472,307,312,460,417,293,298,297,376,286,421,375,409,281,287,239,300,292,290,299,443,420,338,198,373,214,211,418,415,339,209,203,269,416,157,210,202,204,398,205,201,200,208,207,291,289,288,98,206,212,213,387,50,334,88,385,372,384,280,383,414,178,263,262,393,395,52,49,337,93,441,272,146,48,171,164,332,47,165,392,381,294,41,386,44,382,45,285,51,284,397,396,379,380,378,147,278,46,283,282,270,394,296,36,145,38,224,37,35,39,66,40,279,43,162,42,399,400,156,94,230,9,3,333,77,78,100,440,172,265,199,197,107,161,317,261,264,266,336,129,58,160,126,229,7,112,236,155,340,237,238,95,128,154,119,223,159,158,122,273,8,127,193,140,116,91,118,4,168,6,169,142,132,104,123,135,120,138,133,358,136,97,137,106,124,139,111,108,113,141,131,313,117,92,105,318,411,61,341,319,342,54,274,99,408,315,314,344,148,60,62,320,316,96,356,268,267,153,351,18,134,121,57,413,114,412,130,115,125,231,110,56,5,65,72,271,67,191,355,87,277,89,76,68,17,377,374,71,370,346,275,74,276,371,55,367,73,152,357,109,335,75,59,196,194,343,63,195,220,215,33,70,347,166,64,173,170,143,34,401,354,144,149,151,222,353,407,150,406,163,227,405,192,233,221,226,190,228,82,225,234,235,352,84,83,85,366,53,232,176,303,350,86,365,189,177,345,364,302,363,167,219,362,175,14,81,11,32,13,10,174,180,31,80,349,181,12,348,218,216,217,188,361,183,179,481,301,79,182,427,16,430,487,428,429,15,0,455,445,19,450,1,448,453,260,464,484,446,485,442,439,432,456,479,451,431,438,447,449,470,467,28,452,436,465,458,462,473,422,461,20,476,488,433,257,437,477,474,459,471,468,256,454,517,457,509,423,444,259,258,480,486,482,483,506,187,508,359,21,185,184,22,186,24,23,25,360,26,498,528,29,425,30,27,322,489,324,323,325,388,526,510,527,499,490,503,391,390,525,515,321,389,504,505,426,507,434,500,435,497,523,424,533,524,529,516,101,501,511,103,514,512,102,513,519,502,327,330,518,329,326,521,522,520,494,331,2,328,536,530,495,491,532,496,531,534,493,492,535,
402,369,403,404,309,69,241,311,250,254,305,310,308,306,253,304,255,247,252,246,251,410,243,242,248,249,240,245,466,478,244,463,90,475,368,295,419,469,472,307,312,460,417,293,298,297,376,286,421,375,409,281,287,239,300,292,290,299,443,420,338,198,373,214,211,418,415,339,203,209,416,269,157,202,210,204,398,205,201,200,207,208,291,289,288,98,206,212,213,50,387,334,88,385,372,384,280,383,414,178,263,262,393,395,52,49,337,93,272,441,48,146,171,164,332,47,392,381,165,294,44,41,382,285,386,45,397,284,51,396,378,380,379,147,278,46,283,282,394,270,296,145,36,38,224,35,37,39,66,279,40,43,162,42,399,400,156,94,9,230,3,333,77,78,100,440,172,265,199,197,161,107,317,264,261,266,336,129,58,160,126,229,7,155,112,236,340,95,238,237,128,154,119,223,159,273,158,8,122,127,193,140,116,91,118,4,168,6,169,142,132,123,138,135,104,120,97,136,358,133,137,106,124,111,139,108,141,131,113,92,313,117,411,318,61,341,105,319,99,342,274,54,315,408,314,344,62,60,148,320,316,268,356,96,267,153,18,351,121,57,413,114,412,134,125,130,231,115,56,110,5,65,271,72,191,67,87,355,277,89,68,76,374,377,71,370,17,275,74,346,276,371,55,367,73,152,357,109,75,335,59,196,343,194,63,195,220,70,215,33,166,347,64,173,170,401,143,34,354,144,151,149,222,353,407,406,150,227,163,405,228,226,190,233,221,192,82,225,235,234,352,83,84,366,85,303,176,232,53,350,86,189,365,177,345,364,363,362,302,167,219,81,14,175,11,13,32,10,180,174,31,80,181,349,348,12,188,218,217,216,361,183,179,481,301,79,182,427,16,430,487,428,429,15,0,455,445,19,450,448,1,453,260,446,464,484,442,485,432,439,456,479,438,431,451,449,447,470,467,28,452,436,462,458,465,473,461,422,20,476,433,488,257,437,474,459,471,468,256,477,454,517,457,509,259,423,444,258,486,482,480,483,506,187,508,359,21,185,23,22,186,184,24,25,360,26,498,528,29,27,30,425,489,324,322,323,325,388,526,510,527,499,525,390,503,391,490,515,321,504,505,389,426,507,434,500,435,523,497,516,529,524,424,533,101,501,512,514,513,102,103,511,519,502,518,330,327,329,494,522,521,326,520,328,2,331,531,535,496,534,532,536,495,492,493,530,491,
402,369,403,404,309,69,241,311,250,254,305,310,308,306,253,304,255,247,252,246,251,410,243,242,249,248,240,245,466,478,244,463,368,475,90,295,419,469,472,307,312,460,417,293,297,298,376,286,421,375,409,281,287,239,300,292,290,299,443,420,338,198,373,214,211,418,415,339,209,203,416,269,157,202,210,204,398,205,201,200,207,208,291,289,288,206,98,212,213,50,387,334,88,385,372,384,280,383,414,178,262,263,393,395,52,49,337,93,441,272,48,146,171,164,332,47,381,165,392,294,41,386,285,44,45,382,51,397,284,378,380,396,379,147,278,46,283,282,394,270,296,145,36,38,224,37,35,39,40,66,279,43,162,42,399,400,156,94,9,230,3,333,77,100,78,440,172,265,199,197,161,107,317,261,264,266,336,160,129,58,126,229,7,112,236,155,340,95,238,237,128,154,119,223,159,273,158,8,122,127,116,140,193,91,118,4,168,6,169,142,104,120,135,132,123,138,137,358,133,136,97,124,106,108,139,111,131,141,113,117,313,92,341,318,411,105,61,319,54,274,99,342,315,408,314,344,60,148,62,320,268,267,316,96,356,18,153,351,114,121,412,57,134,413,231,130,115,125,110,5,56,65,72,67,191,271,355,277,87,89,76,68,374,377,17,370,71,74,346,275,276,371,55,367,152,73,357,109,335,75,59,196,343,194,195,63,220,215,70,33,166,347,64,173,170,34,143,401,354,144,151,149,222,353,150,406,407,163,227,405,221,228,226,190,233,192,225,82,235,234,352,84,83,85,366,303,232,176,53,86,350,189,365,177,364,345,302,362,363,219,167,175,14,81,11,10,32,13,180,174,31,80,349,181,348,12,188,218,217,216,361,183,481,179,301,79,182,427,16,430,487,428,429,0,15,455,445,19,450,1,448,453,260,446,484,464,485,442,432,439,479,456,438,431,451,449,447,470,467,28,436,452,465,462,458,473,461,422,20,488,433,476,257,437,474,256,477,471,468,459,454,517,457,509,423,259,444,258,480,482,486,483,506,187,508,359,21,185,24,22,23,184,186,25,360,26,498,528,425,27,29,30,322,489,324,388,325,323,510,526,527,503,490,391,390,499,525,515,321,505,504,389,426,507,500,434,435,497,523,516,529,524,533,424,101,501,103,102,511,512,514,513,519,502,327,329,518,330,326,522,494,521,520,2,331,328,532,531,536,535,493,495,491,496,530,534,492,
402,369,403,404,309,69,241,311,250,254,305,308,310,306,253,304,255,247,252,246,251,410,243,242,248,249,240,245,466,478,244,463,475,368,90,295,419,469,472,307,312,460,417,293,297,298,376,286,421,409,375,281,287,239,300,292,290,299,443,420,338,198,373,214,211,418,415,339,209,203,269,416,157,202,210,398,204,205,201,200,207,208,291,289,288,206,98,212,213,387,50,334,88,385,372,384,383,280,414,178,262,263,393,395,52,49,337,93,272,441,146,48,171,164,332,47,165,381,392,294,41,45,382,285,386,44,284,397,51,396,378,380,379,147,278,46,283,282,270,394,296,145,36,38,224,35,37,39,40,279,66,43,162,42,399,156,400,94,230,9,3,333,77,100,78,440,172,265,199,197,107,161,317,264,261,266,336,129,58,160,126,229,7,236,155,112,340,238,95,237,128,154,119,223,159,273,8,122,158,127,116,140,193,91,118,4,168,169,6,142,123,132,138,135,120,104,97,358,136,137,133,106,124,108,111,139,113,131,141,92,313,117,105,61,341,411,318,319,54,99,342,274,315,408,344,314,60,62,148,320,96,268,267,356,316,153,18,351,121,134,57,114,412,413,115,125,231,130,110,56,5,72,67,271,191,65,277,87,355,89,76,68,17,377,374,71,370,275,346,74,276,371,55,367,152,73,357,109,75,335,59,196,194,343,195,63,220,215,33,70,347,166,64,173,170,401,34,143,354,144,151,149,222,353,150,407,406,227,405,163,221,233,192,190,228,226,225,82,234,235,352,83,366,84,85,303,232,176,53,350,86,365,189,177,345,364,302,363,362,167,219,175,81,14,11,13,10,32,80,180,31,174,349,181,12,348,188,217,216,218,361,183,179,481,301,79,182,427,16,430,487,429,428,15,0,455,445,19,450,1,448,260,453,464,446,484,442,485,432,439,456,479,451,438,431,449,447,470,467,28,436,452,462,458,465,473,461,422,20,433,488,476,257,471,477,459,474,437,468,256,454,517,457,509,259,423,444,258,486,482,480,483,506,187,508,359,21,185,184,23,186,22,24,25,360,26,528,498,425,30,27,29,324,489,322,388,323,325,510,526,527,490,390,503,391,525,499,515,321,504,389,505,507,426,434,500,435,523,497,529,524,533,424,516,501,101,103,102,512,513,514,511,519,502,330,518,327,329,520,522,326,521,494,2,331,328,535,531,536,532,530,492,493,491,495,496,534,
402,369,403,404,309,69,241,311,250,254,305,308,310,306,253,304,255,247,252,246,251,410,243,242,249,248,240,245,466,478,244,463,90,368,475,295,419,469,472,307,312,460,417,293,298,297,376,286,421,409,375,281,287,239,300,292,290,299,443,420,338,198,373,214,211,415,418,339,203,209,416,269,157,202,210,204,398,205,201,200,207,208,291,289,288,98,206,212,213,50,387,334,88,385,372,384,383,280,414,178,263,262,393,395,52,49,337,93,272,441,48,146,171,164,332,47,381,165,392,294,45,382,44,285,41,386,51,284,397,379,380,396,378,147,46,278,283,282,394,270,296,36,145,38,224,35,37,39,279,66,40,43,162,42,399,156,400,94,230,9,3,333,77,78,100,440,172,265,199,197,161,107,317,261,264,266,336,129,160,58,126,229,7,112,155,236,340,95,238,237,128,119,154,223,159,122,158,273,8,127,116,140,193,91,118,168,4,6,169,142,135,104,120,138,132,123,358,97,136,133,137,106,124,108,139,111,131,141,113,313,117,92,105,341,318,61,411,319,99,274,342,54,315,408,314,344,62,148,60,320,356,316,96,267,268,18,351,153,121,114,412,57,413,134,231,125,130,115,56,5,110,67,191,271,72,65,87,277,355,89,68,76,370,71,17,374,377,74,346,275,371,276,367,55,73,152,357,109,75,335,59,196,343,194,195,63,220,215,33,70,347,166,173,64,170,401,143,34,354,144,149,151,353,222,407,406,150,163,227,405,190,226,233,228,192,221,82,225,235,234,352,84,83,366,85,176,232,303,53,350,86,365,177,189,345,364,302,219,167,362,363,14,175,81,11,13,10,32,31,80,174,180,349,181,348,12,188,218,217,216,361,183,179,481,301,79,182,427,16,430,487,429,428,0,15,455,445,19,450,448,1,453,260,446,464,484,442,485,432,439,456,479,438,431,451,449,447,470,467,28,452,436,458,465,462,473,422,461,20,433,488,476,257,256,477,471,474,437,459,468,454,517,457,509,259,423,444,258,480,486,482,483,506,187,508,359,21,185,186,22,184,23,24,25,360,26,528,498,29,30,425,27,489,322,324,323,325,388,526,510,527,390,490,503,391,499,525,515,321,505,504,389,507,426,434,500,435,523,497,533,424,516,529,524,101,501,512,103,514,513,102,511,519,502,327,518,330,329,326,522,521,494,520,328,2,331,534,536,491,492,535,493,496,532,531,530,495,
402,369,403,404,309,69,241,311,250,254,305,310,308,306,253,304,255,247,252,246,251,410,243,242,248,249,240,245,466,478,244,463,368,90,475,295,419,469,472,307,312,460,417,293,297,298,376,286,421,375,409,281,287,239,300,292,290,299,443,420,338,198,373,214,211,418,415,339,203,209,416,269,157,202,210,204,398,205,201,200,207,208,291,289,288,206,98,212,213,50,387,334,88,385,372,384,280,383,414,178,263,262,393,395,52,49,337,93,272,441,48,146,171,164,332,47,165,381,392,294,386,285,44,45,41,382,284,51,397,378,380,396,379,147,46,278,283,282,394,270,296,36,145,38,224,37,35,39,40,279,66,43,162,42,399,156,400,94,230,9,3,333,77,78,100,440,172,265,199,197,107,161,317,264,261,266,336,160,129,58,126,229,7,112,155,236,340,95,238,237,128,154,119,223,159,273,8,158,122,127,193,140,116,91,118,168,4,6,169,142,104,123,120,138,132,135,136,358,97,133,137,124,106,108,139,111,141,113,131,117,313,92,411,318,341,105,61,319,342,54,274,99,315,408,314,344,148,60,62,320,96,316,267,356,268,351,153,18,57,412,114,121,413,134,130,125,231,115,5,56,110,72,67,65,191,271,355,87,277,89,68,76,370,374,377,71,17,346,74,275,276,371,367,55,152,73,357,109,75,335,59,196,194,343,63,195,220,215,33,70,347,166,64,173,170,34,143,401,354,144,149,151,222,353,406,407,150,227,163,405,228,233,192,190,221,226,225,82,235,234,352,84,366,83,85,53,303,232,176,86,350,365,177,189,345,364,363,167,362,219,302,81,14,175,11,32,10,13,80,180,31,174,349,181,12,348,188,217,218,216,361,183,481,179,79,301,182,427,16,430,487,429,428,15,0,455,445,19,450,1,448,260,453,484,464,446,485,442,432,439,479,456,438,451,431,449,447,470,467,28,452,436,458,462,465,473,461,422,20,476,433,488,257,256,474,459,471,437,468,477,454,517,457,509,259,444,423,258,486,480,482,483,506,187,508,359,21,185,23,22,186,184,24,25,360,26,528,498,27,29,425,30,489,324,322,388,325,323,510,526,527,525,390,391,490,499,503,515,321,504,505,389,426,507,500,434,435,523,497,529,533,424,524,516,501,101,511,102,513,512,514,103,519,502,329,327,330,518,494,522,521,326,520,331,2,328,493,496,491,536,530,531,492,535,534,495,532,
402,369,403,404,309,69,241,311,250,254,305,310,308,306,253,304,255,247,252,246,251,410,243,242,249,248,240,245,466,478,244,463,90,475,368,295,419,469,472,307,312,460,417,293,297,298,376,286,421,375,409,281,287,239,300,292,290,299,443,420,338,198,373,214,211,418,415,339,209,203,269,416,157,202,210,398,204,205,201,200,208,207,291,289,288,98,206,212,213,50,387,334,88,385,372,384,383,280,414,178,263,262,393,395,52,49,337,93,272,441,48,146,171,164,332,47,165,392,381,294,285,41,45,44,382,386,51,284,397,396,379,378,380,147,278,46,283,282,270,394,296,145,36,38,224,35,37,39,279,66,40,43,162,42,399,400,156,94,9,230,3,333,77,100,78,440,172,265,199,197,107,161,317,261,264,266,336,129,160,58,126,229,7,112,155,236,340,95,237,238,128,119,154,223,159,122,158,273,8,127,116,193,140,91,118,168,4,169,6,142,135,123,132,120,138,104,137,136,358,133,97,106,124,111,108,139,131,113,141,313,92,117,318,105,411,341,61,319,274,99,54,342,315,408,344,314,60,148,62,320,356,267,316,96,268,153,351,18,413,114,412,57,121,134,231,115,130,125,5,110,56,67,191,271,72,65,277,87,355,89,68,76,17,377,374,71,370,74,346,275,276,371,55,367,73,152,357,109,335,75,59,196,343,194,195,63,220,215,33,70,166,347,173,64,170,143,401,34,354,144,151,149,353,222,406,407,150,163,405,227,233,228,190,221,192,226,225,82,235,234,352,84,366,83,85,232,303,176,53,350,86,365,177,189,364,345,363,219,362,302,167,14,175,81,11,32,10,13,31,80,174,180,349,181,12,348,216,217,188,218,361,183,179,481,79,301,182,427,16,430,487,429,428,15,0,455,445,19,450,1,448,453,260,446,464,484,442,485,432,439,479,456,451,438,431,449,447,467,470,28,436,452,458,465,462,473,461,422,20,476,433,488,257,437,477,459,474,468,256,471,454,517,457,509,423,259,444,258,482,480,486,483,506,187,508,359,21,185,186,184,24,23,22,25,360,26,528,498,27,425,29,30,489,324,322,325,388,323,526,510,527,499,490,390,525,503,391,515,321,504,505,389,507,426,500,434,435,497,523,516,533,424,529,524,101,501,512,511,102,103,514,513,519,502,330,327,329,518,521,326,520,494,522,2,328,331,491,495,534,530,535,531,492,532,536,493,496,
402,369,403,404,309,69,241,311,250,254,305,308,310,306,253,304,255,247,252,246,251,410,243,242,249,248,240,245,466,478,244,463,475,368,90,295,419,469,472,307,312,460,417,293,297,298,376,286,421,375,409,281,287,239,300,292,290,299,443,420,338,198,373,214,211,418,415,339,209,203,416,269,157,202,210,398,204,205,201,200,208,207,291,289,288,206,98,212,213,387,50,334,88,385,372,384,280,383,414,178,263,262,393,395,52,49,337,93,272,441,48,146,171,164,332,47,165,381,392,294,41,44,285,386,382,45,397,51,284,380,378,379,396,147,46,278,283,282,270,394,296,36,145,38,224,37,35,39,279,40,66,43,162,42,399,400,156,94,230,9,3,333,77,100,78,440,172,265,199,197,107,161,317,261,264,266,336,58,160,129,126,229,7,155,112,236,340,237,238,95,154,128,119,223,159,273,158,122,8,127,193,140,116,91,118,4,168,6,169,142,132,138,135,120,123,104,358,136,133,137,97,124,106,108,111,139,141,131,113,313,92,117,341,61,105,318,411,319,54,99,274,342,315,408,344,314,62,148,60,320,356,268,316,267,96,351,18,153,413,412,57,121,114,134,125,115,130,231,5,56,110,67,72,191,271,65,277,355,87,89,68,76,17,71,377,374,370,275,346,74,371,276,55,367,73,152,357,109,75,335,59,196,194,343,63,195,220,70,215,33,166,347,173,64,170,401,143,34,354,144,149,151,353,222,150,406,407,405,227,163,192,190,233,221,226,228,225,82,235,234,352,366,83,85,84,232,303,53,176,86,350,365,189,177,364,345,363,219,362,167,302,14,175,81,11,10,13,32,80,31,180,174,181,349,348,12,218,216,188,217,361,183,481,179,301,79,182,427,16,430,487,428,429,15,0,455,445,450,19,448,1,260,453,446,484,464,442,485,432,439,479,456,431,451,438,449,447,470,467,28,436,452,465,462,458,473,461,422,20,488,476,433,257,459,468,471,477,474,256,437,454,517,457,509,259,444,423,258,486,482,480,483,506,187,508,359,21,185,186,24,23,184,22,25,360,26,528,498,29,425,27,30,322,324,489,325,388,323,526,510,527,390,525,503,490,391,499,515,321,505,504,389,507,426,434,500,435,523,497,533,424,516,524,529,101,501,512,514,102,513,103,511,519,502,518,330,327,329,326,520,521,494,522,328,2,331,530,536,534,491,535,492,532,495,493,531,496,
402,369,403,404,309,69,241,311,250,254,305,310,308,306,253,304,255,247,252,246,251,410,243,242,249,248,240,245,466,478,244,463,475,368,90,295,419,469,472,307,312,460,417,293,298,297,376,286,421,375,409,281,287,239,300,292,290,299,443,420,338,198,373,214,211,418,415,339,203,209,416,269,157,202,210,204,398,205,201,200,207,208,291,289,288,98,206,212,213,387,50,334,88,385,372,384,383,280,414,178,262,263,393,395,52,49,337,93,272,441,48,146,171,164,332,47,165,392,381,294,382,44,285,41,386,45,51,397,284,380,379,396,378,147,46,278,283,282,270,394,296,145,36,38,224,37,35,39,66,40,279,43,162,42,399,400,156,94,9,230,3,333,77,78,100,440,172,265,199,197,161,107,317,261,264,266,336,58,160,129,126,229,7,236,112,155,340,238,237,95,128,154,119,223,159,158,8,122,273,127,193,140,116,91,118,168,4,6,169,142,135,132,120,104,123,138,358,136,137,97,133,124,106,139,108,111,113,131,141,313,92,117,105,411,61,341,318,319,342,99,54,274,408,315,314,344,60,62,148,320,356,316,268,267,96,351,18,153,413,57,114,134,121,412,115,125,231,130,56,5,110,191,271,67,72,65,277,355,87,89,68,76,374,71,377,17,370,346,74,275,371,276,367,55,73,152,357,109,75,335,59,196,343,194,195,63,220,33,215,70,347,166,173,64,170,143,34,401,354,144,149,151,222,353,406,407,150,405,163,227,233,192,190,221,228,226,82,225,235,234,352,366,84,83,85,303,232,53,176,86,350,365,177,189,345,364,363,219,167,362,302,81,175,14,11,10,32,13,80,180,31,174,181,349,348,12,218,188,217,216,361,183,481,179,301,79,182,427,16,430,487,428,429,0,15,455,445,450,19,1,448,453,260,446,484,464,442,485,439,432,479,456,431,438,451,449,447,470,467,28,436,452,462,465,458,473,461,422,20,433,488,476,257,468,471,477,459,256,437,474,454,517,457,509,423,259,444,258,480,486,482,483,506,187,508,359,21,185,23,186,22,24,184,25,360,26,528,498,27,425,30,29,322,489,324,325,323,388,510,526,527,525,499,391,490,390,503,515,321,504,505,389,507,426,434,500,435,497,523,533,424,516,524,529,501,101,103,102,514,513,511,512,519,502,327,329,518,330,326,522,520,494,521,328,331,2,496,492,532,531,535,493,495,534,491,536,530,
402,369,403,404,309,69,241,311,250,254,305,310,308,306,253,304,255,247,252,246,251,410,243,242,248,249,240,245,466,478,244,463,475,368,90,295,419,469,472,307,312,460,417,293,298,297,376,286,421,375,409,281,287,239,300,292,290,299,443,420,338,198,373,214,211,418,415,339,203,209,416,269,157,202,210,398,204,205,201,200,208,207,291,289,288,206,98,212,213,387,50,334,88,385,372,384,383,280,414,178,262,263,393,395,52,49,337,93,441,272,48,146,171,164,332,47,392,381,165,294,382,285,44,41,45,386,51,397,284,379,380,378,396,147,46,278,283,282,270,394,296,36,145,38,224,37,35,39,40,279,66,43,162,42,399,156,400,94,9,230,3,333,77,78,100,440,172,265,199,197,161,107,317,264,261,266,336,58,160,129,126,229,7,155,112,236,340,95,238,237,119,154,128,223,159,8,158,122,273,127,193,116,140,91,118,4,168,6,169,142,135,104,132,120,138,123,137,97,133,136,358,106,124,111,108,139,113,141,131,92,313,117,341,61,105,318,411,319,99,342,54,274,315,408,344,314,62,60,148,320,268,96,316,267,356,18,351,153,412,57,134,413,121,114,125,115,231,130,56,110,5,72,65,271,191,67,355,87,277,89,76,68,71,374,377,17,370,275,346,74,276,371,55,367,73,152,357,109,335,75,59,196,343,194,63,195,220,33,215,70,166,347,173,64,170,401,143,34,354,144,149,151,222,353,407,406,150,227,163,405,226,192,221,228,233,190,82,225,235,234,352,83,85,84,366,176,303,53,232,86,350,177,189,365,364,345,302,363,362,167,219,81,175,14,11,32,13,10,180,174,80,31,349,181,348,12,216,217,218,188,361,183,481,179,79,301,182,427,16,430,487,429,428,15,0,455,445,19,450,1,448,260,453,446,464,484,442,485,432,439,479,456,451,438,431,449,447,467,470,28,452,436,465,458,462,473,422,461,20,476,488,433,257,468,459,477,256,437,471,474,454,517,457,509,423,444,259,258,480,482,486,483,506,187,508,359,21,185,23,186,24,184,22,25,360,26,528,498,425,27,30,29,489,322,324,388,325,323,526,510,527,499,390,490,525,391,503,515,321,389,504,505,426,507,434,500,435,523,497,424,529,524,516,533,501,101,511,512,514,103,102,513,519,502,327,330,518,329,326,522,521,520,494,2,331,328,532,491,493,495,492,536,534,530,531,496,535,
402,369,403,404,309,69,241,311,250,254,305,310,308,306,253,304,255,247,252,246,251,410,243,242,249,248,240,245,466,478,244,463,475,90,368,295,419,469,472,307,312,460,417,293,298,297,376,286,421,409,375,281,287,239,300,292,290,299,443,420,338,198,373,214,211,415,418,339,209,203,269,416,157,202,210,398,204,205,201,200,207,208,291,289,288,98,206,212,213,387,50,334,88,385,372,384,280,383,414,178,262,263,393,395,52,49,337,93,272,441,48,146,171,164,332,47,165,381,392,294,41,382,45,285,44,386,51,397,284,379,396,380,378,147,278,46,283,282,270,394,296,145,36,38,224,37,35,39,40,279,66,43,162,42,399,400,156,94,230,9,3,333,77,100,78,440,172,265,199,197,107,161,317,264,261,266,336,58,129,160,126,229,7,112,236,155,340,95,237,238,128,154,119,223,159,158,273,122,8,127,140,116,193,91,118,4,168,169,6,142,123,104,120,132,138,135,358,133,137,97,136,106,124,111,139,108,141,113,131,92,117,313,341,318,411,61,105,319,54,99,274,342,315,408,344,314,148,60,62,320,316,267,356,268,96,18,351,153,412,57,121,413,114,134,125,231,115,130,5,110,56,72,65,67,191,271,87,277,355,89,76,68,374,17,370,377,71,346,275,74,371,276,55,367,73,152,357,109,335,75,59,196,343,194,195,63,220,70,215,33,347,166,173,64,170,143,401,34,354,144,151,149,353,222,406,150,407,405,227,163,233,190,221,226,228,192,225,82,234,235,352,84,85,83,366,303,176,53,232,86,350,365,189,177,364,345,302,219,363,167,362,14,81,175,11,32,13,10,80,174,180,31,349,181,12,348,216,188,218,217,361,183,481,179,301,79,182,427,16,430,487,429,428,15,0,455,445,19,450,448,1,453,260,464,484,446,442,485,432,439,456,479,451,438,431,447,449,467,470,28,436,452,462,458,465,473,461,422,20,476,433,488,257,468,477,256,459,474,471,437,454,517,457,509,423,444,259,258,482,486,480,483,506,187,508,359,21,185,186,22,23,184,24,25,360,26,498,528,30,27,29,425,324,489,322,323,325,388,526,510,527,390,499,503,391,525,490,515,321,389,504,505,426,507,500,434,435,523,497,524,533,516,529,424,501,101,511,103,512,102,513,514,519,502,327,329,330,518,326,520,494,521,522,328,2,331,493,492,496,495,534,491,536,530,532,535,531,
402,369,403,404,309,69,241,311,250,254,305,308,310,306,253,304,255,247,252,246,251,410,243,242,249,248,240,245,466,478,244,463,90,368,475,295,419,469,472,307,312,460,417,293,298,297,376,286,421,409,375,281,287,239,300,292,290,299,443,420,338,198,373,214,211,415,418,339,203,209,269,416,157,202,210,398,204,205,201,200,208,207,291,289,288,206,98,212,213,50,387,334,88,385,372,384,383,280,414,178,263,262,393,395,52,49,337,93,441,272,48,146,171,164,332,47,165,381,392,294,44,41,386,45,382,285,397,284,51,380,379,396,378,147,278,46,283,282,270,394,296,36,145,38,224,37,35,39,66,279,40,43,162,42,399,400,156,94,9,230,3,333,77,78,100,440,172,265,199,197,161,107,317,264,261,266,336,58,129,160,126,229,7,112,236,155,340,95,238,237,154,119,128,223,159,158,122,8,273,127,193,116,140,91,118,168,4,6,169,142,120,138,123,132,104,135,358,136,97,133,137,124,106,108,111,139,131,141,113,313,117,92,341,105,61,318,411,319,99,274,54,342,408,315,314,344,62,60,148,320,267,96,316,356,268,153,351,18,121,134,413,57,412,114,125,130,231,115,56,110,5,191,67,65,271,72,355,87,277,89,68,76,374,71,370,17,377,275,346,74,276,371,367,55,152,73,357,109,335,75,59,196,343,194,195,63,220,215,70,33,347,166,64,173,170,143,401,34,354,144,149,151,353,222,406,407,150,163,227,405,192,233,190,226,221,228,82,225,234,235,352,83,85,84,366,53,232,303,176,86,350,189,177,365,345,364,302,362,167,219,363,14,81,175,11,13,10,32,174,31,180,80,181,349,12,348,218,188,217,216,361,183,179,481,301,79,182,427,16,430,487,429,428,15,0,455,445,19,450,1,448,453,260,464,446,484,442,485,439,432,456,479,431,438,451,447,449,470,467,28,436,452,462,465,458,473,461,422,20,433,488,476,257,468,256,471,459,474,477,437,454,517,457,509,444,259,423,258,486,482,480,483,506,187,508,359,21,185,184,22,24,23,186,25,360,26,528,498,30,27,29,425,322,489,324,323,325,388,526,510,527,391,490,390,503,525,499,515,321,504,389,505,507,426,500,434,435,497,523,524,424,516,529,533,101,501,513,512,102,514,103,511,519,502,327,330,329,518,326,521,522,520,494,331,2,328,495,535,493,531,530,536,496,491,492,532,534,
402,369,403,404,309,69,241,311,250,254,305,308,310,306,253,304,255,247,252,246,251,410,243,242,249,248,240,245,466,478,244,463,90,368,475,295,419,469,472,307,312,460,417,293,298,297,376,286,421,375,409,281,287,239,300,292,290,299,443,420,338,198,373,214,211,415,418,339,209,203,269,416,157,202,210,398,204,205,201,200,207,208,291,289,288,206,98,212,213,50,387,334,88,385,372,384,280,383,414,178,263,262,393,395,52,49,337,93,272,441,146,48,171,164,332,47,392,165,381,294,41,382,45,285,44,386,284,51,397,380,379,378,396,147,278,46,283,282,270,394,296,36,145,38,224,35,37,39,66,40,279,43,162,42,399,400,156,94,9,230,3,333,77,100,78,440,172,265,199,197,161,107,317,261,264,266,336,160,129,58,126,229,7,112,155,236,340,238,237,95,119,128,154,223,159,158,273,122,8,127,116,140,193,91,118,168,4,169,6,142,138,104,132,123,135,120,133,137,97,136,358,124,106,111,139,108,131,141,113,313,92,117,341,411,318,105,61,319,342,274,99,54,315,408,314,344,148,62,60,320,267,356,96,316,268,351,153,18,121,134,413,57,114,412,125,130,231,115,110,5,56,72,65,67,191,271,87,355,277,89,68,76,71,17,377,374,370,74,275,346,371,276,55,367,152,73,357,109,75,335,59,196,343,194,63,195,220,215,70,33,166,347,173,64,170,401,34,143,354,144,151,149,222,353,150,407,406,227,405,163,221,190,228,233,226,192,82,225,234,235,352,366,85,84,83,176,53,303,232,350,86,189,177,365,345,364,302,167,362,363,219,81,175,14,11,32,10,13,31,180,80,174,349,181,12,348,188,218,217,216,361,183,179,481,79,301,182,427,16,430,487,429,428,0,15,455,445,450,19,1,448,453,260,446,484,464,485,442,439,432,479,456,451,431,438,449,447,467,470,28,452,436,465,458,462,473,422,461,20,488,476,433,257,474,468,459,256,471,437,477,454,517,457,509,444,259,423,258,486,482,480,483,506,187,508,359,21,185,184,22,23,24,186,25,360,26,498,528,27,30,425,29,322,489,324,323,325,388,526,510,527,390,391,525,499,503,490,515,321,389,504,505,507,426,500,434,435,523,497,516,524,533,424,529,501,101,103,512,102,511,514,513,519,502,330,518,327,329,521,520,326,522,494,2,331,328,491,495,535,531,530,536,496,492,534,532,493,
402,369,403,404,309,69,241,311,250,254,305,308,310,306,253,304,255,247,252,246,251,410,243,242,248,249,240,245,466,478,244,463,368,90,475,295,419,469,472,307,312,460,417,293,298,297,376,286,421,375,409,281,287,239,300,292,290,299,443,420,338,198,373,214,211,418,415,339,203,209,416,269,157,210,202,204,398,205,201,200,207,208,291,289,288,98,206,212,213,50,387,334,88,385,372,384,280,383,414,178,262,263,393,395,52,49,337,93,272,441,48,146,171,164,332,47,392,381,165,294,285,382,44,41,386,45,284,397,51,379,380,378,396,147,46,278,283,282,270,394,296,145,36,38,224,37,35,39,40,66,279,43,162,42,399,400,156,94,230,9,3,333,77,78,100,440,172,265,199,197,107,161,317,261,264,266,336,160,129,58,126,229,7,236,112,155,340,95,237,238,154,128,119,223,159,158,122,8,273,127,193,116,140,91,118,4,168,169,6,142,123,132,135,138,120,104,133,358,136,97,137,106,124,111,139,108,113,141,131,117,92,313,105,411,318,341,61,319,54,274,342,99,408,315,314,344,62,148,60,320,96,316,267,268,356,153,18,351,134,413,114,412,121,57,125,130,231,115,5,110,56,271,72,65,67,191,277,87,355,89,76,68,71,377,17,374,370,346,275,74,276,371,367,55,73,152,357,109,335,75,59,196,194,343,195,63,220,215,70,33,347,166,173,64,170,401,143,34,354,144,149,151,222,353,407,406,150,163,405,227,192,228,190,221,233,226,225,82,234,235,352,83,85,84,366,303,176,232,53,350,86,177,365,189,364,345,362,302,167,363,219,81,175,14,11,32,13,10,180,31,80,174,349,181,348,12,188,217,216,218,361,183,481,179,79,301,182,427,16,430,487,429,428,15,0,455,445,450,19,1,448,260,453,484,464,446,442,485,439,432,479,456,438,451,431,447,449,467,470,28,436,452,462,465,458,473,461,422,20,433,488,476,257,468,459,471,256,437,477,474,454,517,457,509,423,259,444,258,482,486,480,483,506,187,508,359,21,185,22,23,184,24,186,25,360,26,498,528,29,30,27,425,324,489,322,325,388,323,526,510,527,499,390,391,490,503,525,515,321,504,505,389,426,507,434,500,435,523,497,529,516,424,524,533,101,501,513,514,103,512,511,102,519,502,330,327,329,518,521,520,326,494,522,328,2,331,536,532,495,530,491,493,496,535,534,492,531,
402,369,403,404,309,69,241,311,250,254,305,310,308,306,253,304,255,247,252,246,251,410,243,242,249,248,240,245,466,478,244,463,368,475,90,295,419,469,472,307,312,460,417,293,297,298,376,286,421,375,409,281,287,239,300,292,290,299,443,420,338,198,373,214,211,418,415,339,203,209,269,416,157,202,210,204,398,205,201,200,208,207,291,289,288,98,206,212,213,50,387,334,88,385,372,384,280,383,414,178,263,262,393,395,52,49,337,93,272,441,146,48,171,164,332,47,392,165,381,294,386,285,41,44,45,382,51,397,284,380,379,396,378,147,46,278,283,282,270,394,296,145,36,38,224,37,35,39,279,40,66,43,162,42,399,400,156,94,9,230,3,333,77,100,78,440,172,265,199,197,161,107,317,261,264,266,336,160,129,58,126,229,7,112,155,236,340,237,95,238,128,154,119,223,159,273,158,122,8,127,140,193,116,91,118,4,168,6,169,142,135,123,120,104,138,132,137,133,136,358,97,124,106,111,108,139,131,113,141,92,313,117,318,341,61,105,411,319,54,274,342,99,315,408,344,314,60,148,62,320,267,316,268,96,356,351,18,153,121,114,412,57,134,413,130,115,125,231,56,110,5,65,67,271,191,72,355,277,87,89,76,68,71,374,370,17,377,275,346,74,276,371,55,367,152,73,357,109,335,75,59,196,343,194,63,195,220,70,215,33,166,347,64,173,170,34,143,401,354,144,151,149,222,353,407,406,150,227,405,163,221,192,190,228,233,226,225,82,235,234,352,366,85,84,83,303,53,232,176,86,350,177,189,365,364,345,219,302,167,363,362,81,175,14,11,10,32,13,31,80,174,180,349,181,12,348,216,217,188,218,361,183,481,179,79,301,182,427,16,430,487,429,428,15,0,455,445,450,19,1,448,453,260,464,446,484,442,485,432,439,479,456,451,438,431,447,449,470,467,28,452,436,465,458,462,473,461,422,20,488,476,433,257,477,459,468,437,474,256,471,454,517,457,509,444,423,259,258,480,482,486,483,506,187,508,359,21,185,186,22,184,23,24,25,360,26,528,498,27,29,30,425,489,324,322,325,323,388,526,510,527,490,499,390,503,525,391,515,321,505,504,389,507,426,434,500,435,523,497,529,524,533,424,516,101,501,514,102,512,511,103,513,519,502,327,329,330,518,522,521,326,520,494,2,328,331,496,495,491,493,534,492,535,532,536,531,530,
402,369,403,404,309,69,241,311,250,254,305,308,310,306,253,304,255,247,252,246,251,410,243,242,248,249,240,245,466,478,244,463,475,90,368,295,419,469,472,307,312,460,417,293,298,297,376,286,421,409,375,281,287,239,300,292,290,299,443,420,338,198,373,214,211,415,418,339,209,203,416,269,157,210,202,398,204,205,201,200,207,208,291,289,288,206,98,212,213,387,50,334,88,385,372,384,280,383,414,178,262,263,393,395,52,49,337,93,441,272,48,146,171,164,332,47,392,165,381,294,41,285,45,44,382,386,284,51,397,396,378,380,379,147,46,278,283,282,270,394,296,145,36,38,224,37,35,39,279,40,66,43,162,42,399,400,156,94,9,230,3,333,77,78,100,440,172,265,199,197,107,161,317,264,261,266,336,129,160,58,126,229,7,112,155,236,340,237,238,95,154,128,119,223,159,158,122,273,8,127,116,193,140,91,118,168,4,6,169,142,138,123,135,104,132,120,358,133,137,97,136,124,106,108,139,111,113,131,141,313,117,92,318,341,411,105,61,319,342,54,274,99,408,315,314,344,62,148,60,320,356,268,96,316,267,351,153,18,134,413,114,412,121,57,115,130,231,125,5,110,56,72,191,271,65,67,277,87,355,89,76,68,377,374,71,17,370,346,275,74,276,371,55,367,152,73,357,109,335,75,59,196,343,194,195,63,220,33,215,70,166,347,64,173,170,34,401,143,354,144,151,149,222,353,407,150,406,227,163,405,233,221,228,190,226,192,225,82,235,234,352,366,85,84,83,232,176,53,303,86,350,365,177,189,364,345,167,363,219,302,362,81,175,14,11,32,13,10,80,31,174,180,349,181,12,348,188,217,216,218,361,183,179,481,79,301,182,427,16,430,487,429,428,15,0,455,445,19,450,1,448,453,260,446,484,464,442,485,432,439,456,479,431,438,451,447,449,470,467,28,452,436,462,465,458,473,461,422,20,433,476,488,257,437,256,474,471,468,459,477,454,517,457,509,259,423,444,258,486,480,482,483,506,187,508,359,21,185,186,184,24,23,22,25,360,26,498,528,425,29,30,27,322,489,324,388,323,325,526,510,527,390,490,503,391,525,499,515,321,389,505,504,507,426,500,434,435,497,523,524,533,516,424,529,101,501,103,512,102,511,513,514,519,502,327,329,518,330,326,522,521,520,494,2,331,328,493,530,492,495,491,532,535,531,496,536,534,
402,369,403,404,309,69,241,311,250,254,305,310,308,306,253,304,255,247,252,246,251,410,243,242,248,249,240,245,466,478,244,463,475,368,90,295,419,469,472,307,312,460,417,293,297,298,376,286,421,375,409,281,287,239,300,292,290,299,443,420,338,198,373,214,211,418,415,339,209,203,416,269,157,202,210,398,204,205,201,200,208,207,291,289,288,206,98,212,213,50,387,334,88,385,372,384,280,383,414,178,262,263,393,395,52,49,337,93,272,441,48,146,171,164,332,47,392,381,165,294,285,382,41,45,386,44,397,51,284,379,378,380,396,147,278,46,283,282,394,270,296,36,145,38,224,35,37,39,40,279,66,43,162,42,399,156,400,94,230,9,3,333,77,78,100,440,172,265,199,197,161,107,317,264,261,266,336,160,129,58,126,229,7,236,112,155,340,95,237,238,128,119,154,223,159,122,8,158,273,127,116,140,193,91,118,4,168,6,169,142,104,132,123,120,135,138,133,97,137,136,358,124,106,139,108,111,141,131,113,117,313,92,318,105,341,411,61,319,274,54,99,342,315,408,344,314,60,148,62,320,356,96,268,267,316,18,351,153,121,57,114,134,412,413,231,130,115,125,5,56,110,67,191,271,72,65,355,277,87,89,76,68,370,17,377,374,71,346,275,74,276,371,55,367,73,152,357,109,335,75,59,196,343,194,195,63,220,70,33,215,166,347,173,64,170,34,401,143,354,144,149,151,353,222,407,150,406,227,163,405,226,233,192,221,228,190,225,82,234,235,352,366,85,83,84,176,53,232,303,86,350,365,177,189,345,364,302,219,362,363,167,81,175,14,11,10,32,13,31,80,174,180,181,349,348,12,188,217,216,218,361,183,481,179,301,79,182,427,16,430,487,429,428,0,15,455,445,19,450,1,448,260,453,446,484,464,485,442,439,432,456,479,451,438,431,449,447,467,470,28,452,436,458,465,462,473,422,461,20,488,476,433,257,468,256,471,474,459,477,437,454,517,457,509,444,423,259,258,480,486,482,483,506,187,508,359,21,185,184,23,186,24,22,25,360,26,498,528,29,425,27,30,489,324,322,325,388,323,526,510,527,499,390,490,503,525,391,515,321,504,505,389,507,426,500,434,435,523,497,524,424,533,529,516,501,101,512,514,103,511,513,102,519,502,518,330,327,329,494,521,326,520,522,328,331,2,530,532,493,491,496,534,536,495,535,531,492,
402,369,403,404,309,69,241,311,250,254,305,310,308,306,253,304,255,247,252,246,251,410,243,242,248,249,240,245,466,478,244,463,90,368,475,295,419,469,472,307,312,460,417,293,297,298,376,286,421,375,409,281,287,239,300,292,290,299,443,420,338,198,373,214,211,418,415,339,209,203,269,416,157,210,202,398,204,205,201,200,208,207,291,289,288,98,206,212,213,50,387,334,88,385,372,384,280,383,414,178,262,263,393,395,52,49,337,93,441,272,146,48,171,164,332,47,381,165,392,294,45,386,285,382,41,44,51,284,397,378,379,396,380,147,46,278,283,282,270,394,296,145,36,38,224,35,37,39,66,279,40,43,162,42,399,400,156,94,9,230,3,333,77,78,100,440,172,265,199,197,161,107,317,264,261,266,336,58,160,129,126,229,7,112,155,236,340,238,237,95,154,128,119,223,159,8,122,273,158,127,193,116,140,91,118,4,168,6,169,142,135,132,138,104,120,123,133,137,136,97,358,106,124,111,108,139,113,141,131,92,313,117,105,411,341,318,61,319,54,342,274,99,315,408,344,314,148,60,62,320,267,316,268,96,356,351,153,18,413,57,121,134,412,114,130,115,125,231,110,5,56,271,191,65,72,67,355,277,87,89,68,76,17,71,377,370,374,346,74,275,276,371,367,55,152,73,357,109,75,335,59,196,194,343,63,195,220,33,70,215,347,166,64,173,170,401,34,143,354,144,151,149,353,222,407,406,150,227,163,405,226,228,233,221,192,190,82,225,235,234,352,83,366,85,84,53,232,176,303,86,350,189,365,177,345,364,362,302,363,167,219,14,81,175,11,10,13,32,174,180,31,80,349,181,12,348,188,216,218,217,361,183,481,179,301,79,182,427,16,430,487,428,429,15,0,455,445,19,450,1,448,453,260,484,446,464,485,442,439,432,456,479,431,451,438,447,449,467,470,28,436,452,462,458,465,473,422,461,20,488,476,433,257,256,474,477,437,471,468,459,454,517,457,509,444,259,423,258,480,482,486,483,506,187,508,359,21,185,184,24,23,22,186,25,360,26,498,528,29,425,30,27,489,322,324,323,388,325,510,526,527,525,490,391,499,503,390,515,321,389,504,505,426,507,500,434,435,497,523,533,424,516,524,529,101,501,513,102,511,514,103,512,519,502,330,329,518,327,522,494,520,521,326,328,2,331,530,534,535,536,493,531,496,532,492,491,495,
402,369,403,404,309,69,241,311,250,254,305,310,308,306,253,304,255,247,252,246,251,410,243,242,249,248,240,245,466,478,244,463,475,90,368,295,419,469,472,307,312,460,417,293,298,297,376,286,421,375,409,281,287,239,300,292,290,299,443,420,338,198,373,214,211,418,415,339,203,209,269,416,157,210,202,398,204,205,201,200,207,208,291,289,288,98,206,212,213,387,50,334,88,385,372,384,383,280,414,178,263,262,393,395,52,49,337,93,441,272,48,146,171,164,332,47,392,165,381,294,382,44,45,41,285,386,397,51,284,396,378,380,379,147,278,46,283,282,394,270,296,145,36,38,224,37,35,39,66,279,40,43,162,42,399,400,156,94,9,230,3,333,77,78,100,440,172,265,199,197,107,161,317,261,264,266,336,129,58,160,126,229,7,155,236,112,340,95,238,237,154,119,128,223,159,8,158,273,122,127,193,116,140,91,118,4,168,6,169,142,135,138,120,132,104,123,358,136,97,133,137,106,124,139,108,111,131,113,141,313,117,92,341,411,61,105,318,319,274,342,99,54,315,408,314,344,60,148,62,320,316,267,96,268,356,153,18,351,114,57,412,413,134,121,115,231,125,130,5,56,110,191,67,72,271,65,87,355,277,89,76,68,17,370,71,374,377,275,74,346,276,371,367,55,73,152,357,109,335,75,59,196,194,343,63,195,220,70,215,33,347,166,173,64,170,401,143,34,354,144,149,151,222,353,407,150,406,405,227,163,226,228,233,221,190,192,82,225,234,235,352,84,83,366,85,303,176,53,232,86,350,177,365,189,345,364,362,219,302,167,363,81,175,14,11,32,10,13,174,80,180,31,181,349,12,348,188,218,217,216,361,183,481,179,301,79,182,427,16,430,487,428,429,15,0,455,445,19,450,448,1,260,453,484,464,446,485,442,439,432,479,456,451,431,438,447,449,470,467,28,436,452,462,465,458,473,461,422,20,488,433,476,257,468,437,459,477,474,256,471,454,517,457,509,423,444,259,258,480,482,486,483,506,187,508,359,21,185,186,24,22,23,184,25,360,26,528,498,29,425,30,27,324,322,489,323,388,325,526,510,527,390,391,490,525,503,499,515,321,504,505,389,507,426,434,500,435,497,523,529,516,533,524,424,101,501,512,513,102,514,511,103,519,502,330,327,518,329,494,521,522,520,326,331,328,2,493,495,536,492,534,530,532,496,535,491,531,
402,369,403,404,309,69,241,311,250,254,305,310,308,306,253,304,255,247,252,246,251,410,243,242,248,249,240,245,466,478,244,463,475,368,90,295,419,469,472,307,312,460,417,293,298,297,376,286,421,409,375,281,287,239,300,292,290,299,443,420,338,198,373,214,211,415,418,339,209,203,416,269,157,210,202,398,204,205,201,200,207,208,291,289,288,98,206,212,213,50,387,334,88,385,372,384,280,383,414,178,263,262,393,395,52,49,337,93,272,441,146,48,171,164,332,47,165,381,392,294,386,285,41,382,45,44,284,397,51,396,378,380,379,147,278,46,283,282,270,394,296,145,36,38,224,35,37,39,279,40,66,43,162,42,399,400,156,94,230,9,3,333,77,100,78,440,172,265,199,197,161,107,317,264,261,266,336,129,58,160,126,229,7,112,155,236,340,237,238,95,128,154,119,223,159,158,122,273,8,127,140,193,116,91,118,4,168,6,169,142,104,120,138,132,123,135,97,136,358,133,137,106,124,139,108,111,131,141,113,92,117,313,318,61,341,105,411,319,274,99,342,54,408,315,344,314,60,62,148,320,356,96,267,316,268,18,153,351,121,412,114,134,57,413,115,130,125,231,5,56,110,271,67,65,191,72,87,277,355,89,68,76,71,377,374,370,17,275,346,74,276,371,367,55,152,73,357,109,75,335,59,196,343,194,195,63,220,215,33,70,166,347,64,173,170,401,143,34,354,144,151,149,353,222,150,407,406,405,227,163,190,226,233,228,192,221,225,82,234,235,352,83,85,84,366,232,176,303,53,86,350,189,177,365,364,345,362,363,167,219,302,175,14,81,11,10,32,13,31,80,180,174,349,181,12,348,216,218,217,188,361,183,179,481,79,301,182,427,16,430,487,429,428,15,0,455,445,19,450,448,1,260,453,484,446,464,442,485,432,439,456,479,431,438,451,449,447,467,470,28,452,436,465,458,462,473,422,461,20,476,433,488,257,474,256,459,437,471,477,468,454,517,457,509,259,444,423,258,486,480,482,483,506,187,508,359,21,185,24,184,23,22,186,25,360,26,528,498,30,27,29,425,322,489,324,325,323,388,510,526,527,390,499,391,525,503,490,515,321,389,505,504,426,507,434,500,435,523,497,529,516,533,424,524,101,501,511,512,103,513,102,514,519,502,329,327,518,330,522,494,521,520,326,328,331,2,493,534,530,492,535,532,496,536,495,491,531,
402,369,403,404,309,69,241,311,250,254,305,308,310,306,253,304,255,247,252,246,251,410,243,242,249,248,240,245,466,478,244,463,368,90,475,295,419,469,472,307,312,460,417,293,297,298,376,286,421,375,409,281,287,239,300,292,290,299,443,420,338,198,373,214,211,418,415,339,203,209,269,416,157,210,202,398,204,205,201,200,207,208,291,289,288,206,98,212,213,50,387,334,88,385,372,384,280,383,414,178,263,262,393,395,52,49,337,93,272,441,146,48,171,164,332,47,381,392,165,294,386,44,285,45,41,382,284,397,51,380,379,396,378,147,278,46,283,282,394,270,296,36,145,38,224,37,35,39,40,279,66,43,162,42,399,400,156,94,9,230,3,333,77,78,100,440,172,265,199,197,107,161,317,261,264,266,336,58,160,129,126,229,7,112,155,236,340,238,237,95,128,154,119,223,159,8,158,122,273,127,193,140,116,91,118,4,168,6,169,142,135,123,132,104,120,138,133,136,97,358,137,124,106,108,111,139,131,141,113,92,117,313,411,318,61,105,341,319,54,342,274,99,315,408,314,344,148,62,60,320,316,268,96,267,356,153,351,18,413,412,114,57,121,134,125,231,130,115,5,110,56,72,67,191,271,65,355,87,277,89,76,68,374,370,377,17,71,74,275,346,276,371,367,55,152,73,357,109,335,75,59,196,343,194,195,63,220,33,70,215,347,166,173,64,170,401,34,143,354,144,151,149,222,353,407,406,150,405,227,163,190,221,226,233,192,228,82,225,234,235,352,84,83,85,366,303,176,53,232,350,86,177,365,189,364,345,363,219,302,167,362,175,14,81,11,13,32,10,80,31,180,174,349,181,12,348,216,218,217,188,361,183,481,179,79,301,182,427,16,430,487,429,428,15,0,455,445,19,450,448,1,453,260,446,464,484,442,485,432,439,456,479,438,451,431,447,449,470,467,28,452,436,462,465,458,473,422,461,20,476,433,488,257,459,471,468,437,256,477,474,454,517,457,509,259,444,423,258,480,486,482,483,506,187,508,359,21,185,23,184,24,186,22,25,360,26,528,498,29,425,30,27,322,489,324,325,323,388,526,510,527,503,490,391,499,390,525,515,321,389,504,505,507,426,434,500,435,523,497,516,533,529,524,424,101,501,513,512,102,103,511,514,519,502,330,518,329,327,522,520,326,494,521,2,328,331,496,530,531,536,532,493,535,495,492,534,491,
402,369,403,404,309,69,241,311,250,254,305,308,310,306,253,304,255,247,252,246,251,410,243,242,248,249,240,245,466,478,244,463,90,475,368,295,419,469,472,307,312,460,417,293,297,298,376,286,421,375,409,281,287,239,300,292,290,299,443,420,338,198,373,214,211,415,418,339,203,209,269,416,157,202,210,398,204,205,201,200,208,207,291,289,288,98,206,212,213,387,50,334,88,385,372,384,383,280,414,178,262,263,393,395,52,49,337,93,441,272,146,48,171,164,332,47,392,165,381,294,386,382,45,44,285,41,397,284,51,380,378,396,379,147,46,278,283,282,394,270,296,145,36,38,224,37,35,39,279,66,40,43,162,42,399,400,156,94,230,9,3,333,77,100,78,440,172,265,199,197,107,161,317,261,264,266,336,160,129,58,126,229,7,236,155,112,340,238,95,237,119,128,154,223,159,8,273,158,122,127,140,193,116,91,118,4,168,6,169,142,120,138,104,123,132,135,133,97,358,136,137,106,124,111,139,108,141,131,113,313,117,92,411,61,341,318,105,319,54,99,342,274,315,408,344,314,62,60,148,320,267,96,316,268,356,18,351,153,121,412,413,57,114,134,115,231,125,130,110,5,56,65,72,191,67,271,277,87,355,89,68,76,374,377,370,71,17,275,346,74,371,276,367,55,73,152,357,109,75,335,59,196,194,343,63,195,220,70,215,33,166,347,173,64,170,401,34,143,354,144,149,151,222,353,150,407,406,227,405,163,228,190,226,233,192,221,82,225,235,234,352,83,366,84,85,53,176,232,303,86,350,189,365,177,345,364,362,302,167,219,363,81,14,175,11,10,32,13,31,80,180,174,349,181,12,348,216,217,218,188,361,183,481,179,301,79,182,427,16,430,487,428,429,15,0,455,445,19,450,448,1,260,453,484,446,464,442,485,432,439,479,456,438,431,451,447,449,470,467,28,436,452,465,462,458,473,461,422,20,433,476,488,257,468,459,256,477,437,474,471,454,517,457,509,423,444,259,258,486,480,482,483,506,187,508,359,21,185,24,184,186,23,22,25,360,26,528,498,29,27,425,30,324,322,489,323,325,388,526,510,527,525,503,499,490,390,391,515,321,505,389,504,507,426,434,500,435,497,523,524,533,424,516,529,501,101,102,511,103,514,512,513,519,502,329,330,327,518,520,494,522,521,326,2,331,328,495,532,491,534,493,536,492,496,531,535,530,
402,369,403,404,309,69,241,311,250,254,305,310,308,306,253,304,255,247,252,246,251,410,243,242,249,248,240,245,466,478,244,463,368,90,475,295,419,469,472,307,312,460,417,293,297,298,376,286,421,409,375,281,287,239,300,292,290,299,443,420,338,198,373,214,211,418,415,339,203,209,416,269,157,202,210,204,398,205,201,200,208,207,291,289,288,206,98,212,213,387,50,334,88,385,372,384,383,280,414,178,263,262,393,395,52,49,337,93,272,441,48,146,171,164,332,47,392,381,165,294,41,44,386,45,285,382,397,284,51,396,378,379,380,147,278,46,283,282,270,394,296,36,145,38,224,35,37,39,40,279,66,43,162,42,399,156,400,94,9,230,3,333,77,78,100,440,172,265,199,197,161,107,317,264,261,266,336,129,58,160,126,229,7,112,155,236,340,95,237,238,154,128,119,223,159,273,122,8,158,127,140,116,193,91,118,168,4,6,169,142,104,138,123,120,132,135,137,136,97,358,133,106,124,139,111,108,141,113,131,313,92,117,411,341,318,61,105,319,54,99,342,274,408,315,314,344,60,148,62,320,267,316,356,96,268,153,18,351,412,413,121,134,114,57,130,125,115,231,110,5,56,72,271,67,191,65,277,355,87,89,68,76,17,71,370,374,377,275,74,346,276,371,367,55,152,73,357,109,75,335,59,196,194,343,63,195,220,215,33,70,347,166,64,173,170,401,34,143,354,144,151,149,353,222,150,407,406,163,227,405,228,190,192,233,226,221,82,225,235,234,352,83,85,84,366,176,53,232,303,350,86,177,189,365,364,345,363,167,362,219,302,81,14,175,11,10,13,32,31,180,174,80,349,181,348,12,218,188,216,217,361,183,481,179,79,301,182,427,16,430,487,429,428,0,15,455,445,450,19,1,448,453,260,484,464,446,442,485,439,432,456,479,438,451,431,447,449,470,467,28,452,436,462,465,458,473,422,461,20,433,476,488,257,256,468,477,474,471,459,437,454,517,457,509,444,259,423,258,482,480,486,483,506,187,508,359,21,185,22,186,23,24,184,25,360,26,528,498,27,30,425,29,322,489,324,388,323,325,526,510,527,390,490,391,503,499,525,515,321,389,504,505,426,507,500,434,435,523,497,533,529,516,524,424,501,101,511,513,102,103,514,512,519,502,329,327,518,330,494,522,326,521,520,2,328,331,532,536,534,535,496,492,493,495,531,530,491,
402,369,403,404,309,69,241,311,250,254,305,308,310,306,253,304,255,247,252,246,251,410,243,242,249,248,240,245,466,478,244,463,368,475,90,295,419,469,472,307,312,460,417,293,298,297,376,286,421,409,375,281,287,239,300,292,290,299,443,420,338,198,373,214,211,415,418,339,209,203,416,269,157,202,210,204,398,205,201,200,208,207,291,289,288,206,98,212,213,50,387,334,88,385,372,384,280,383,414,178,263,262,393,395,52,49,337,93,441,272,48,146,171,164,332,47,165,392,381,294,382,45,285,44,386,41,51,397,284,378,379,396,380,147,46,278,283,282,270,394,296,36,145,38,224,35,37,39,66,279,40,43,162,42,399,400,156,94,9,230,3,333,77,78,100,440,172,265,199,197,107,161,317,264,261,266,336,129,160,58,126,229,7,236,155,112,340,95,238,237,154,128,119,223,159,8,122,273,158,127,140,193,116,91,118,4,168,169,6,142,135,104,132,123,120,138,137,136,358,133,97,106,124,108,139,111,113,131,141,92,313,117,105,411,61,318,341,319,99,54,342,274,408,315,314,344,148,62,60,320,316,96,267,356,268,351,153,18,134,121,57,114,412,413,115,125,231,130,56,5,110,67,191,72,271,65,277,87,355,89,68,76,370,377,374,71,17,74,275,346,371,276,367,55,152,73,357,109,335,75,59,196,194,343,195,63,220,215,33,70,166,347,173,64,170,401,34,143,354,144,149,151,353,222,406,407,150,227,163,405,233,221,226,192,228,190,225,82,234,235,352,85,84,83,366,53,303,232,176,350,86,189,177,365,345,364,362,219,302,167,363,81,175,14,11,13,10,32,180,80,174,31,349,181,12,348,216,217,188,218,361,183,179,481,79,301,182,427,16,430,487,429,428,15,0,455,445,19,450,448,1,453,260,446,484,464,485,442,439,432,479,456,438,451,431,447,449,470,467,28,452,436,458,462,465,473,461,422,20,433,488,476,257,471,474,256,468,459,437,477,454,517,457,509,423,259,444,258,482,486,480,483,506,187,508,359,21,185,24,23,186,22,184,25,360,26,498,528,29,425,27,30,489,322,324,325,323,388,526,510,527,499,390,525,391,503,490,515,321,504,505,389,507,426,500,434,435,497,523,529,533,516,424,524,101,501,511,103,102,513,512,514,519,502,518,329,330,327,326,522,521,494,520,328,331,2,531,532,530,492,535,495,496,534,493,491,536,
402,369,403,404,309,69,241,311,250,254,305,310,308,306,253,304,255,247,252,246,251,410,243,242,248,249,240,245,466,478,244,463,368,475,90,295,419,469,472,307,312,460,417,293,298,297,376,286,421,375,409,281,287,239,300,292,290,299,443,420,338,198,373,214,211,415,418,339,209,203,416,269,157,202,210,204,398,205,201,200,207,208,291,289,288,98,206,212,213,387,50,334,88,385,372,384,383,280,414,178,263,262,393,395,52,49,337,93,441,272,48,146,171,164,332,47,392,381,165,294,44,41,285,45,382,386,397,51,284,378,379,380,396,147,278,46,283,282,394,270,296,145,36,38,224,37,35,39,279,66,40,43,162,42,399,156,400,94,9,230,3,333,77,100,78,440,172,265,199,197,161,107,317,261,264,266,336,58,160,129,126,229,7,112,236,155,340,95,237,238,154,128,119,223,159,8,122,273,158,127,193,116,140,91,118,4,168,169,6,142,135,132,123,120,138,104,358,136,133,97,137,106,124,139,108,111,113,141,131,92,313,117,61,341,105,411,318,319,342,54,99,274,408,315,344,314,62,60,148,320,267,356,316,96,268,153,18,351,413,121,114,57,412,134,231,125,115,130,110,5,56,65,271,191,67,72,277,87,355,89,68,76,71,17,370,377,374,275,74,346,276,371,55,367,152,73,357,109,335,75,59,196,194,343,63,195,220,33,215,70,166,347,64,173,170,401,34,143,354,144,151,149,222,353,406,407,150,405,163,227,226,190,221,228,233,192,82,225,235,234,352,83,366,85,84,303,176,232,53,86,350,177,189,365,345,364,302,363,219,167,362,175,14,81,11,32,13,10,180,31,80,174,349,181,12,348,216,218,217,188,361,183,481,179,301,79,182,427,16,430,487,428,429,0,15,455,445,450,19,448,1,260,453,484,446,464,442,485,439,432,456,479,431,438,451,447,449,470,467,28,452,436,465,458,462,473,422,461,20,433,476,488,257,477,459,471,437,474,256,468,454,517,457,509,259,423,444,258,482,480,486,483,506,187,508,359,21,185,23,186,24,184,22,25,360,26,498,528,27,30,425,29,324,489,322,325,323,388,526,510,527,390,503,499,391,525,490,515,321,389,505,504,426,507,434,500,435,497,523,524,533,424,516,529,501,101,102,514,103,512,511,513,519,502,327,330,518,329,521,520,494,522,326,2,331,328,496,536,493,530,531,495,535,532,491,534,492,
402,369,403,404,309,69,241,311,250,254,305,308,310,306,253,304,255,247,252,246,251,410,243,242,249,248,240,245,466,478,244,463,475,90,368,295,419,469,472,307,312,460,417,293,298,297,376,286,421,409,375,281,287,239,300,292,290,299,443,420,338,198,373,214,211,418,415,339,203,209,269,416,157,210,202,398,204,205,201,200,207,208,291,289,288,98,206,212,213,50,387,334,88,385,372,384,383,280,414,178,262,263,393,395,52,49,337,93,441,272,48,146,171,164,332,47,392,165,381,294,382,45,41,285,44,386,284,397,51,380,378,396,379,147,278,46,283,282,394,270,296,145,36,38,224,35,37,39,66,279,40,43,162,42,399,400,156,94,230,9,3,333,77,78,100,440,172,265,199,197,161,107,317,264,261,266,336,160,58,129,126,229,7,236,112,155,340,237,95,238,154,128,119,223,159,158,122,8,273,127,193,140,116,91,118,4,168,169,6,142,120,123,135,132,138,104,133,136,137,358,97,106,124,139,108,111,141,113,131,117,92,313,318,341,411,61,105,319,274,99,54,342,315,408,314,344,60,148,62,320,96,268,316,267,356,351,153,18,412,413,57,114,134,121,125,231,115,130,56,5,110,72,271,191,67,65,277,355,87,89,68,76,377,17,71,374,370,346,275,74,276,371,55,367,73,152,357,109,335,75,59,196,194,343,195,63,220,33,70,215,347,166,173,64,170,143,34,401,354,144,151,149,353,222,406,407,150,405,227,163,192,221,226,233,228,190,225,82,234,235,352,83,84,366,85,232,303,53,176,86,350,177,365,189,345,364,362,219,363,302,167,81,14,175,11,32,10,13,31,180,174,80,349,181,348,12,218,216,188,217,361,183,179,481,301,79,182,427,16,430,487,428,429,0,15,455,445,19,450,448,1,260,453,446,464,484,442,485,432,439,479,456,438,431,451,449,447,470,467,28,436,452,462,458,465,473,461,422,20,488,476,433,257,477,437,459,256,471,474,468,454,517,457,509,259,444,423,258,486,482,480,483,506,187,508,359,21,185,24,184,186,22,23,25,360,26,528,498,425,29,30,27,489,324,322,323,388,325,526,510,527,503,391,525,499,390,490,515,321,505,389,504,507,426,500,434,435,497,523,424,524,533,516,529,501,101,103,514,512,513,102,511,519,502,329,327,330,518,522,520,326,521,494,331,328,2,495,530,531,493,535,496,492,536,534,491,532,
402,369,403,404,309,69,241,311,250,254,305,308,310,306,253,304,255,247,252,246,251,410,243,242,248,249,240,245,466,478,244,463,90,368,475,295,419,469,472,307,312,460,417,293,297,298,376,286,421,375,409,281,287,239,300,292,290,299,443,420,338,198,373,214,211,418,415,339,203,209,269,416,157,202,210,204,398,205,201,200,207,208,291,289,288,206,98,212,213,387,50,334,88,385,372,384,280,383,414,178,262,263,393,395,52,49,337,93,441,272,146,48,171,164,332,47,381,165,392,294,285,386,45,382,41,44,397,284,51,379,396,380,378,147,278,46,283,282,270,394,296,36,145,38,224,35,37,39,66,40,279,43,162,42,399,156,400,94,9,230,3,333,77,100,78,440,172,265,199,197,107,161,317,261,264,266,336,129,160,58,126,229,7,236,155,112,340,95,238,237,128,154,119,223,159,273,158,8,122,127,193,140,116,91,118,168,4,6,169,142,135,123,132,138,104,120,133,97,358,137,136,106,124,139,108,111,131,141,113,313,92,117,318,411,341,61,105,319,54,99,274,342,315,408,314,344,60,62,148,320,268,96,356,267,316,351,18,153,57,114,413,412,121,134,130,115,231,125,5,56,110,67,191,65,72,271,277,355,87,89,76,68,370,374,17,377,71,74,346,275,371,276,55,367,152,73,357,109,335,75,59,196,343,194,195,63,220,33,215,70,166,347,173,64,170,401,34,143,354,144,149,151,222,353,150,406,407,405,163,227,190,221,192,228,233,226,225,82,235,234,352,366,83,84,85,176,232,303,53,86,350,189,365,177,364,345,363,362,302,219,167,14,81,175,11,13,10,32,80,174,31,180,349,181,12,348,188,217,218,216,361,183,179,481,79,301,182,427,16,430,487,428,429,0,15,455,445,450,19,1,448,453,260,464,446,484,485,442,439,432,479,456,431,438,451,449,447,470,467,28,436,452,465,462,458,473,461,422,20,476,433,488,257,477,474,256,468,437,459,471,454,517,457,509,259,423,444,258,480,482,486,483,506,187,508,359,21,185,23,22,184,24,186,25,360,26,498,528,425,27,29,30,322,324,489,323,388,325,510,526,527,390,490,391,499,525,503,515,321,505,504,389,507,426,434,500,435,497,523,533,529,424,524,516,101,501,513,103,514,102,511,512,519,502,329,330,327,518,522,326,520,521,494,331,2,328,531,530,534,493,532,535,536,495,491,492,496,
402,369,403,404,309,69,241,311,250,254,305,308,310,306,253,304,255,247,252,246,251,410,243,242,248,249,240,245,466,478,244,463,90,368,475,295,419,469,472,307,312,460,417,293,297,298,376,286,421,375,409,281,287,239,300,292,290,299,443,420,338,198,373,214,211,415,418,339,209,203,269,416,157,210,202,204,398,205,201,200,208,207,291,289,288,206,98,212,213,50,387,334,88,385,372,384,383,280,414,178,262,263,393,395,52,49,337,93,441,272,48,146,171,164,332,47,392,381,165,294,382,45,386,41,44,285,284,397,51,379,396,378,380,147,278,46,283,282,394,270,296,36,145,38,224,37,35,39,66,279,40,43,162,42,399,400,156,94,9,230,3,333,77,78,100,440,172,265,199,197,107,161,317,264,261,266,336,160,58,129,126,229,7,236,112,155,340,237,238,95,128,119,154,223,159,273,122,158,8,127,116,193,140,91,118,168,4,169,6,142,135,104,132,120,123,138,136,137,133,97,358,124,106,111,108,139,113,141,131,92,313,117,411,61,105,318,341,319,99,274,342,54,408,315,314,344,60,148,62,320,96,316,267,356,268,18,153,351,114,412,121,413,57,134,115,130,231,125,56,5,110,72,191,271,65,67,355,277,87,89,68,76,370,377,374,71,17,74,346,275,371,276,55,367,73,152,357,109,75,335,59,196,194,343,195,63,220,215,70,33,166,347,64,173,170,401,34,143,354,144,149,151,353,222,406,150,407,163,405,227,190,228,226,192,233,221,82,225,234,235,352,366,85,84,83,176,53,303,232,350,86,177,365,189,364,345,219,362,167,363,302,175,81,14,11,10,32,13,31,80,174,180,349,181,12,348,188,216,217,218,361,183,481,179,301,79,182,427,16,430,487,428,429,15,0,455,445,19,450,1,448,453,260,446,464,484,485,442,432,439,479,456,438,431,451,447,449,470,467,28,452,436,462,458,465,473,461,422,20,476,488,433,257,471,477,459,468,474,437,256,454,517,457,509,259,423,444,258,480,482,486,483,506,187,508,359,21,185,24,22,23,184,186,25,360,26,498,528,425,30,29,27,322,324,489,325,323,388,510,526,527,525,391,503,490,390,499,515,321,505,389,504,426,507,434,500,435,523,497,529,533,516,524,424,501,101,511,102,513,512,514,103,519,502,518,330,329,327,494,522,326,520,521,328,2,331,495,492,493,534,491,530,532,496,535,536,531,
402,369,403,404,309,69,241,311,250,254,305,308,310,306,253,304,255,247,252,246,251,410,243,242,249,248,240,245,466,478,244,463,475,368,90,295,419,469,472,307,312,460,417,293,297,298,376,286,421,375,409,281,287,239,300,292,290,299,443,420,338,198,373,214,211,415,418,339,203,209,416,269,157,210,202,204,398,205,201,200,207,208,291,289,288,206,98,212,213,387,50,334,88,385,372,384,280,383,414,178,263,262,393,395,52,49,337,93,272,441,48,146,171,164,332,47,392,381,165,294,386,382,44,285,45,41,284,397,51,378,380,396,379,147,278,46,283,282,394,270,296,145,36,38,224,37,35,39,279,40,66,43,162,42,399,156,400,94,9,230,3,333,77,78,100,440,172,265,199,197,161,107,317,261,264,266,336,129,160,58,126,229,7,112,155,236,340,95,237,238,119,128,154,223,159,158,122,273,8,127,193,140,116,91,118,4,168,6,169,142,138,120,104,135,132,123,137,358,97,133,136,124,106,111,108,139,113,131,141,313,92,117,341,411,105,318,61,319,274,54,99,342,315,408,344,314,148,62,60,320,96,268,267,356,316,18,153,351,413,57,134,114,121,412,125,130,231,115,5,56,110,271,191,67,65,72,355,277,87,89,68,76,374,370,71,17,377,74,346,275,371,276,367,55,152,73,357,109,335,75,59,196,343,194,63,195,220,215,33,70,166,347,64,173,170,401,34,143,354,144,151,149,353,222,407,150,406,227,163,405,221,233,192,226,190,228,82,225,234,235,352,85,366,83,84,232,53,303,176,86,350,189,365,177,364,345,302,362,363,167,219,175,81,14,11,13,10,32,180,31,80,174,181,349,348,12,217,188,218,216,361,183,481,179,301,79,182,427,16,430,487,428,429,0,15,455,445,19,450,1,448,453,260,464,446,484,442,485,439,432,456,479,451,431,438,447,449,470,467,28,436,452,462,465,458,473,422,461,20,488,433,476,257,468,474,477,459,256,471,437,454,517,457,509,444,423,259,258,480,482,486,483,506,187,508,359,21,185,23,22,186,184,24,25,360,26,528,498,29,27,30,425,322,489,324,323,388,325,526,510,527,390,525,503,391,490,499,515,321,389,505,504,507,426,434,500,435,523,497,424,529,533,516,524,501,101,514,511,102,512,103,513,519,502,518,329,330,327,520,521,522,326,494,331,328,2,492,534,495,530,496,491,493,532,531,536,535,
402,369,403,404,309,69,241,311,250,254,305,310,308,306,253,304,255,247,252,246,251,410,243,242,248,249,240,245,466,478,244,463,90,475,368,295,419,469,472,307,312,460,417,293,297,298,376,286,421,409,375,281,287,239,300,292,290,299,443,420,338,198,373,214,211,415,418,339,203,209,269,416,157,210,202,204,398,205,201,200,207,208,291,289,288,98,206,212,213,387,50,334,88,385,372,384,280,383,414,178,262,263,393,395,52,49,337,93,272,441,48,146,171,164,332,47,392,165,381,294,41,386,45,382,285,44,51,284,397,380,378,396,379,147,278,46,283,282,270,394,296,36,145,38,224,37,35,39,66,279,40,43,162,42,399,400,156,94,9,230,3,333,77,100,78,440,172,265,199,197,107,161,317,264,261,266,336,160,129,58,126,229,7,112,155,236,340,95,238,237,119,128,154,223,159,273,8,158,122,127,140,193,116,91,118,168,4,169,6,142,104,132,123,138,120,135,358,136,97,133,137,124,106,111,139,108,131,141,113,117,313,92,318,105,341,411,61,319,274,54,342,99,315,408,314,344,60,148,62,320,356,268,96,316,267,351,18,153,121,134,412,57,114,413,130,231,125,115,56,5,110,271,65,72,67,191,277,355,87,89,68,76,71,17,374,370,377,346,275,74,371,276,55,367,73,152,357,109,75,335,59,196,343,194,63,195,220,33,70,215,347,166,64,173,170,401,143,34,354,144,151,149,222,353,407,406,150,227,405,163,192,228,233,190,221,226,225,82,234,235,352,85,84,83,366,303,53,176,232,86,350,177,189,365,345,364,362,219,363,302,167,175,14,81,11,32,13,10,80,174,31,180,349,181,348,12,188,217,218,216,361,183,179,481,79,301,182,427,16,430,487,429,428,0,15,455,445,450,19,1,448,453,260,464,446,484,485,442,439,432,456,479,451,438,431,447,449,470,467,28,452,436,465,462,458,473,422,461,20,433,476,488,257,468,437,474,256,477,471,459,454,517,457,509,444,259,423,258,486,482,480,483,506,187,508,359,21,185,22,184,186,23,24,25,360,26,528,498,29,425,30,27,322,324,489,388,325,323,526,510,527,499,390,503,490,525,391,515,321,505,504,389,507,426,500,434,435,523,497,533,524,529,424,516,101,501,513,102,514,511,103,512,519,502,327,330,518,329,522,521,494,520,326,328,331,2,531,491,532,535,530,493,534,536,492,495,496,
402,369,403,404,309,69,241,311,250,254,305,310,308,306,253,304,255,247,252,246,251,410,243,242,249,248,240,245,466,478,244,463,475,368,90,295,419,469,472,307,312,460,417,293,298,297,376,286,421,409,375,281,287,239,300,292,290,299,443,420,338,198,373,214,211,418,415,339,203,209,269,416,157,202,210,398,204,205,201,200,207,208,291,289,288,98,206,212,213,387,50,334,88,385,372,384,383,280,414,178,263,262,393,395,52,49,337,93,441,272,146,48,171,164,332,47,165,381,392,294,382,44,386,45,285,41,284,51,397,396,380,378,379,147,46,278,283,282,270,394,296,145,36,38,224,37,35,39,40,279,66,43,162,42,399,400,156,94,230,9,3,333,77,100,78,440,172,265,199,197,107,161,317,261,264,266,336,58,160,129,126,229,7,236,155,112,340,95,237,238,119,128,154,223,159,158,8,122,273,127,193,116,140,91,118,168,4,169,6,142,120,104,138,135,123,132,133,137,97,358,136,124,106,139,111,108,113,131,141,92,313,117,318,61,341,411,105,319,342,99,274,54,315,408,344,314,148,60,62,320,268,356,267,96,316,153,351,18,134,412,413,57,114,121,125,130,231,115,110,56,5,67,271,191,72,65,277,87,355,89,68,76,17,71,377,374,370,346,74,275,371,276,55,367,152,73,357,109,335,75,59,196,194,343,63,195,220,70,33,215,347,166,64,173,170,34,401,143,354,144,151,149,353,222,150,406,407,405,163,227,192,233,190,228,221,226,225,82,234,235,352,85,84,366,83,53,176,303,232,86,350,365,189,177,364,345,167,363,219,302,362,14,175,81,11,10,13,32,80,174,31,180,181,349,12,348,188,218,216,217,361,183,179,481,79,301,182,427,16,430,487,429,428,15,0,455,445,19,450,1,448,453,260,484,464,446,485,442,432,439,479,456,438,451,431,449,447,470,467,28,452,436,465,462,458,473,422,461,20,433,488,476,257,474,437,459,256,468,477,471,454,517,457,509,423,444,259,258,486,480,482,483,506,187,508,359,21,185,184,22,24,186,23,25,360,26,528,498,29,30,27,425,322,489,324,388,323,325,526,510,527,525,490,391,390,499,503,515,321,505,504,389,507,426,500,434,435,497,523,516,529,533,524,424,501,101,512,514,511,103,102,513,519,502,329,327,330,518,494,522,520,521,326,328,2,331,536,534,493,496,492,535,530,532,531,491,495,
402,369,403,404,309,69,241,311,250,254,305,308,310,306,253,304,255,247,252,246,251,410,243,242,249,248,240,245,466,478,244,463,475,368,90,295,419,469,472,307,312,460,417,293,297,298,376,286,421,375,409,281,287,239,300,292,290,299,443,420,338,198,373,214,211,418,415,339,203,209,416,269,157,210,202,204,398,205,201,200,208,207,291,289,288,98,206,212,213,50,387,334,88,385,372,384,280,383,414,178,263,262,393,395,52,49,337,93,272,441,48,146,171,164,332,47,392,165,381,294,386,44,41,382,45,285,284,51,397,396,380,379,378,147,278,46,283,282,394,270,296,36,145,38,224,35,37,39,66,279,40,43,162,42,399,156,400,94,9,230,3,333,77,100,78,440,172,265,199,197,161,107,317,264,261,266,336,58,160,129,126,229,7,155,112,236,340,237,238,95,154,119,128,223,159,122,273,8,158,127,193,140,116,91,118,4,168,169,6,142,123,138,132,104,135,120,358,133,97,137,136,124,106,111,139,108,141,131,113,92,117,313,105,61,411,318,341,319,99,54,342,274,408,315,344,314,62,60,148,320,356,268,316,267,96,153,351,18,57,134,412,413,114,121,125,115,231,130,56,110,5,67,72,271,191,65,277,355,87,89,68,76,71,17,377,370,374,275,74,346,276,371,55,367,152,73,357,109,335,75,59,196,343,194,195,63,220,70,215,33,166,347,64,173,170,401,143,34,354,144,151,149,222,353,406,150,407,163,227,405,233,192,190,226,221,228,225,82,235,234,352,83,84,366,85,232,53,176,303,350,86,365,177,189,345,364,167,302,363,362,219,81,175,14,11,13,10,32,31,80,180,174,181,349,348,12,218,217,188,216,361,183,179,481,301,79,182,427,16,430,487,429,428,15,0,455,445,19,450,1,448,260,453,446,484,464,442,485,439,432,456,479,431,438,451,447,449,470,467,28,452,436,462,465,458,473,461,422,20,433,476,488,257,437,471,477,474,256,459,468,454,517,457,509,444,259,423,258,482,486,480,483,506,187,508,359,21,185,184,24,186,22,23,25,360,26,498,528,27,425,29,30,324,489,322,325,388,323,510,526,527,503,490,391,499,525,390,515,321,389,504,505,426,507,500,434,435,523,497,524,516,533,424,529,501,101,513,512,511,103,514,102,519,502,330,329,327,518,521,494,520,326,522,2,331,328,531,496,493,532,491,535,536,492,495,534,530,
402,369,403,404,309,69,241,311,250,254,305,308,310,306,253,304,255,247,252,246,251,410,243,242,249,248,240,245,466,478,244,463,475,90,368,295,419,469,472,307,312,460,417,293,297,298,376,286,421,375,409,281,287,239,300,292,290,299,443,420,338,198,373,214,211,418,415,339,203,209,416,269,157,210,202,204,398,205,201,200,208,207,291,289,288,206,98,212,213,387,50,334,88,385,372,384,383,280,414,178,262,263,393,395,52,49,337,93,272,441,146,48,171,164,332,47,381,392,165,294,285,386,41,382,45,44,284,51,397,396,380,379,378,147,278,46,283,282,394,270,296,36,145,38,224,35,37,39,279,40,66,43,162,42,399,156,400,94,9,230,3,333,77,78,100,440,172,265,199,197,161,107,317,264,261,266,336,129,58,160,126,229,7,155,236,112,340,95,237,238,119,154,128,223,159,8,273,158,122,127,116,140,193,91,118,4,168,169,6,142,123,120,132,135,138,104,358,97,136,137,133,106,124,111,108,139,113,141,131,92,313,117,411,105,341,318,61,319,99,342,274,54,315,408,314,344,148,60,62,320,267,268,316,356,96,153,351,18,57,412,114,413,121,134,115,231,130,125,56,110,5,72,65,191,271,67,355,87,277,89,76,68,374,377,370,71,17,346,74,275,371,276,367,55,73,152,357,109,75,335,59,196,343,194,63,195,220,215,70,33,347,166,173,64,170,401,143,34,354,144,149,151,222,353,407,406,150,405,227,163,226,228,192,190,233,221,82,225,234,235,352,366,84,85,83,53,176,232,303,86,350,365,177,189,364,345,363,362,219,167,302,175,14,81,11,13,32,10,80,180,31,174,181,349,12,348,218,188,216,217,361,183,481,179,301,79,182,427,16,430,487,429,428,15,0,455,445,450,19,1,448,260,453,464,446,484,442,485,439,432,479,456,438,431,451,449,447,470,467,28,436,452,465,462,458,473,422,461,20,488,476,433,257,437,471,468,459,474,477,256,454,517,457,509,423,259,444,258,480,486,482,483,506,187,508,359,21,185,23,22,184,24,186,25,360,26,498,528,30,425,27,29,324,322,489,388,323,325,510,526,527,391,503,390,525,490,499,515,321,505,504,389,426,507,500,434,435,523,497,424,533,529,524,516,501,101,511,512,513,103,514,102,519,502,327,329,330,518,494,522,521,326,520,328,331,2,535,496,531,493,534,491,492,495,532,536,530,
402,369,403,404,309,69,241,311,250,254,305,310,308,306,253,304,255,247,252,246,251,410,243,242,249,248,240,245,466,478,244,463,90,368,475,295,419,469,472,307,312,460,417,293,297,298,376,286,421,409,375,281,287,239,300,292,290,299,443,420,338,198,373,214,211,415,418,339,203,209,269,416,157,202,210,398,204,205,201,200,208,207,291,289,288,98,206,212,213,387,50,334,88,385,372,384,280,383,414,178,262,263,393,395,52,49,337,93,272,441,48,146,171,164,332,47,392,381,165,294,41,382,386,45,285,44,284,397,51,396,379,378,380,147,46,278,283,282,394,270,296,145,36,38,224,37,35,39,40,66,279,43,162,42,399,156,400,94,230,9,3,333,77,100,78,440,172,265,199,197,161,107,317,261,264,266,336,160,129,58,126,229,7,155,236,112,340,238,237,95,119,154,128,223,159,158,122,273,8,127,116,193,140,91,118,4,168,6,169,142,132,135,120,123,104,138,133,97,358,136,137,124,106,108,139,111,113,141,131,313,92,117,318,411,105,341,61,319,54,342,99,274,315,408,344,314,62,60,148,320,96,356,267,268,316,351,153,18,57,134,121,413,114,412,115,130,125,231,56,5,110,191,65,67,271,72,277,87,355,89,68,76,71,17,370,377,374,275,74,346,276,371,367,55,73,152,357,109,75,335,59,196,343,194,195,63,220,33,215,70,166,347,64,173,170,34,401,143,354,144,149,151,222,353,150,407,406,163,227,405,233,228,221,190,226,192,82,225,235,234,352,366,84,83,85,53,303,176,232,86,350,177,189,365,364,345,219,302,167,362,363,175,14,81,11,10,32,13,180,31,174,80,349,181,348,12,188,217,218,216,361,183,179,481,301,79,182,427,16,430,487,429,428,15,0,455,445,19,450,448,1,453,260,484,446,464,442,485,439,432,479,456,451,431,438,449,447,467,470,28,452,436,462,465,458,473,422,461,20,488,433,476,257,256,477,471,437,459,474,468,454,517,457,509,444,259,423,258,486,482,480,483,506,187,508,359,21,185,22,186,184,24,23,25,360,26,528,498,29,30,425,27,322,324,489,325,323,388,526,510,527,503,525,391,390,490,499,515,321,505,389,504,507,426,500,434,435,497,523,516,533,524,424,529,501,101,103,512,513,514,102,511,519,502,329,518,327,330,326,494,522,520,521,328,331,2,492,495,531,535,532,536,530,491,534,493,496,
402,369,403,404,309,69,241,311,250,254,305,308,310,306,253,304,255,247,252,246,251,410,243,242,248,249,240,245,466,478,244,463,90,475,368,295,419,469,472,307,312,460,417,293,298,297,376,286,421,409,375,281,287,239,300,292,290,299,443,420,338,198,373,214,211,415,418,339,203,209,269,416,157,202,210,204,398,205,201,200,207,208,291,289,288,98,206,212,213,387,50,334,88,385,372,384,280,383,414,178,263,262,393,395,52,49,337,93,441,272,146,48,171,164,332,47,392,165,381,294,41,44,382,285,386,45,397,51,284,379,380,378,396,147,278,46,283,282,270,394,296,145,36,38,224,37,35,39,40,279,66,43,162,42,399,156,400,94,9,230,3,333,77,78,100,440,172,265,199,197,161,107,317,261,264,266,336,58,160,129,126,229,7,112,155,236,340,95,237,238,119,154,128,223,159,122,158,273,8,127,140,116,193,91,118,4,168,6,169,142,123,120,104,135,132,138,136,358,137,133,97,106,124,111,108,139,141,113,131,117,92,313,411,105,341,61,318,319,274,342,54,99,315,408,344,314,60,62,148,320,316,96,268,356,267,18,153,351,114,413,57,121,412,134,125,130,115,231,110,5,56,72,65,191,67,271,277,87,355,89,68,76,370,374,71,377,17,346,74,275,371,276,55,367,152,73,357,109,75,335,59,196,343,194,195,63,220,70,215,33,347,166,64,173,170,143,401,34,354,144,149,151,222,353,407,150,406,227,405,163,221,226,228,190,192,233,225,82,235,234,352,85,366,83,84,232,53,176,303,350,86,177,189,365,364,345,219,302,362,363,167,81,175,14,11,32,10,13,31,180,80,174,349,181,348,12,218,188,216,217,361,183,179,481,301,79,182,427,16,430,487,429,428,15,0,455,445,450,19,1,448,260,453,464,446,484,442,485,432,439,456,479,438,431,451,447,449,467,470,28,452,436,465,462,458,473,422,461,20,433,476,488,257,474,437,459,468,477,256,471,454,517,457,509,444,259,423,258,486,480,482,483,506,187,508,359,21,185,186,22,184,23,24,25,360,26,498,528,29,30,425,27,322,324,489,388,323,325,510,526,527,490,525,391,503,390,499,515,321,389,504,505,426,507,500,434,435,523,497,533,516,424,524,529,501,101,514,513,511,102,512,103,519,502,329,330,327,518,494,521,326,520,522,2,328,331,531,536,534,492,496,493,495,535,491,530,532,
402,369,403,404,309,69,241,311,250,254,305,310,308,306,253,304,255,247,252,246,251,410,243,242,248,249,240,245,466,478,244,463,368,475,90,295,419,469,472,307,312,460,417,293,297,298,376,286,421,409,375,281,287,239,300,292,290,299,443,420,338,198,373,214,211,418,415,339,209,203,269,416,157,202,210,204,398,205,201,200,207,208,291,289,288,98,206,212,213,50,387,334,88,385,372,384,383,280,414,178,262,263,393,395,52,49,337,93,272,441,48,146,171,164,332,47,381,392,165,294,382,45,44,285,41,386,284,51,397,379,378,380,396,147,278,46,283,282,394,270,296,145,36,38,224,37,35,39,279,66,40,43,162,42,399,400,156,94,9,230,3,333,77,78,100,440,172,265,199,197,161,107,317,264,261,266,336,58,129,160,126,229,7,112,236,155,340,95,238,237,119,128,154,223,159,8,122,158,273,127,193,116,140,91,118,168,4,6,169,142,123,135,120,132,138,104,97,137,136,358,133,124,106,139,111,108,113,131,141,313,117,92,61,318,411,341,105,319,54,274,99,342,408,315,344,314,62,60,148,320,268,356,96,316,267,351,18,153,121,134,413,114,57,412,125,231,130,115,56,5,110,271,65,72,67,191,277,87,355,89,68,76,374,17,377,370,71,74,275,346,276,371,367,55,152,73,357,109,75,335,59,196,194,343,63,195,220,33,70,215,347,166,173,64,170,143,34,401,354,144,149,151,222,353,406,407,150,227,405,163,233,221,226,190,192,228,225,82,235,234,352,366,83,85,84,232,176,303,53,350,86,189,365,177,364,345,302,167,362,363,219,175,14,81,11,13,32,10,80,174,31,180,349,181,12,348,216,188,218,217,361,183,481,179,301,79,182,427,16,430,487,429,428,15,0,455,445,19,450,448,1,260,453,484,464,446,442,485,439,432,479,456,451,438,431,447,449,470,467,28,452,436,458,465,462,473,422,461,20,488,433,476,257,437,459,471,474,256,477,468,454,517,457,509,259,444,423,258,480,486,482,483,506,187,508,359,21,185,184,23,22,24,186,25,360,26,528,498,30,425,29,27,489,324,322,325,388,323,510,526,527,390,391,503,499,490,525,515,321,505,504,389,426,507,434,500,435,523,497,533,524,516,424,529,501,101,513,514,103,102,512,511,519,502,330,327,329,518,326,522,521,520,494,2,331,328,496,530,536,492,532,534,493,495,491,535,531,
402,369,403,404,309,69,241,311,250,254,305,310,308,306,253,304,255,247,252,246,251,410,243,242,249,248,240,245,466,478,244,463,475,368,90,295,419,469,472,307,312,460,417,293,297,298,376,286,421,409,375,281,287,239,300,292,290,299,443,420,338,198,373,214,211,415,418,339,209,203,269,416,157,210,202,398,204,205,201,200,207,208,291,289,288,98,206,212,213,387,50,334,88,385,372,384,383,280,414,178,263,262,393,395,52,49,337,93,272,441,48,146,171,164,332,47,381,165,392,294,44,386,45,382,41,285,51,397,284,396,380,378,379,147,278,46,283,282,394,270,296,145,36,38,224,37,35,39,279,66,40,43,162,42,399,156,400,94,9,230,3,333,77,100,78,440,172,265,199,197,161,107,317,264,261,266,336,160,58,129,126,229,7,112,236,155,340,237,238,95,128,119,154,223,159,273,8,158,122,127,140,193,116,91,118,4,168,169,6,142,120,132,104,138,123,135,97,136,358,133,137,106,124,108,111,139,141,131,113,92,117,313,341,318,61,411,105,319,99,342,274,54,315,408,314,344,62,60,148,320,268,356,267,96,316,18,351,153,57,121,413,412,134,114,115,130,125,231,5,56,110,65,271,191,72,67,87,277,355,89,68,76,71,374,370,17,377,346,275,74,276,371,55,367,73,152,357,109,335,75,59,196,194,343,63,195,220,70,215,33,347,166,64,173,170,34,143,401,354,144,149,151,222,353,406,407,150,163,227,405,192,221,228,233,226,190,82,225,235,234,352,84,85,83,366,53,232,176,303,350,86,177,365,189,345,364,219,302,362,363,167,81,175,14,11,32,10,13,180,174,31,80,349,181,12,348,218,188,217,216,361,183,481,179,79,301,182,427,16,430,487,429,428,15,0,455,445,450,19,448,1,453,260,484,464,446,442,485,439,432,456,479,438,451,431,449,447,467,470,28,452,436,458,465,462,473,461,422,20,476,488,433,257,474,471,459,256,468,437,477,454,517,457,509,423,444,259,258,486,480,482,483,506,187,508,359,21,185,24,23,22,186,184,25,360,26,528,498,425,29,27,30,489,324,322,323,325,388,510,526,527,390,525,391,499,490,503,515,321,504,389,505,507,426,434,500,435,523,497,529,524,533,424,516,101,501,514,512,102,511,103,513,519,502,518,329,330,327,494,521,522,520,326,2,328,331,495,535,532,531,530,491,493,496,536,492,534,
402,369,403,404,309,69,241,311,250,254,305,308,310,306,253,304,255,247,252,246,251,410,243,242,248,249,240,245,466,478,244,463,475,368,90,295,419,469,472,307,312,460,417,293,297,298,376,286,421,375,409,281,287,239,300,292,290,299,443,420,338,198,373,214,211,418,415,339,203,209,269,416,157,202,210,204,398,205,201,200,207,208,291,289,288,98,206,212,213,50,387,334,88,385,372,384,280,383,414,178,263,262,393,395,52,49,337,93,441,272,48,146,171,164,332,47,165,392,381,294,285,386,45,41,44,382,284,51,397,379,378,396,380,147,278,46,283,282,394,270,296,36,145,38,224,37,35,39,66,279,40,43,162,42,399,156,400,94,230,9,3,333,77,78,100,440,172,265,199,197,161,107,317,264,261,266,336,160,129,58,126,229,7,155,236,112,340,238,95,237,154,128,119,223,159,122,158,273,8,127,116,140,193,91,118,4,168,169,6,142,123,132,135,120,138,104,97,137,133,358,136,106,124,139,111,108,113,141,131,313,92,117,341,105,411,61,318,319,342,54,99,274,408,315,344,314,148,62,60,320,267,356,96,268,316,18,153,351,412,57,134,114,121,413,115,130,125,231,110,5,56,67,72,191,271,65,355,277,87,89,68,76,17,71,374,370,377,275,74,346,276,371,367,55,73,152,357,109,335,75,59,196,343,194,195,63,220,70,33,215,166,347,173,64,170,34,143,401,354,144,149,151,222,353,406,407,150,405,227,163,233,228,221,190,192,226,82,225,235,234,352,85,83,366,84,176,303,232,53,86,350,365,177,189,345,364,363,362,219,302,167,14,175,81,11,13,32,10,174,31,80,180,349,181,12,348,218,217,216,188,361,183,179,481,301,79,182,427,16,430,487,429,428,0,15,455,445,19,450,448,1,260,453,464,446,484,485,442,439,432,456,479,438,431,451,449,447,467,470,28,452,436,458,462,465,473,422,461,20,433,488,476,257,477,459,468,471,437,474,256,454,517,457,509,444,423,259,258,480,486,482,483,506,187,508,359,21,185,24,23,184,186,22,25,360,26,528,498,30,27,29,425,489,324,322,325,388,323,510,526,527,503,390,490,499,391,525,515,321,505,504,389,426,507,500,434,435,497,523,533,424,524,529,516,101,501,514,513,511,102,103,512,519,502,518,330,327,329,520,522,326,521,494,331,328,2,492,532,496,536,534,531,491,530,493,495,535,
402,369,403,404,309,69,241,311,250,254,305,308,310,306,253,304,255,247,252,246,251,410,243,242,248,249,240,245,466,478,244,463,475,90,368,295,419,469,472,307,312,460,417,293,298,297,376,286,421,375,409,281,287,239,300,292,290,299,443,420,338,198,373,214,211,418,415,339,203,209,416,269,157,210,202,398,204,205,201,200,208,207,291,289,288,98,206,212,213,387,50,334,88,385,372,384,280,383,414,178,262,263,393,395,52,49,337,93,272,441,48,146,171,164,332,47,165,381,392,294,45,382,44,285,41,386,284,51,397,378,396,380,379,147,278,46,283,282,394,270,296,36,145,38,224,35,37,39,40,66,279,43,162,42,399,400,156,94,9,230,3,333,77,100,78,440,172,265,199,197,161,107,317,264,261,266,336,129,58,160,126,229,7,236,155,112,340,238,95,237,119,128,154,223,159,8,158,273,122,127,193,140,116,91,118,4,168,169,6,142,104,123,138,135,132,120,136,137,97,133,358,106,124,111,108,139,113,131,141,92,313,117,341,318,105,61,411,319,54,274,342,99,408,315,344,314,62,60,148,320,268,267,316,96,356,18,351,153,114,412,57,413,121,134,231,115,125,130,56,5,110,271,67,191,72,65,355,87,277,89,68,76,377,374,370,17,71,346,275,74,276,371,367,55,73,152,357,109,335,75,59,196,194,343,195,63,220,70,33,215,166,347,173,64,170,143,401,34,354,144,151,149,353,222,406,150,407,405,163,227,226,192,190,228,221,233,82,225,234,235,352,85,84,366,83,53,176,303,232,350,86,189,177,365,345,364,362,363,167,219,302,175,81,14,11,13,10,32,80,174,180,31,349,181,348,12,217,188,218,216,361,183,179,481,79,301,182,427,16,430,487,428,429,15,0,455,445,450,19,448,1,453,260,446,484,464,442,485,432,439,456,479,431,438,451,449,447,467,470,28,452,436,465,462,458,473,461,422,20,433,476,488,257,468,437,459,256,474,477,471,454,517,457,509,444,259,423,258,482,480,486,483,506,187,508,359,21,185,23,24,22,186,184,25,360,26,528,498,29,30,425,27,489,324,322,325,388,323,526,510,527,390,503,490,499,391,525,515,321,505,504,389,426,507,434,500,435,497,523,533,516,424,524,529,101,501,512,514,103,102,511,513,519,502,329,327,518,330,522,326,494,520,521,328,2,331,535,530,534,536,496,492,493,532,531,495,491,
402,369,403,404,309,69,241,311,250,254,305,310,308,306,253,304,255,247,252,246,251,410,243,242,249,248,240,245,466,478,244,463,90,368,475,295,419,469,472,307,312,460,417,293,298,297,376,286,421,375,409,281,287,239,300,292,290,299,443,420,338,198,373,214,211,415,418,339,209,203,269,416,157,210,202,204,398,205,201,200,208,207,291,289,288,206,98,212,213,50,387,334,88,385,372,384,383,280,414,178,262,263,393,395,52,49,337,93,441,272,48,146,171,164,332,47,165,381,392,294,285,41,44,45,386,382,284,397,51,396,380,378,379,147,278,46,283,282,394,270,296,145,36,38,224,35,37,39,279,66,40,43,162,42,399,400,156,94,230,9,3,333,77,78,100,440,172,265,199,197,161,107,317,264,261,266,336,160,58,129,126,229,7,112,236,155,340,95,238,237,119,154,128,223,159,8,273,122,158,127,116,140,193,91,118,4,168,6,169,142,138,123,132,135,120,104,97,136,137,133,358,124,106,139,111,108,131,113,141,92,313,117,318,105,61,341,411,319,54,274,99,342,315,408,344,314,62,148,60,320,356,268,96,267,316,18,351,153,121,134,57,412,114,413,115,125,231,130,110,56,5,72,67,191,65,271,87,355,277,89,76,68,370,374,71,17,377,275,346,74,276,371,367,55,73,152,357,109,75,335,59,196,194,343,63,195,220,215,70,33,347,166,173,64,170,34,401,143,354,144,149,151,222,353,406,150,407,227,163,405,226,233,221,192,228,190,82,225,234,235,352,84,366,85,83,53,303,176,232,86,350,365,177,189,345,364,302,219,167,362,363,81,175,14,11,32,13,10,31,80,174,180,349,181,12,348,218,188,217,216,361,183,481,179,79,301,182,427,16,430,487,428,429,15,0,455,445,450,19,448,1,453,260,484,464,446,485,442,432,439,456,479,438,431,451,449,447,470,467,28,436,452,458,462,465,473,461,422,20,476,433,488,257,256,471,468,437,459,474,477,454,517,457,509,423,259,444,258,480,482,486,483,506,187,508,359,21,185,186,184,23,24,22,25,360,26,528,498,27,29,425,30,324,489,322,325,323,388,526,510,527,490,390,391,503,525,499,515,321,389,505,504,426,507,500,434,435,497,523,516,524,424,533,529,501,101,513,511,103,514,512,102,519,502,518,330,329,327,521,326,494,522,520,331,328,2,492,495,535,493,530,531,534,496,491,536,532,
402,369,403,404,309,69,241,311,250,254,305,310,308,306,253,304,255,247,252,246,251,410,243,242,249,248,240,245,466,478,244,463,90,368,475,295,419,469,472,307,312,460,417,293,298,297,376,286,421,409,375,281,287,239,300,292,290,299,443,420,338,198,373,214,211,415,418,339,203,209,416,269,157,202,210,398,204,205,201,200,207,208,291,289,288,98,206,212,213,50,387,334,88,385,372,384,383,280,414,178,263,262,393,395,52,49,337,93,272,441,146,48,171,164,332,47,165,381,392,294,45,285,382,386,44,41,51,284,397,380,396,379,378,147,278,46,283,282,394,270,296,36,145,38,224,37,35,39,40,66,279,43,162,42,399,156,400,94,230,9,3,333,77,78,100,440,172,265,199,197,161,107,317,261,264,266,336,129,160,58,126,229,7,112,236,155,340,95,238,237,119,154,128,223,159,158,122,8,273,127,140,116,193,91,118,168,4,6,169,142,135,104,120,138,123,132,133,136,97,137,358,124,106,139,108,111,131,141,113,313,117,92,105,318,341,411,61,319,99,54,342,274,315,408,314,344,60,148,62,320,316,356,268,96,267,18,153,351,413,114,412,57,134,121,125,130,115,231,110,56,5,65,191,67,271,72,87,277,355,89,76,68,71,17,374,370,377,275,74,346,371,276,367,55,73,152,357,109,75,335,59,196,194,343,195,63,220,33,215,70,166,347,64,173,170,401,34,143,354,144,149,151,222,353,150,406,407,405,163,227,226,228,233,221,192,190,225,82,234,235,352,366,84,85,83,232,176,53,303,350,86,189,365,177,364,345,219,362,167,363,302,175,81,14,11,13,10,32,174,31,80,180,181,349,12,348,218,188,217,216,361,183,179,481,79,301,182,427,16,430,487,428,429,0,15,455,445,19,450,1,448,453,260,446,484,464,442,485,439,432,456,479,438,431,451,447,449,467,470,28,436,452,465,462,458,473,461,422,20,476,488,433,257,256,437,468,459,474,477,471,454,517,457,509,444,259,423,258,486,480,482,483,506,187,508,359,21,185,184,24,22,186,23,25,360,26,498,528,30,27,425,29,489,324,322,388,325,323,510,526,527,525,499,391,490,390,503,515,321,505,389,504,426,507,434,500,435,523,497,516,533,524,424,529,501,101,511,514,102,103,512,513,519,502,330,518,327,329,494,326,521,522,520,2,328,331,495,534,493,531,496,491,492,530,532,536,535,
402,369,403,404,309,69,241,311,250,254,305,308,310,306,253,304,255,247,252,246,251,410,243,242,249,248,240,245,466,478,244,463,475,368,90,295,419,469,472,307,312,460,417,293,297,298,376,286,421,375,409,281,287,239,300,292,290,299,443,420,338,198,373,214,211,418,415,339,209,203,269,416,157,202,210,204,398,205,201,200,207,208,291,289,288,206,98,212,213,387,50,334,88,385,372,384,280,383,414,178,262,263,393,395,52,49,337,93,441,272,48,146,171,164,332,47,392,165,381,294,44,386,285,45,41,382,397,51,284,396,378,379,380,147,278,46,283,282,394,270,296,36,145,38,224,35,37,39,66,279,40,43,162,42,399,156,400,94,9,230,3,333,77,78,100,440,172,265,199,197,161,107,317,261,264,266,336,58,129,160,126,229,7,112,155,236,340,238,95,237,154,128,119,223,159,158,273,122,8,127,193,140,116,91,118,4,168,169,6,142,120,104,123,135,132,138,137,97,358,133,136,106,124,139,108,111,113,141,131,92,117,313,105,341,411,318,61,319,99,342,274,54,315,408,314,344,148,62,60,320,96,268,316,267,356,153,351,18,114,413,121,412,57,134,130,125,115,231,56,5,110,72,271,191,67,65,277,355,87,89,76,68,374,370,377,17,71,74,346,275,276,371,55,367,73,152,357,109,75,335,59,196,194,343,195,63,220,70,215,33,347,166,173,64,170,34,143,401,354,144,149,151,222,353,150,406,407,163,405,227,233,192,226,228,190,221,82,225,235,234,352,83,84,85,366,176,53,303,232,86,350,189,365,177,364,345,362,302,219,363,167,14,81,175,11,32,10,13,180,31,80,174,181,349,348,12,217,188,218,216,361,183,481,179,79,301,182,427,16,430,487,428,429,0,15,455,445,450,19,448,1,260,453,464,484,446,442,485,432,439,456,479,451,438,431,449,447,467,470,28,452,436,462,458,465,473,461,422,20,476,433,488,257,474,468,471,477,459,256,437,454,517,457,509,444,259,423,258,482,486,480,483,506,187,508,359,21,185,23,184,22,186,24,25,360,26,528,498,425,27,29,30,489,322,324,388,323,325,526,510,527,525,390,490,391,499,503,515,321,504,389,505,507,426,500,434,435,523,497,533,524,424,516,529,501,101,103,102,512,511,514,513,519,502,330,329,518,327,521,522,520,326,494,2,328,331,496,492,531,535,536,495,532,530,493,491,534,
402,369,403,404,309,69,241,311,250,254,305,308,310,306,253,304,255,247,252,246,251,410,243,242,249,248,240,245,466,478,244,463,368,475,90,295,419,469,472,307,312,460,417,293,297,298,376,286,421,375,409,281,287,239,300,292,290,299,443,420,338,198,373,214,211,418,415,339,203,209,269,416,157,210,202,398,204,205,201,200,207,208,291,289,288,98,206,212,213,50,387,334,88,385,372,384,383,280,414,178,263,262,393,395,52,49,337,93,441,272,48,146,171,164,332,47,381,165,392,294,45,285,44,41,386,382,397,51,284,379,380,378,396,147,278,46,283,282,394,270,296,145,36,38,224,35,37,39,279,40,66,43,162,42,399,156,400,94,230,9,3,333,77,78,100,440,172,265,199,197,107,161,317,261,264,266,336,129,160,58,126,229,7,236,155,112,340,237,95,238,128,119,154,223,159,8,273,158,122,127,193,116,140,91,118,168,4,6,169,142,123,135,138,104,132,120,133,136,97,137,358,106,124,111,139,108,131,113,141,313,117,92,105,318,411,341,61,319,99,342,54,274,408,315,344,314,148,60,62,320,268,267,316,96,356,351,18,153,412,121,114,134,57,413,115,231,130,125,56,110,5,271,65,67,72,191,277,355,87,89,76,68,17,377,374,71,370,74,275,346,371,276,55,367,73,152,357,109,335,75,59,196,194,343,63,195,220,70,215,33,166,347,64,173,170,34,143,401,354,144,151,149,222,353,406,407,150,227,163,405,226,190,192,221,233,228,82,225,234,235,352,85,366,84,83,303,53,176,232,86,350,189,177,365,364,345,302,362,219,363,167,175,81,14,11,32,13,10,180,174,80,31,181,349,12,348,188,218,217,216,361,183,179,481,79,301,182,427,16,430,487,428,429,0,15,455,445,450,19,448,1,260,453,464,446,484,485,442,439,432,456,479,451,438,431,447,449,470,467,28,436,452,458,462,465,473,461,422,20,433,488,476,257,474,437,471,468,459,477,256,454,517,457,509,259,444,423,258,482,486,480,483,506,187,508,359,21,185,24,184,23,186,22,25,360,26,498,528,27,29,30,425,324,322,489,388,325,323,526,510,527,390,525,499,391,490,503,515,321,389,504,505,426,507,434,500,435,497,523,424,529,524,516,533,501,101,513,514,512,102,511,103,519,502,330,327,329,518,326,520,522,521,494,331,328,2,493,530,536,496,535,532,495,491,531,534,492,
402,369,403,404,309,69,241,311,250,254,305,308,310,306,253,304,255,247,252,246,251,410,243,242,248,249,240,245,466,478,244,463,475,368,90,295,419,469,472,307,312,460,417,293,297,298,376,286,421,409,375,281,287,239,300,292,290,299,443,420,338,198,373,214,211,418,415,339,209,203,269,416,157,210,202,398,204,205,201,200,207,208,291,289,288,98,206,212,213,387,50,334,88,385,372,384,280,383,414,178,262,263,393,395,52,49,337,93,441,272,146,48,171,164,332,47,381,392,165,294,41,45,44,285,382,386,397,284,51,378,396,379,380,147,278,46,283,282,270,394,296,36,145,38,224,35,37,39,66,40,279,43,162,42,399,156,400,94,9,230,3,333,77,100,78,440,172,265,199,197,107,161,317,261,264,266,336,129,58,160,126,229,7,112,236,155,340,238,95,237,154,119,128,223,159,122,8,273,158,127,193,140,116,91,118,168,4,6,169,142,132,135,123,120,138,104,133,97,137,358,136,106,124,108,111,139,131,113,141,117,92,313,105,318,341,411,61,319,274,99,342,54,315,408,344,314,60,148,62,320,96,268,267,356,316,18,351,153,114,412,121,57,413,134,130,231,125,115,56,5,110,271,65,67,191,72,355,87,277,89,76,68,370,71,377,374,17,275,74,346,276,371,367,55,73,152,357,109,335,75,59,196,343,194,63,195,220,70,215,33,166,347,173,64,170,401,34,143,354,144,149,151,353,222,150,406,407,227,405,163,221,190,226,192,233,228,225,82,235,234,352,85,84,83,366,53,303,232,176,350,86,189,177,365,364,345,302,167,363,362,219,175,81,14,11,32,13,10,174,31,180,80,181,349,12,348,188,218,217,216,361,183,179,481,79,301,182,427,16,430,487,429,428,15,0,455,445,450,19,1,448,453,260,464,446,484,442,485,439,432,456,479,451,438,431,449,447,467,470,28,436,452,465,458,462,473,461,422,20,433,488,476,257,477,256,474,459,437,471,468,454,517,457,509,444,423,259,258,480,486,482,483,506,187,508,359,21,185,22,186,184,24,23,25,360,26,498,528,29,27,425,30,489,322,324,323,325,388,526,510,527,390,490,525,391,503,499,515,321,389,505,504,507,426,500,434,435,497,523,524,529,516,533,424,501,101,511,513,512,102,103,514,519,502,518,329,327,330,520,521,326,522,494,331,328,2,535,530,495,491,532,492,531,496,534,536,493,
402,369,403,404,309,69,241,311,250,254,305,308,310,306,253,304,255,247,252,246,251,410,243,242,249,248,240,245,466,478,244,463,475,368,90,295,419,469,472,307,312,460,417,293,298,297,376,286,421,409,375,281,287,239,300,292,290,299,443,420,338,198,373,214,211,418,415,339,203,209,269,416,157,210,202,204,398,205,201,200,207,208,291,289,288,206,98,212,213,50,387,334,88,385,372,384,280,383,414,178,262,263,393,395,52,49,337,93,272,441,48,146,171,164,332,47,392,165,381,294,386,41,45,382,44,285,284,397,51,378,379,396,380,147,46,278,283,282,270,394,296,36,145,38,224,37,35,39,279,66,40,43,162,42,399,156,400,94,230,9,3,333,77,100,78,440,172,265,199,197,161,107,317,264,261,266,336,129,58,160,126,229,7,155,236,112,340,238,95,237,154,119,128,223,159,122,8,158,273,127,140,116,193,91,118,4,168,169,6,142,135,104,120,138,123,132,137,136,358,97,133,106,124,108,139,111,141,131,113,92,313,117,411,105,61,341,318,319,54,342,274,99,408,315,344,314,60,148,62,320,267,96,316,356,268,18,351,153,412,134,121,114,413,57,231,130,125,115,110,5,56,65,67,72,191,271,277,355,87,89,76,68,71,374,17,370,377,74,275,346,371,276,367,55,152,73,357,109,75,335,59,196,194,343,195,63,220,70,33,215,347,166,64,173,170,34,401,143,354,144,151,149,222,353,150,407,406,227,163,405,233,226,190,192,221,228,82,225,234,235,352,366,85,83,84,303,53,176,232,86,350,189,177,365,364,345,363,362,302,219,167,175,81,14,11,13,32,10,80,180,31,174,349,181,12,348,218,216,217,188,361,183,481,179,301,79,182,427,16,430,487,429,428,15,0,455,445,19,450,448,1,260,453,446,484,464,485,442,439,432,479,456,431,438,451,447,449,470,467,28,436,452,465,458,462,473,461,422,20,488,476,433,257,477,471,256,459,468,474,437,454,517,457,509,423,444,259,258,482,486,480,483,506,187,508,359,21,185,24,186,184,23,22,25,360,26,498,528,30,27,425,29,324,322,489,325,388,323,510,526,527,525,490,391,499,503,390,515,321,504,505,389,507,426,434,500,435,497,523,529,424,533,524,516,101,501,103,512,513,102,514,511,519,502,329,518,327,330,494,522,521,326,520,331,328,2,530,532,493,491,534,536,495,535,492,531,496,
402,369,403,404,309,69,241,311,250,254,305,310,308,306,253,304,255,247,252,246,251,410,243,242,248,249,240,245,466,478,244,463,475,368,90,295,419,469,472,307,312,460,417,293,297,298,376,286,421,375,409,281,287,239,300,292,290,299,443,420,338,198,373,214,211,418,415,339,209,203,269,416,157,202,210,204,398,205,201,200,207,208,291,289,288,206,98,212,213,50,387,334,88,385,372,384,280,383,414,178,263,262,393,395,52,49,337,93,441,272,48,146,171,164,332,47,381,165,392,294,45,382,44,285,41,386,51,284,397,378,379,396,380,147,278,46,283,282,394,270,296,145,36,38,224,35,37,39,40,66,279,43,162,42,399,156,400,94,230,9,3,333,77,78,100,440,172,265,199,197,107,161,317,261,264,266,336,160,58,129,126,229,7,155,112,236,340,238,95,237,119,128,154,223,159,158,8,273,122,127,193,116,140,91,118,4,168,6,169,142,123,120,138,104,132,135,137,358,136,97,133,124,106,139,108,111,113,141,131,117,313,92,61,411,105,341,318,319,99,342,54,274,408,315,314,344,148,62,60,320,356,267,268,96,316,351,153,18,121,412,114,134,57,413,231,130,115,125,110,56,5,67,72,65,191,271,355,87,277,89,76,68,370,17,374,377,71,275,74,346,276,371,367,55,73,152,357,109,335,75,59,196,343,194,195,63,220,33,215,70,166,347,64,173,170,143,34,401,354,144,151,149,353,222,406,407,150,405,227,163,221,226,192,228,233,190,82,225,234,235,352,84,85,83,366,53,232,303,176,86,350,189,365,177,345,364,167,302,362,363,219,175,81,14,11,32,10,13,31,180,174,80,349,181,348,12,218,216,188,217,361,183,179,481,301,79,182,427,16,430,487,428,429,0,15,455,445,450,19,1,448,453,260,484,464,446,442,485,439,432,456,479,438,451,431,447,449,470,467,28,452,436,458,465,462,473,461,422,20,476,433,488,257,477,459,471,256,437,474,468,454,517,457,509,444,423,259,258,482,480,486,483,506,187,508,359,21,185,22,23,24,186,184,25,360,26,498,528,29,30,27,425,324,489,322,388,323,325,510,526,527,390,503,499,525,391,490,515,321,389,505,504,507,426,500,434,435,497,523,524,424,533,516,529,101,501,103,512,511,514,102,513,519,502,327,330,518,329,494,522,326,521,520,331,328,2,531,493,496,491,530,492,536,495,532,534,535,
402,369,403,404,309,69,241,311,250,254,305,308,310,306,253,304,255,247,252,246,251,410,243,242,248,249,240,245,466,478,244,463,475,90,368,295,419,469,472,307,312,460,417,293,297,298,376,286,421,375,409,281,287,239,300,292,290,299,443,420,338,198,373,214,211,415,418,339,209,203,416,269,157,202,210,204,398,205,201,200,207,208,291,289,288,206,98,212,213,50,387,334,88,385,372,384,280,383,414,178,262,263,393,395,52,49,337,93,272,441,48,146,171,164,332,47,165,392,381,294,45,382,285,44,41,386,397,51,284,396,380,379,378,147,46,278,283,282,394,270,296,145,36,38,224,35,37,39,40,279,66,43,162,42,399,400,156,94,9,230,3,333,77,100,78,440,172,265,199,197,161,107,317,264,261,266,336,160,58,129,126,229,7,112,236,155,340,238,95,237,119,128,154,223,159,8,122,273,158,127,193,140,116,91,118,4,168,6,169,142,123,120,104,135,138,132,133,136,137,97,358,106,124,108,139,111,113,131,141,92,313,117,318,341,105,61,411,319,99,54,274,342,408,315,344,314,148,60,62,320,96,268,316,267,356,18,351,153,57,114,134,412,413,121,231,125,130,115,110,56,5,65,72,191,271,67,355,277,87,89,68,76,370,377,17,71,374,74,346,275,276,371,55,367,152,73,357,109,75,335,59,196,194,343,195,63,220,215,70,33,166,347,64,173,170,34,401,143,354,144,149,151,353,222,406,150,407,163,405,227,192,221,228,190,226,233,225,82,234,235,352,366,83,85,84,176,53,232,303,86,350,177,189,365,364,345,302,363,167,219,362,81,175,14,11,32,13,10,80,174,180,31,181,349,348,12,217,188,216,218,361,183,179,481,79,301,182,427,16,430,487,428,429,0,15,455,445,19,450,448,1,260,453,484,446,464,485,442,439,432,456,479,431,438,451,447,449,470,467,28,436,452,458,462,465,473,422,461,20,433,488,476,257,477,474,471,468,256,437,459,454,517,457,509,423,259,444,258,486,482,480,483,506,187,508,359,21,185,22,23,24,186,184,25,360,26,528,498,29,30,27,425,489,322,324,388,323,325,510,526,527,503,499,490,391,390,525,515,321,504,389,505,507,426,434,500,435,497,523,524,424,533,529,516,101,501,512,514,511,513,103,102,519,502,327,518,330,329,521,326,520,522,494,331,2,328,491,492,534,530,535,493,532,496,531,495,536,
402,369,403,404,309,69,241,311,250,254,305,310,308,306,253,304,255,247,252,246,251,410,243,242,249,248,240,245,466,478,244,463,368,90,475,295,419,469,472,307,312,460,417,293,298,297,376,286,421,409,375,281,287,239,300,292,290,299,443,420,338,198,373,214,211,415,418,339,203,209,416,269,157,202,210,204,398,205,201,200,208,207,291,289,288,206,98,212,213,387,50,334,88,385,372,384,383,280,414,178,262,263,393,395,52,49,337,93,441,272,146,48,171,164,332,47,381,165,392,294,45,382,41,386,44,285,51,397,284,396,379,378,380,147,278,46,283,282,394,270,296,36,145,38,224,37,35,39,40,66,279,43,162,42,399,156,400,94,230,9,3,333,77,78,100,440,172,265,199,197,161,107,317,264,261,266,336,160,58,129,126,229,7,236,112,155,340,95,238,237,154,119,128,223,159,8,122,158,273,127,193,140,116,91,118,168,4,169,6,142,123,104,120,132,135,138,136,97,137,358,133,106,124,139,108,111,113,131,141,117,313,92,105,411,318,61,341,319,99,274,54,342,408,315,344,314,148,60,62,320,267,96,356,268,316,351,18,153,114,57,413,121,134,412,115,125,130,231,56,110,5,72,271,191,65,67,355,87,277,89,68,76,377,71,17,370,374,346,275,74,371,276,367,55,73,152,357,109,75,335,59,196,194,343,63,195,220,215,33,70,347,166,173,64,170,34,143,401,354,144,149,151,353,222,406,407,150,163,405,227,190,221,192,233,226,228,225,82,234,235,352,84,83,85,366,232,53,303,176,350,86,189,365,177,345,364,302,167,362,363,219,175,14,81,11,13,32,10,180,174,31,80,181,349,348,12,188,217,216,218,361,183,481,179,301,79,182,427,16,430,487,429,428,15,0,455,445,19,450,448,1,453,260,484,446,464,485,442,432,439,456,479,431,438,451,449,447,467,470,28,436,452,458,465,462,473,422,461,20,488,433,476,257,468,477,459,471,256,437,474,454,517,457,509,259,444,423,258,480,482,486,483,506,187,508,359,21,185,186,184,23,22,24,25,360,26,498,528,425,30,29,27,322,489,324,388,325,323,510,526,527,525,499,503,390,391,490,515,321,505,389,504,426,507,500,434,435,497,523,524,516,424,529,533,501,101,511,512,102,514,513,103,519,502,518,329,327,330,522,326,521,520,494,328,2,331,530,532,531,495,536,496,493,492,534,491,535,
402,369,403,404,309,69,241,311,250,254,305,308,310,306,253,304,255,247,252,246,251,410,243,242,249,248,240,245,466,478,244,463,368,90,475,295,419,469,472,307,312,460,417,293,297,298,376,286,421,409,375,281,287,239,300,292,290,299,443,420,338,198,373,214,211,415,418,339,209,203,269,416,157,210,202,398,204,205,201,200,207,208,291,289,288,98,206,212,213,50,387,334,88,385,372,384,280,383,414,178,263,262,393,395,52,49,337,93,441,272,48,146,171,164,332,47,392,381,165,294,382,285,386,41,44,45,51,397,284,396,378,380,379,147,46,278,283,282,270,394,296,145,36,38,224,35,37,39,40,279,66,43,162,42,399,156,400,94,230,9,3,333,77,78,100,440,172,265,199,197,107,161,317,264,261,266,336,129,58,160,126,229,7,155,236,112,340,237,95,238,154,128,119,223,159,158,122,8,273,127,116,140,193,91,118,168,4,169,6,142,123,132,104,120,138,135,136,133,97,137,358,106,124,108,139,111,113,131,141,92,117,313,318,341,105,61,411,319,54,99,342,274,408,315,314,344,148,60,62,320,267,356,316,96,268,153,18,351,121,57,413,134,412,114,231,130,115,125,5,56,110,271,67,72,65,191,355,277,87,89,76,68,374,17,377,71,370,74,275,346,276,371,367,55,152,73,357,109,335,75,59,196,194,343,195,63,220,70,215,33,347,166,64,173,170,143,401,34,354,144,149,151,353,222,407,150,406,405,163,227,190,226,221,192,233,228,82,225,234,235,352,83,85,366,84,176,303,53,232,350,86,365,177,189,364,345,362,363,302,167,219,14,175,81,11,10,32,13,174,31,180,80,349,181,348,12,218,216,217,188,361,183,179,481,79,301,182,427,16,430,487,428,429,15,0,455,445,450,19,448,1,260,453,464,484,446,485,442,439,432,479,456,438,451,431,447,449,467,470,28,452,436,458,465,462,473,461,422,20,476,433,488,257,471,459,477,437,468,474,256,454,517,457,509,423,259,444,258,480,486,482,483,506,187,508,359,21,185,186,23,184,22,24,25,360,26,498,528,30,425,27,29,324,489,322,323,388,325,510,526,527,499,525,390,490,503,391,515,321,505,389,504,507,426,434,500,435,497,523,533,424,516,524,529,101,501,512,102,511,514,513,103,519,502,327,518,329,330,326,494,521,522,520,331,2,328,495,531,492,491,493,535,536,530,496,534,532,
402,369,403,404,309,69,241,311,250,254,305,310,308,306,253,304,255,247,252,246,251,410,243,242,248,249,240,245,466,478,244,463,368,475,90,295,419,469,472,307,312,460,417,293,298,297,376,286,421,409,375,281,287,239,300,292,290,299,443,420,338,198,373,214,211,418,415,339,203,209,269,416,157,202,210,204,398,205,201,200,208,207,291,289,288,206,98,212,213,387,50,334,88,385,372,384,280,383,414,178,262,263,393,395,52,49,337,93,441,272,48,146,171,164,332,47,381,165,392,294,41,44,386,382,45,285,51,284,397,380,378,379,396,147,278,46,283,282,270,394,296,145,36,38,224,37,35,39,279,66,40,43,162,42,399,400,156,94,230,9,3,333,77,78,100,440,172,265,199,197,161,107,317,261,264,266,336,160,58,129,126,229,7,155,236,112,340,95,238,237,119,128,154,223,159,158,8,122,273,127,140,193,116,91,118,168,4,169,6,142,138,123,135,104,132,120,136,133,358,137,97,124,106,139,111,108,113,131,141,117,313,92,318,61,411,105,341,319,274,54,99,342,408,315,344,314,60,62,148,320,316,96,356,268,267,153,18,351,134,114,412,413,57,121,130,231,125,115,56,110,5,67,191,271,72,65,87,355,277,89,68,76,374,370,17,377,71,275,346,74,371,276,367,55,73,152,357,109,335,75,59,196,194,343,63,195,220,70,215,33,347,166,64,173,170,34,401,143,354,144,151,149,222,353,407,406,150,227,163,405,192,221,190,228,226,233,225,82,234,235,352,366,83,84,85,303,176,232,53,350,86,177,189,365,364,345,219,363,362,167,302,81,14,175,11,32,10,13,180,80,174,31,181,349,348,12,216,217,218,188,361,183,481,179,301,79,182,427,16,430,487,428,429,0,15,455,445,19,450,1,448,453,260,464,484,446,485,442,439,432,456,479,438,451,431,447,449,467,470,28,452,436,462,465,458,473,422,461,20,476,433,488,257,474,256,477,468,471,437,459,454,517,457,509,444,259,423,258,480,486,482,483,506,187,508,359,21,185,23,186,184,22,24,25,360,26,528,498,29,425,27,30,322,489,324,323,325,388,510,526,527,503,390,525,391,490,499,515,321,505,504,389,507,426,500,434,435,523,497,516,424,529,533,524,101,501,512,102,103,513,514,511,519,502,518,329,330,327,522,520,326,521,494,2,331,328,534,496,536,493,491,492,495,530,531,535,532,
402,369,403,404,309,69,241,311,250,254,305,310,308,306,253,304,255,247,252,246,251,410,243,242,249,248,240,245,466,478,244,463,90,475,368,295,419,469,472,307,312,460,417,293,298,297,376,286,421,375,409,281,287,239,300,292,290,299,443,420,338,198,373,214,211,415,418,339,209,203,269,416,157,210,202,204,398,205,201,200,208,207,291,289,288,98,206,212,213,50,387,334,88,385,372,384,383,280,414,178,262,263,393,395,52,49,337,93,441,272,48,146,171,164,332,47,381,392,165,294,41,44,45,382,386,285,51,397,284,379,396,378,380,147,278,46,283,282,270,394,296,145,36,38,224,37,35,39,279,40,66,43,162,42,399,156,400,94,9,230,3,333,77,100,78,440,172,265,199,197,161,107,317,264,261,266,336,129,160,58,126,229,7,236,112,155,340,95,237,238,128,119,154,223,159,158,273,122,8,127,116,193,140,91,118,168,4,169,6,142,135,132,104,123,120,138,136,137,358,133,97,106,124,111,139,108,141,131,113,92,313,117,105,61,341,411,318,319,342,99,274,54,315,408,344,314,60,62,148,320,268,96,316,267,356,18,351,153,57,134,413,412,114,121,115,231,130,125,5,56,110,271,67,191,72,65,87,277,355,89,76,68,370,374,377,71,17,74,275,346,371,276,367,55,73,152,357,109,75,335,59,196,194,343,195,63,220,215,70,33,166,347,64,173,170,143,401,34,354,144,151,149,353,222,150,407,406,405,227,163,221,233,192,226,228,190,225,82,234,235,352,366,84,83,85,232,53,303,176,86,350,365,189,177,364,345,219,362,167,363,302,81,175,14,11,32,10,13,174,80,180,31,349,181,348,12,216,218,188,217,361,183,481,179,301,79,182,427,16,430,487,428,429,0,15,455,445,19,450,448,1,453,260,446,484,464,442,485,432,439,479,456,431,438,451,449,447,467,470,28,452,436,465,462,458,473,461,422,20,433,476,488,257,256,477,437,471,474,468,459,454,517,457,509,259,444,423,258,486,482,480,483,506,187,508,359,21,185,22,186,24,23,184,25,360,26,528,498,425,30,29,27,322,324,489,388,325,323,510,526,527,391,490,525,503,390,499,515,321,504,505,389,507,426,500,434,435,523,497,516,524,529,533,424,101,501,512,103,513,511,102,514,519,502,329,518,327,330,520,494,522,521,326,331,328,2,531,532,491,534,493,535,495,530,536,496,492,
402,369,403,404,309,69,241,311,250,254,305,310,308,306,253,304,255,247,252,246,251,410,243,242,249,248,240,245,466,478,244,463,368,90,475,295,419,469,472,307,312,460,417,293,298,297,376,286,421,409,375,281,287,239,300,292,290,299,443,420,338,198,373,214,211,415,418,339,209,203,416,269,157,210,202,398,204,205,201,200,207,208,291,289,288,206,98,212,213,50,387,334,88,385,372,384,383,280,414,178,263,262,393,395,52,49,337,93,272,441,48,146,171,164,332,47,381,392,165,294,285,41,44,382,386,45,284,397,51,378,396,380,379,147,278,46,283,282,394,270,296,36,145,38,224,35,37,39,66,279,40,43,162,42,399,400,156,94,230,9,3,333,77,100,78,440,172,265,199,197,161,107,317,264,261,266,336,129,58,160,126,229,7,236,155,112,340,238,237,95,154,128,119,223,159,122,273,8,158,127,140,116,193,91,118,4,168,6,169,142,132,104,135,138,120,123,136,97,358,137,133,106,124,139,111,108,141,113,131,92,117,313,341,411,61,105,318,319,99,54,274,342,408,315,314,344,62,148,60,320,96,316,356,267,268,351,18,153,114,57,134,412,121,413,130,125,231,115,110,56,5,72,65,271,191,67,355,277,87,89,76,68,71,370,377,374,17,346,275,74,371,276,367,55,152,73,357,109,335,75,59,196,194,343,195,63,220,215,33,70,166,347,64,173,170,34,143,401,354,144,149,151,222,353,407,406,150,163,405,227,190,228,226,233,221,192,225,82,234,235,352,366,84,83,85,232,303,53,176,350,86,177,189,365,364,345,363,302,167,362,219,81,14,175,11,10,32,13,174,31,180,80,349,181,348,12,217,188,216,218,361,183,481,179,79,301,182,427,16,430,487,429,428,0,15,455,445,19,450,448,1,453,260,464,484,446,485,442,439,432,456,479,431,451,438,447,449,470,467,28,452,436,462,458,465,473,461,422,20,488,433,476,257,459,256,437,471,474,468,477,454,517,457,509,444,423,259,258,486,480,482,483,506,187,508,359,21,185,24,22,184,23,186,25,360,26,528,498,29,27,30,425,322,324,489,323,388,325,526,510,527,390,490,391,525,499,503,515,321,389,504,505,507,426,434,500,435,497,523,533,529,524,424,516,101,501,102,514,512,511,513,103,519,502,329,327,330,518,326,521,522,494,520,328,2,331,536,491,530,535,496,534,495,531,532,492,493,
402,369,403,404,309,69,241,311,250,254,305,310,308,306,253,304,255,247,252,246,251,410,243,242,249,248,240,245,466,478,244,463,475,368,90,295,419,469,472,307,312,460,417,293,298,297,376,286,421,375,409,281,287,239,300,292,290,299,443,420,338,198,373,214,211,415,418,339,203,209,416,269,157,202,210,204,398,205,201,200,207,208,291,289,288,206,98,212,213,387,50,334,88,385,372,384,280,383,414,178,262,263,393,395,52,49,337,93,272,441,48,146,171,164,332,47,165,381,392,294,386,41,45,382,44,285,397,284,51,380,379,378,396,147,278,46,283,282,270,394,296,145,36,38,224,35,37,39,279,66,40,43,162,42,399,400,156,94,230,9,3,333,77,100,78,440,172,265,199,197,107,161,317,261,264,266,336,58,129,160,126,229,7,236,155,112,340,95,237,238,154,128,119,223,159,273,8,122,158,127,116,140,193,91,118,168,4,6,169,142,132,104,138,135,120,123,136,358,97,133,137,106,124,111,108,139,131,141,113,117,313,92,411,105,341,61,318,319,54,99,274,342,315,408,344,314,62,148,60,320,356,316,268,267,96,351,18,153,134,114,413,121,412,57,125,231,130,115,110,56,5,67,72,65,271,191,355,277,87,89,68,76,377,71,370,374,17,346,74,275,371,276,367,55,73,152,357,109,335,75,59,196,194,343,63,195,220,33,70,215,166,347,64,173,170,34,143,401,354,144,151,149,353,222,150,406,407,163,227,405,192,226,221,228,233,190,225,82,235,234,352,85,83,84,366,303,232,176,53,350,86,177,189,365,364,345,302,362,219,167,363,175,81,14,11,10,13,32,80,180,174,31,349,181,348,12,188,217,218,216,361,183,481,179,79,301,182,427,16,430,487,429,428,0,15,455,445,19,450,448,1,260,453,464,446,484,442,485,432,439,456,479,431,438,451,447,449,470,467,28,436,452,462,458,465,473,461,422,20,476,433,488,257,471,256,437,468,477,474,459,454,517,457,509,259,444,423,258,480,486,482,483,506,187,508,359,21,185,24,186,23,184,22,25,360,26,498,528,425,30,29,27,324,489,322,325,323,388,510,526,527,503,490,390,525,391,499,515,321,389,505,504,507,426,434,500,435,523,497,516,529,424,524,533,101,501,102,514,511,512,513,103,519,502,327,518,330,329,520,522,326,521,494,331,328,2,532,492,536,530,534,491,496,535,495,531,493,
402,369,403,404,309,69,241,311,250,254,305,308,310,306,253,304,255,247,252,246,251,410,243,242,249,248,240,245,466,478,244,463,475,90,368,295,419,469,472,307,312,460,417,293,298,297,376,286,421,409,375,281,287,239,300,292,290,299,443,420,338,198,373,214,211,418,415,339,209,203,416,269,157,210,202,204,398,205,201,200,208,207,291,289,288,98,206,212,213,50,387,334,88,385,372,384,383,280,414,178,263,262,393,395,52,49,337,93,441,272,48,146,171,164,332,47,381,392,165,294,386,382,44,45,285,41,284,51,397,380,396,379,378,147,46,278,283,282,270,394,296,36,145,38,224,35,37,39,40,66,279,43,162,42,399,156,400,94,9,230,3,333,77,100,78,440,172,265,199,197,107,161,317,264,261,266,336,129,160,58,126,229,7,112,236,155,340,237,238,95,154,119,128,223,159,122,158,8,273,127,116,140,193,91,118,4,168,6,169,142,135,104,123,138,132,120,358,97,133,136,137,124,106,139,111,108,113,141,131,92,313,117,411,341,105,61,318,319,54,99,342,274,408,315,344,314,60,148,62,320,96,268,356,267,316,351,18,153,413,57,121,114,412,134,115,231,125,130,110,5,56,72,191,65,67,271,355,87,277,89,76,68,370,71,17,377,374,275,74,346,371,276,367,55,152,73,357,109,75,335,59,196,343,194,63,195,220,70,33,215,347,166,173,64,170,34,143,401,354,144,151,149,222,353,407,406,150,163,227,405,221,233,226,228,192,190,82,225,235,234,352,85,366,83,84,176,53,303,232,350,86,177,189,365,345,364,302,167,362,363,219,175,81,14,11,10,13,32,80,31,174,180,181,349,12,348,216,217,218,188,361,183,179,481,301,79,182,427,16,430,487,428,429,0,15,455,445,19,450,1,448,453,260,484,446,464,442,485,432,439,479,456,431,451,438,449,447,470,467,28,452,436,465,458,462,473,422,461,20,476,488,433,257,437,477,256,459,468,474,471,454,517,457,509,259,423,444,258,482,480,486,483,506,187,508,359,21,185,22,23,24,184,186,25,360,26,528,498,425,30,29,27,489,322,324,325,388,323,510,526,527,391,525,390,499,490,503,515,321,504,505,389,507,426,500,434,435,523,497,424,529,524,533,516,501,101,514,103,511,102,513,512,519,502,327,329,330,518,521,326,522,520,494,2,328,331,496,495,493,491,492,531,532,534,535,530,536,
402,369,403,404,309,69,241,311,250,254,305,308,310,306,253,304,255,247,252,246,251,410,243,242,249,248,240,245,466,478,244,463,368,475,90,295,419,469,472,307,312,460,417,293,297,298,376,286,421,375,409,281,287,239,300,292,290,299,443,420,338,198,373,214,211,415,418,339,203,209,269,416,157,202,210,398,204,205,201,200,207,208,291,289,288,206,98,212,213,50,387,334,88,385,372,384,280,383,414,178,263,262,393,395,52,49,337,93,272,441,48,146,171,164,332,47,165,381,392,294,285,41,382,44,386,45,397,284,51,379,378,396,380,147,46,278,283,282,270,394,296,145,36,38,224,37,35,39,279,40,66,43,162,42,399,400,156,94,9,230,3,333,77,100,78,440,172,265,199,197,107,161,317,264,261,266,336,160,58,129,126,229,7,155,236,112,340,238,95,237,154,128,119,223,159,273,8,158,122,127,140,193,116,91,118,4,168,6,169,142,104,132,138,120,135,123,133,97,136,137,358,124,106,108,139,111,131,141,113,313,117,92,61,341,105,318,411,319,54,99,274,342,315,408,344,314,148,60,62,320,268,96,316,356,267,18,351,153,412,57,134,114,413,121,231,115,125,130,110,5,56,271,65,191,72,67,355,277,87,89,68,76,17,377,71,374,370,346,275,74,276,371,367,55,152,73,357,109,75,335,59,196,194,343,195,63,220,33,70,215,166,347,173,64,170,34,143,401,354,144,151,149,353,222,150,406,407,227,405,163,190,228,233,226,221,192,225,82,234,235,352,83,84,85,366,53,303,232,176,350,86,189,365,177,345,364,219,302,362,363,167,81,175,14,11,32,13,10,80,31,174,180,181,349,12,348,216,188,217,218,361,183,481,179,301,79,182,427,16,430,487,428,429,0,15,455,445,19,450,448,1,260,453,446,464,484,442,485,432,439,479,456,451,431,438,447,449,467,470,28,452,436,465,458,462,473,422,461,20,433,476,488,257,471,459,256,437,477,468,474,454,517,457,509,423,259,444,258,480,482,486,483,506,187,508,359,21,185,24,22,23,184,186,25,360,26,528,498,425,29,27,30,322,324,489,325,323,388,510,526,527,503,525,390,490,499,391,515,321,505,504,389,426,507,500,434,435,523,497,533,516,529,424,524,501,101,511,103,513,514,102,512,519,502,330,518,327,329,521,522,326,520,494,328,331,2,532,535,492,530,491,536,534,531,495,493,496,
402,369,403,404,309,69,241,311,250,254,305,308,310,306,253,304,255,247,252,246,251,410,243,242,249,248,240,245,466,478,244,463,90,368,475,295,419,469,472,307,312,460,417,293,297,298,376,286,421,375,409,281,287,239,300,292,290,299,443,420,338,198,373,214,211,415,418,339,203,209,269,416,157,210,202,398,204,205,201,200,207,208,291,289,288,98,206,212,213,387,50,334,88,385,372,384,280,383,414,178,263,262,393,395,52,49,337,93,272,441,146,48,171,164,332,47,165,392,381,294,41,386,382,44,45,285,397,51,284,380,396,379,378,147,46,278,283,282,394,270,296,145,36,38,224,37,35,39,40,66,279,43,162,42,399,156,400,94,230,9,3,333,77,100,78,440,172,265,199,197,161,107,317,261,264,266,336,58,129,160,126,229,7,155,236,112,340,238,237,95,154,128,119,223,159,273,158,8,122,127,140,116,193,91,118,168,4,169,6,142,135,120,138,104,123,132,133,136,358,97,137,124,106,139,111,108,113,141,131,313,117,92,61,411,341,318,105,319,99,342,54,274,408,315,344,314,62,148,60,320,316,267,356,268,96,351,18,153,114,412,57,134,413,121,130,231,115,125,5,56,110,72,65,191,67,271,277,355,87,89,68,76,374,377,370,71,17,275,74,346,276,371,367,55,152,73,357,109,75,335,59,196,343,194,195,63,220,33,70,215,347,166,64,173,170,143,34,401,354,144,151,149,353,222,407,406,150,227,405,163,233,190,192,228,226,221,82,225,235,234,352,84,366,85,83,303,53,176,232,350,86,365,189,177,345,364,167,363,219,362,302,14,175,81,11,32,13,10,31,80,174,180,181,349,348,12,188,216,218,217,361,183,481,179,79,301,182,427,16,430,487,429,428,0,15,455,445,450,19,1,448,453,260,446,484,464,485,442,432,439,479,456,431,451,438,449,447,470,467,28,452,436,458,465,462,473,422,461,20,488,433,476,257,459,474,471,256,477,468,437,454,517,457,509,259,423,444,258,480,482,486,483,506,187,508,359,21,185,24,22,23,184,186,25,360,26,528,498,30,29,27,425,322,489,324,388,323,325,526,510,527,503,499,390,490,525,391,515,321,504,389,505,426,507,434,500,435,497,523,529,533,424,524,516,501,101,513,103,514,102,512,511,519,502,330,518,329,327,520,522,326,494,521,2,331,328,492,535,531,532,495,496,534,530,493,536,491,
402,369,403,404,309,69,241,311,250,254,305,310,308,306,253,304,255,247,252,246,251,410,243,242,249,248,240,245,466,478,244,463,90,368,475,295,419,469,472,307,312,460,417,293,297,298,376,286,421,375,409,281,287,239,300,292,290,299,443,420,338,198,373,214,211,415,418,339,209,203,269,416,157,202,210,398,204,205,201,200,207,208,291,289,288,206,98,212,213,387,50,334,88,385,372,384,383,280,414,178,262,263,393,395,52,49,337,93,272,441,146,48,171,164,332,47,381,392,165,294,45,386,44,285,41,382,51,397,284,378,380,379,396,147,46,278,283,282,270,394,296,36,145,38,224,37,35,39,66,40,279,43,162,42,399,400,156,94,9,230,3,333,77,100,78,440,172,265,199,197,161,107,317,261,264,266,336,58,129,160,126,229,7,155,112,236,340,95,238,237,154,119,128,223,159,8,122,273,158,127,116,140,193,91,118,168,4,6,169,142,138,135,132,123,104,120,136,358,137,133,97,124,106,111,139,108,131,141,113,92,117,313,105,411,341,61,318,319,274,342,99,54,315,408,344,314,148,60,62,320,96,356,267,268,316,351,153,18,57,412,121,114,413,134,130,115,231,125,56,110,5,191,271,65,67,72,277,355,87,89,76,68,17,71,370,374,377,346,74,275,276,371,367,55,73,152,357,109,75,335,59,196,343,194,195,63,220,215,70,33,166,347,173,64,170,401,34,143,354,144,149,151,353,222,150,406,407,405,227,163,190,221,192,228,226,233,82,225,234,235,352,83,84,85,366,303,232,176,53,86,350,365,177,189,345,364,362,167,219,363,302,81,175,14,11,32,13,10,31,180,80,174,349,181,348,12,216,217,188,218,361,183,481,179,301,79,182,427,16,430,487,428,429,15,0,455,445,19,450,448,1,260,453,484,446,464,442,485,432,439,456,479,431,451,438,449,447,470,467,28,436,452,458,462,465,473,461,422,20,476,433,488,257,459,471,437,256,474,468,477,454,517,457,509,423,259,444,258,482,480,486,483,506,187,508,359,21,185,186,24,184,22,23,25,360,26,528,498,27,29,425,30,324,489,322,388,325,323,526,510,527,390,391,499,490,503,525,515,321,505,504,389,426,507,434,500,435,497,523,529,524,516,533,424,501,101,511,103,513,512,514,102,519,502,329,330,518,327,521,494,326,520,522,328,2,331,492,493,535,491,531,530,536,496,495,534,532,
402,369,403,404,309,69,241,311,250,254,305,308,310,306,253,304,255,247,252,246,251,410,243,242,249,248,240,245,466,478,244,463,368,475,90,295,419,469,472,307,312,460,417,293,298,297,376,286,421,409,375,281,287,239,300,292,290,299,443,420,338,198,373,214,211,415,418,339,203,209,416,269,157,210,202,204,398,205,201,200,207,208,291,289,288,206,98,212,213,50,387,334,88,385,372,384,280,383,414,178,263,262,393,395,52,49,337,93,272,441,146,48,171,164,332,47,392,165,381,294,382,45,41,44,285,386,51,397,284,379,396,378,380,147,278,46,283,282,394,270,296,36,145,38,224,35,37,39,66,279,40,43,162,42,399,400,156,94,230,9,3,333,77,100,78,440,172,265,199,197,107,161,317,264,261,266,336,58,129,160,126,229,7,236,112,155,340,95,238,237,154,119,128,223,159,158,8,122,273,127,140,116,193,91,118,168,4,6,169,142,104,138,123,132,120,135,136,133,97,358,137,124,106,139,111,108,113,141,131,117,313,92,341,61,105,411,318,319,99,342,274,54,315,408,314,344,62,148,60,320,316,356,268,267,96,18,153,351,134,121,114,57,412,413,115,231,125,130,110,56,5,67,191,72,65,271,277,87,355,89,68,76,374,377,71,370,17,74,275,346,276,371,367,55,73,152,357,109,75,335,59,196,343,194,63,195,220,70,215,33,347,166,173,64,170,34,401,143,354,144,151,149,353,222,150,407,406,227,163,405,190,228,192,226,221,233,225,82,234,235,352,83,366,85,84,303,53,176,232,350,86,177,189,365,364,345,362,302,219,167,363,175,14,81,11,32,13,10,180,31,174,80,349,181,12,348,217,218,188,216,361,183,179,481,79,301,182,427,16,430,487,428,429,15,0,455,445,19,450,448,1,260,453,484,446,464,442,485,439,432,456,479,438,451,431,447,449,467,470,28,452,436,465,458,462,473,422,461,20,433,488,476,257,474,477,256,468,437,471,459,454,517,457,509,423,444,259,258,486,482,480,483,506,187,508,359,21,185,23,24,22,184,186,25,360,26,528,498,29,30,27,425,322,489,324,323,325,388,526,510,527,390,525,499,503,490,391,515,321,505,504,389,426,507,500,434,435,497,523,524,533,424,516,529,101,501,103,102,513,512,514,511,519,502,327,518,330,329,520,521,522,494,326,331,328,2,492,493,531,534,536,495,532,530,491,496,535,
402,369,403,404,309,69,241,311,250,254,305,310,308,306,253,304,255,247,252,246,251,410,243,242,248,249,240,245,466,478,244,463,90,368,475,295,419,469,472,307,312,460,417,293,297,298,376,286,421,409,375,281,287,239,300,292,290,299,443,420,338,198,373,214,211,418,415,339,209,203,416,269,157,210,202,398,204,205,201,200,207,208,291,289,288,98,206,212,213,387,50,334,88,385,372,384,280,383,414,178,263,262,393,395,52,49,337,93,441,272,146,48,171,164,332,47,165,381,392,294,45,285,382,41,44,386,51,284,397,396,380,378,379,147,46,278,283,282,394,270,296,145,36,38,224,35,37,39,40,279,66,43,162,42,399,156,400,94,9,230,3,333,77,100,78,440,172,265,199,197,107,161,317,261,264,266,336,58,160,129,126,229,7,112,236,155,340,237,238,95,128,119,154,223,159,273,158,8,122,127,193,116,140,91,118,168,4,6,169,142,135,123,132,138,120,104,133,137,358,136,97,106,124,111,108,139,141,131,113,313,92,117,61,318,105,341,411,319,342,54,274,99,315,408,344,314,60,62,148,320,96,268,267,316,356,18,351,153,413,412,114,121,134,57,130,231,125,115,110,56,5,191,67,271,72,65,87,277,355,89,76,68,374,71,17,370,377,275,74,346,371,276,367,55,152,73,357,109,75,335,59,196,194,343,63,195,220,215,33,70,347,166,64,173,170,34,401,143,354,144,149,151,353,222,407,406,150,227,405,163,192,233,228,190,226,221,82,225,234,235,352,84,366,83,85,53,176,232,303,350,86,177,189,365,364,345,363,219,362,302,167,14,81,175,11,13,10,32,31,80,180,174,181,349,348,12,188,216,218,217,361,183,179,481,79,301,182,427,16,430,487,428,429,15,0,455,445,450,19,1,448,453,260,484,464,446,485,442,432,439,456,479,438,451,431,447,449,470,467,28,452,436,458,465,462,473,461,422,20,433,476,488,257,256,468,477,474,459,471,437,454,517,457,509,444,423,259,258,482,480,486,483,506,187,508,359,21,185,22,24,184,186,23,25,360,26,498,528,29,30,27,425,324,322,489,325,388,323,526,510,527,503,490,391,525,390,499,515,321,389,505,504,426,507,500,434,435,497,523,424,524,533,516,529,501,101,103,511,513,512,514,102,519,502,329,330,327,518,521,522,326,494,520,328,331,2,534,495,496,492,530,532,493,491,536,531,535,
402,369,403,404,309,69,241,311,250,254,305,308,310,306,253,304,255,247,252,246,251,410,243,242,248,249,240,245,466,478,244,463,90,475,368,295,419,469,472,307,312,460,417,293,297,298,376,286,421,409,375,281,287,239,300,292,290,299,443,420,338,198,373,214,211,415,418,339,209,203,269,416,157,202,210,398,204,205,201,200,207,208,291,289,288,98,206,212,213,50,387,334,88,385,372,384,280,383,414,178,262,263,393,395,52,49,337,93,272,441,48,146,171,164,332,47,392,165,381,294,41,45,44,285,382,386,284,397,51,379,396,380,378,147,278,46,283,282,394,270,296,145,36,38,224,37,35,39,40,66,279,43,162,42,399,400,156,94,9,230,3,333,77,78,100,440,172,265,199,197,161,107,317,261,264,266,336,160,129,58,126,229,7,155,236,112,340,95,238,237,119,154,128,223,159,8,158,122,273,127,116,140,193,91,118,4,168,6,169,142,123,135,120,104,138,132,136,358,137,133,97,124,106,139,111,108,131,113,141,313,92,117,411,61,105,341,318,319,54,99,342,274,315,408,314,344,62,60,148,320,268,96,267,356,316,351,153,18,114,412,57,121,413,134,130,231,125,115,110,56,5,67,191,72,271,65,277,355,87,89,68,76,377,17,71,374,370,275,74,346,371,276,367,55,73,152,357,109,75,335,59,196,194,343,63,195,220,215,33,70,347,166,64,173,170,143,401,34,354,144,151,149,222,353,406,150,407,163,227,405,192,226,190,221,228,233,225,82,235,234,352,84,366,83,85,53,176,232,303,350,86,365,177,189,364,345,362,167,363,219,302,81,14,175,11,13,32,10,174,31,80,180,349,181,12,348,218,217,188,216,361,183,481,179,301,79,182,427,16,430,487,429,428,15,0,455,445,450,19,1,448,453,260,446,464,484,442,485,432,439,456,479,431,438,451,449,447,470,467,28,436,452,462,458,465,473,461,422,20,488,433,476,257,256,437,474,459,471,468,477,454,517,457,509,423,444,259,258,482,480,486,483,506,187,508,359,21,185,22,184,23,186,24,25,360,26,528,498,29,27,425,30,324,489,322,388,323,325,510,526,527,499,390,525,503,490,391,515,321,505,504,389,507,426,500,434,435,523,497,529,524,533,516,424,101,501,512,103,513,514,102,511,519,502,518,330,329,327,522,520,494,521,326,328,331,2,534,495,531,492,493,532,530,536,496,491,535,
402,369,403,404,309,69,241,311,250,254,305,308,310,306,253,304,255,247,252,246,251,410,243,242,249,248,240,245,466,478,244,463,475,368,90,295,419,469,472,307,312,460,417,293,298,297,376,286,421,375,409,281,287,239,300,292,290,299,443,420,338,198,373,214,211,415,418,339,203,209,269,416,157,210,202,398,204,205,201,200,208,207,291,289,288,206,98,212,213,50,387,334,88,385,372,384,280,383,414,178,263,262,393,395,52,49,337,93,272,441,48,146,171,164,332,47,392,381,165,294,44,45,285,386,41,382,51,397,284,380,379,396,378,147,278,46,283,282,394,270,296,145,36,38,224,37,35,39,66,279,40,43,162,42,399,400,156,94,230,9,3,333,77,78,100,440,172,265,199,197,161,107,317,261,264,266,336,58,129,160,126,229,7,236,155,112,340,237,238,95,154,119,128,223,159,158,8,273,122,127,193,116,140,91,118,168,4,6,169,142,135,120,123,104,138,132,97,133,358,137,136,124,106,108,111,139,141,131,113,92,313,117,411,341,61,105,318,319,99,54,274,342,315,408,344,314,148,62,60,320,96,316,267,356,268,351,18,153,57,114,412,134,121,413,115,130,231,125,110,5,56,72,271,67,65,191,277,87,355,89,76,68,377,370,374,17,71,74,346,275,276,371,367,55,73,152,357,109,335,75,59,196,194,343,195,63,220,70,33,215,347,166,173,64,170,401,143,34,354,144,149,151,353,222,406,407,150,227,405,163,192,221,226,228,190,233,225,82,235,234,352,84,85,83,366,176,232,53,303,86,350,177,189,365,364,345,302,219,167,362,363,175,14,81,11,10,13,32,174,31,80,180,181,349,348,12,188,216,218,217,361,183,179,481,301,79,182,427,16,430,487,428,429,0,15,455,445,450,19,448,1,453,260,446,484,464,485,442,432,439,479,456,451,438,431,447,449,470,467,28,436,452,462,465,458,473,422,461,20,433,476,488,257,474,459,256,437,468,477,471,454,517,457,509,444,259,423,258,480,486,482,483,506,187,508,359,21,185,22,184,24,23,186,25,360,26,528,498,425,27,29,30,322,489,324,325,323,388,526,510,527,391,525,503,390,499,490,515,321,504,389,505,426,507,434,500,435,523,497,524,424,533,516,529,101,501,513,102,511,514,103,512,519,502,327,518,330,329,521,520,326,522,494,328,331,2,492,495,535,532,530,493,531,534,536,491,496,
402,369,403,404,309,69,241,311,250,254,305,310,308,306,253,304,255,247,252,246,251,410,243,242,249,248,240,245,466,478,244,463,90,475,368,295,419,469,472,307,312,460,417,293,298,297,376,286,421,409,375,281,287,239,300,292,290,299,443,420,338,198,373,214,211,418,415,339,203,209,416,269,157,202,210,398,204,205,201,200,207,208,291,289,288,98,206,212,213,387,50,334,88,385,372,384,383,280,414,178,263,262,393,395,52,49,337,93,272,441,146,48,171,164,332,47,381,392,165,294,285,386,45,382,44,41,284,397,51,379,396,380,378,147,278,46,283,282,394,270,296,36,145,38,224,35,37,39,279,40,66,43,162,42,399,156,400,94,230,9,3,333,77,78,100,440,172,265,199,197,107,161,317,264,261,266,336,58,160,129,126,229,7,112,236,155,340,238,237,95,154,128,119,223,159,158,122,8,273,127,193,116,140,91,118,168,4,6,169,142,138,132,104,135,120,123,133,358,97,137,136,124,106,111,108,139,113,141,131,313,92,117,341,105,411,61,318,319,342,54,274,99,408,315,344,314,60,62,148,320,96,267,316,268,356,351,18,153,121,114,413,134,57,412,115,231,125,130,110,5,56,191,67,65,271,72,277,355,87,89,76,68,370,377,71,17,374,346,74,275,276,371,367,55,152,73,357,109,75,335,59,196,343,194,195,63,220,70,215,33,347,166,173,64,170,143,401,34,354,144,151,149,222,353,407,406,150,405,163,227,190,233,228,226,221,192,82,225,234,235,352,83,85,366,84,303,53,232,176,86,350,365,177,189,345,364,167,219,363,362,302,14,175,81,11,32,13,10,31,80,180,174,181,349,348,12,217,218,188,216,361,183,481,179,301,79,182,427,16,430,487,428,429,0,15,455,445,19,450,448,1,260,453,446,484,464,485,442,439,432,479,456,431,451,438,447,449,470,467,28,452,436,462,458,465,473,422,461,20,488,433,476,257,468,459,471,256,477,437,474,454,517,457,509,423,444,259,258,480,482,486,483,506,187,508,359,21,185,22,24,184,186,23,25,360,26,528,498,30,29,27,425,324,322,489,325,388,323,510,526,527,391,390,490,525,503,499,515,321,389,504,505,426,507,434,500,435,523,497,533,516,529,424,524,501,101,102,103,511,514,512,513,519,502,330,327,518,329,326,520,522,521,494,2,328,331,536,535,530,492,531,491,496,534,493,532,495,
402,369,403,404,309,69,241,311,250,254,305,308,310,306,253,304,255,247,252,246,251,410,243,242,249,248,240,245,466,478,244,463,475,90,368,295,419,469,472,307,312,460,417,293,297,298,376,286,421,375,409,281,287,239,300,292,290,299,443,420,338,198,373,214,211,418,415,339,203,209,416,269,157,210,202,204,398,205,201,200,207,208,291,289,288,98,206,212,213,387,50,334,88,385,372,384,280,383,414,178,262,263,393,395,52,49,337,93,272,441,146,48,171,164,332,47,165,381,392,294,285,386,41,44,382,45,397,51,284,396,379,380,378,147,46,278,283,282,270,394,296,36,145,38,224,37,35,39,40,279,66,43,162,42,399,156,400,94,230,9,3,333,77,100,78,440,172,265,199,197,161,107,317,261,264,266,336,160,58,129,126,229,7,236,112,155,340,238,237,95,119,154,128,223,159,122,273,8,158,127,140,116,193,91,118,4,168,169,6,142,135,138,123,132,120,104,97,136,133,137,358,124,106,139,108,111,131,141,113,313,92,117,61,341,411,318,105,319,54,274,99,342,315,408,314,344,60,148,62,320,268,267,96,356,316,18,351,153,413,121,57,412,134,114,125,231,130,115,110,5,56,72,65,67,271,191,277,87,355,89,76,68,374,377,17,71,370,74,346,275,276,371,367,55,73,152,357,109,75,335,59,196,343,194,63,195,220,33,215,70,347,166,64,173,170,34,401,143,354,144,151,149,353,222,150,406,407,163,405,227,221,233,192,190,228,226,225,82,235,234,352,84,83,85,366,176,303,232,53,350,86,365,189,177,345,364,363,167,219,302,362,175,81,14,11,13,32,10,80,180,174,31,349,181,12,348,216,188,217,218,361,183,481,179,79,301,182,427,16,430,487,429,428,15,0,455,445,450,19,1,448,453,260,464,484,446,485,442,432,439,456,479,451,431,438,449,447,467,470,28,436,452,465,458,462,473,422,461,20,476,433,488,257,471,437,459,468,256,477,474,454,517,457,509,259,444,423,258,482,486,480,483,506,187,508,359,21,185,23,22,186,184,24,25,360,26,498,528,30,29,425,27,489,322,324,325,323,388,510,526,527,503,391,499,390,490,525,515,321,505,389,504,507,426,500,434,435,497,523,529,516,424,524,533,101,501,103,513,102,512,514,511,519,502,330,518,327,329,521,494,326,522,520,331,328,2,492,532,495,493,534,491,530,496,535,536,531,
402,369,403,404,309,69,241,311,250,254,305,310,308,306,253,304,255,247,252,246,251,410,243,242,248,249,240,245,466,478,244,463,475,368,90,295,419,469,472,307,312,460,417,293,298,297,376,286,421,375,409,281,287,239,300,292,290,299,443,420,338,198,373,214,211,418,415,339,209,203,269,416,157,202,210,398,204,205,201,200,207,208,291,289,288,98,206,212,213,50,387,334,88,385,372,384,383,280,414,178,262,263,393,395,52,49,337,93,272,441,48,146,171,164,332,47,381,165,392,294,285,44,45,386,382,41,51,397,284,380,378,396,379,147,46,278,283,282,270,394,296,36,145,38,224,35,37,39,66,279,40,43,162,42,399,156,400,94,9,230,3,333,77,100,78,440,172,265,199,197,161,107,317,264,261,266,336,58,160,129,126,229,7,112,155,236,340,238,237,95,128,119,154,223,159,273,122,8,158,127,140,116,193,91,118,168,4,6,169,142,104,123,120,132,135,138,358,136,137,97,133,124,106,108,139,111,113,141,131,117,313,92,105,318,61,341,411,319,54,99,274,342,408,315,314,344,62,60,148,320,356,268,267,96,316,153,351,18,57,412,413,114,134,121,115,231,125,130,56,5,110,67,65,72,191,271,277,87,355,89,76,68,374,17,377,71,370,275,346,74,276,371,367,55,152,73,357,109,75,335,59,196,343,194,63,195,220,33,215,70,166,347,64,173,170,34,143,401,354,144,151,149,353,222,406,407,150,163,227,405,221,192,228,190,226,233,225,82,235,234,352,84,83,366,85,303,53,232,176,86,350,365,177,189,345,364,219,363,167,302,362,81,175,14,11,32,10,13,31,180,80,174,349,181,12,348,217,216,218,188,361,183,481,179,301,79,182,427,16,430,487,429,428,0,15,455,445,19,450,1,448,260,453,484,446,464,485,442,432,439,479,456,451,431,438,449,447,470,467,28,436,452,462,465,458,473,461,422,20,476,488,433,257,474,477,471,437,468,256,459,454,517,457,509,444,259,423,258,486,480,482,483,506,187,508,359,21,185,24,22,23,186,184,25,360,26,498,528,27,425,30,29,324,489,322,323,325,388,510,526,527,490,391,525,503,390,499,515,321,389,504,505,426,507,500,434,435,497,523,516,524,424,533,529,101,501,102,512,511,103,514,513,519,502,329,330,327,518,520,326,494,522,521,2,328,331,491,534,492,531,532,493,536,496,495,535,530,
402,369,403,404,309,69,241,311,250,254,305,308,310,306,253,304,255,247,252,246,251,410,243,242,248,249,240,245,466,478,244,463,90,368,475,295,419,469,472,307,312,460,417,293,298,297,376,286,421,375,409,281,287,239,300,292,290,299,443,420,338,198,373,214,211,418,415,339,203,209,416,269,157,210,202,204,398,205,201,200,208,207,291,289,288,98,206,212,213,387,50,334,88,385,372,384,280,383,414,178,263,262,393,395,52,49,337,93,272,441,48,146,171,164,332,47,392,165,381,294,45,386,285,41,44,382,284,51,397,396,379,378,380,147,278,46,283,282,394,270,296,36,145,38,224,37,35,39,40,66,279,43,162,42,399,400,156,94,9,230,3,333,77,100,78,440,172,265,199,197,107,161,317,264,261,266,336,129,58,160,126,229,7,155,112,236,340,237,238,95,128,154,119,223,159,158,273,8,122,127,140,116,193,91,118,4,168,169,6,142,135,138,132,104,120,123,136,133,358,137,97,124,106,111,108,139,113,141,131,313,92,117,105,411,61,341,318,319,342,274,99,54,315,408,314,344,62,148,60,320,268,356,267,96,316,153,351,18,134,121,412,413,114,57,115,125,130,231,56,5,110,67,72,271,65,191,87,277,355,89,76,68,374,17,377,71,370,74,346,275,276,371,367,55,152,73,357,109,335,75,59,196,343,194,63,195,220,33,215,70,166,347,173,64,170,401,143,34,354,144,149,151,222,353,150,407,406,405,227,163,190,228,192,221,233,226,82,225,235,234,352,84,366,83,85,176,303,53,232,86,350,177,189,365,364,345,167,302,219,362,363,81,175,14,11,13,10,32,80,31,180,174,181,349,348,12,218,217,188,216,361,183,179,481,79,301,182,427,16,430,487,428,429,15,0,455,445,19,450,1,448,260,453,484,446,464,485,442,432,439,456,479,438,431,451,449,447,467,470,28,452,436,465,462,458,473,422,461,20,488,476,433,257,459,468,256,477,437,471,474,454,517,457,509,423,259,444,258,486,480,482,483,506,187,508,359,21,185,184,23,186,22,24,25,360,26,498,528,27,425,29,30,322,324,489,323,388,325,510,526,527,391,390,503,499,490,525,515,321,504,505,389,507,426,500,434,435,523,497,424,524,516,533,529,101,501,512,511,514,103,102,513,519,502,330,329,518,327,520,522,521,494,326,2,331,328,530,532,535,492,536,495,493,531,491,534,496,
402,369,403,404,309,69,241,311,250,254,305,308,310,306,253,304,255,247,252,246,251,410,243,242,249,248,240,245,466,478,244,463,475,90,368,295,419,469,472,307,312,460,417,293,298,297,376,286,421,409,375,281,287,239,300,292,290,299,443,420,338,198,373,214,211,415,418,339,203,209,416,269,157,202,210,204,398,205,201,200,207,208,291,289,288,206,98,212,213,387,50,334,88,385,372,384,383,280,414,178,263,262,393,395,52,49,337,93,272,441,146,48,171,164,332,47,381,165,392,294,382,285,41,386,45,44,397,51,284,379,380,396,378,147,46,278,283,282,394,270,296,145,36,38,224,37,35,39,40,66,279,43,162,42,399,400,156,94,9,230,3,333,77,100,78,440,172,265,199,197,161,107,317,264,261,266,336,160,58,129,126,229,7,155,236,112,340,238,95,237,128,119,154,223,159,273,122,158,8,127,193,116,140,91,118,4,168,169,6,142,120,135,104,123,138,132,136,358,97,137,133,106,124,111,139,108,141,131,113,117,92,313,61,341,105,318,411,319,274,54,342,99,408,315,314,344,60,62,148,320,316,356,96,267,268,351,18,153,57,114,134,412,413,121,115,130,125,231,110,56,5,271,65,72,191,67,87,355,277,89,76,68,370,377,71,374,17,74,346,275,371,276,367,55,152,73,357,109,75,335,59,196,343,194,63,195,220,70,215,33,347,166,173,64,170,143,401,34,354,144,149,151,222,353,150,407,406,163,405,227,192,226,190,228,233,221,225,82,234,235,352,84,83,85,366,176,303,232,53,350,86,177,189,365,345,364,302,363,167,362,219,14,175,81,11,10,32,13,31,180,174,80,181,349,348,12,188,216,218,217,361,183,179,481,301,79,182,427,16,430,487,429,428,15,0,455,445,19,450,448,1,260,453,464,484,446,485,442,432,439,456,479,451,438,431,449,447,470,467,28,452,436,458,465,462,473,422,461,20,433,488,476,257,437,471,477,468,459,256,474,454,517,457,509,259,444,423,258,482,486,480,483,506,187,508,359,21,185,22,184,186,23,24,25,360,26,528,498,425,27,29,30,324,489,322,325,323,388,526,510,527,390,490,499,391,503,525,515,321,505,504,389,426,507,500,434,435,497,523,529,524,516,533,424,101,501,514,513,511,512,102,103,519,502,329,327,518,330,494,520,521,326,522,331,328,2,496,493,491,532,534,492,531,530,536,495,535,
402,369,403,404,309,69,241,311,250,254,305,310,308,306,253,304,255,247,252,246,251,410,243,242,248,249,240,245,466,478,244,463,475,90,368,295,419,469,472,307,312,460,417,293,298,297,376,286,421,375,409,281,287,239,300,292,290,299,443,420,338,198,373,214,211,415,418,339,203,209,416,269,157,202,210,204,398,205,201,200,207,208,291,289,288,206,98,212,213,387,50,334,88,385,372,384,280,383,414,178,263,262,393,395,52,49,337,93,272,441,146,48,171,164,332,47,165,392,381,294,386,285,44,41,45,382,284,397,51,396,380,378,379,147,278,46,283,282,394,270,296,36,145,38,224,35,37,39,66,279,40,43,162,42,399,156,400,94,9,230,3,333,77,78,100,440,172,265,199,197,107,161,317,264,261,266,336,129,160,58,126,229,7,155,112,236,340,238,95,237,154,119,128,223,159,8,158,273,122,127,116,193,140,91,118,168,4,169,6,142,123,135,138,132,104,120,133,97,136,358,137,124,106,108,111,139,141,113,131,92,313,117,61,411,105,318,341,319,99,274,54,342,408,315,344,314,60,148,62,320,268,356,267,316,96,153,351,18,121,413,57,134,114,412,115,130,125,231,56,110,5,72,67,191,271,65,277,355,87,89,76,68,71,17,377,370,374,275,346,74,276,371,367,55,73,152,357,109,335,75,59,196,194,343,63,195,220,215,33,70,347,166,64,173,170,143,401,34,354,144,149,151,222,353,406,407,150,405,227,163,228,221,226,190,192,233,82,225,235,234,352,85,84,83,366,303,232,53,176,86,350,177,365,189,364,345,302,362,219,167,363,175,14,81,11,32,10,13,180,174,31,80,349,181,12,348,188,216,217,218,361,183,179,481,301,79,182,427,16,430,487,429,428,15,0,455,445,19,450,1,448,453,260,484,464,446,442,485,432,439,479,456,438,451,431,447,449,467,470,28,452,436,462,458,465,473,422,461,20,488,476,433,257,477,459,474,468,471,256,437,454,517,457,509,444,259,423,258,482,486,480,483,506,187,508,359,21,185,22,186,184,24,23,25,360,26,498,528,29,425,30,27,489,324,322,388,325,323,526,510,527,499,525,503,390,391,490,515,321,389,504,505,507,426,434,500,435,497,523,533,529,516,424,524,101,501,103,514,513,511,102,512,519,502,327,518,330,329,494,522,326,521,520,2,331,328,493,535,492,536,534,530,496,532,495,491,531,
402,369,403,404,309,69,241,311,250,254,305,308,310,306,253,304,255,247,252,246,251,410,243,242,249,248,240,245,466,478,244,463,368,475,90,295,419,469,472,307,312,460,417,293,297,298,376,286,421,409,375,281,287,239,300,292,290,299,443,420,338,198,373,214,211,415,418,339,203,209,269,416,157,210,202,204,398,205,201,200,207,208,291,289,288,206,98,212,213,50,387,334,88,385,372,384,280,383,414,178,262,263,393,395,52,49,337,93,272,441,48,146,171,164,332,47,165,392,381,294,382,45,386,285,44,41,397,51,284,379,380,378,396,147,46,278,283,282,394,270,296,36,145,38,224,37,35,39,40,66,279,43,162,42,399,400,156,94,230,9,3,333,77,100,78,440,172,265,199,197,161,107,317,264,261,266,336,160,58,129,126,229,7,112,155,236,340,238,237,95,154,128,119,223,159,158,8,273,122,127,140,116,193,91,118,4,168,6,169,142,120,132,104,135,123,138,136,137,133,97,358,124,106,111,139,108,113,131,141,313,117,92,411,61,341,105,318,319,99,342,54,274,315,408,314,344,148,62,60,320,356,316,267,268,96,351,153,18,121,413,114,134,412,57,125,115,130,231,5,110,56,191,67,271,65,72,277,355,87,89,76,68,17,370,374,71,377,275,346,74,371,276,367,55,73,152,357,109,75,335,59,196,194,343,195,63,220,33,215,70,166,347,173,64,170,143,401,34,354,144,149,151,353,222,407,150,406,405,163,227,192,233,226,221,228,190,225,82,234,235,352,84,85,83,366,176,232,303,53,350,86,177,189,365,364,345,363,167,302,219,362,14,81,175,11,32,13,10,80,31,174,180,181,349,12,348,188,216,217,218,361,183,179,481,301,79,182,427,16,430,487,428,429,15,0,455,445,19,450,448,1,453,260,446,484,464,442,485,432,439,479,456,431,451,438,449,447,470,467,28,452,436,465,462,458,473,422,461,20,476,433,488,257,437,256,468,477,459,474,471,454,517,457,509,423,259,444,258,486,482,480,483,506,187,508,359,21,185,184,24,186,23,22,25,360,26,528,498,30,425,29,27,489,324,322,388,325,323,510,526,527,390,490,499,503,391,525,515,321,504,505,389,507,426,500,434,435,497,523,516,424,529,524,533,101,501,512,511,103,102,514,513,519,502,330,518,329,327,494,522,520,326,521,331,328,2,492,531,491,536,534,532,495,493,535,496,530,
402,369,403,404,309,69,241,311,250,254,305,310,308,306,253,304,255,247,252,246,251,410,243,242,248,249,240,245,466,478,244,463,475,90,368,295,419,469,472,307,312,460,417,293,298,297,376,286,421,375,409,281,287,239,300,292,290,299,443,420,338,198,373,214,211,418,415,339,209,203,269,416,157,210,202,398,204,205,201,200,208,207,291,289,288,98,206,212,213,50,387,334,88,385,372,384,383,280,414,178,262,263,393,395,52,49,337,93,272,441,146,48,171,164,332,47,381,165,392,294,41,382,285,45,44,386,51,397,284,380,379,396,378,147,278,46,283,282,270,394,296,145,36,38,224,37,35,39,279,66,40,43,162,42,399,156,400,94,230,9,3,333,77,100,78,440,172,265,199,197,107,161,317,261,264,266,336,129,160,58,126,229,7,155,112,236,340,95,238,237,119,154,128,223,159,122,8,273,158,127,193,116,140,91,118,4,168,6,169,142,138,135,120,132,123,104,133,97,358,137,136,106,124,111,108,139,113,131,141,117,313,92,411,341,105,61,318,319,342,99,274,54,315,408,314,344,60,148,62,320,267,356,96,268,316,153,18,351,57,134,413,121,114,412,130,231,125,115,5,56,110,72,65,67,271,191,277,87,355,89,76,68,377,374,71,370,17,74,275,346,276,371,55,367,152,73,357,109,75,335,59,196,194,343,63,195,220,33,215,70,166,347,173,64,170,143,401,34,354,144,151,149,353,222,150,406,407,405,227,163,190,192,221,228,226,233,82,225,234,235,352,83,366,84,85,53,232,176,303,86,350,189,365,177,364,345,302,219,362,167,363,81,14,175,11,13,10,32,31,174,80,180,181,349,348,12,218,217,188,216,361,183,179,481,79,301,182,427,16,430,487,429,428,0,15,455,445,450,19,448,1,453,260,446,484,464,485,442,432,439,479,456,451,438,431,447,449,470,467,28,436,452,462,465,458,473,422,461,20,476,488,433,257,437,459,477,468,474,471,256,454,517,457,509,423,259,444,258,480,482,486,483,506,187,508,359,21,185,186,24,184,23,22,25,360,26,528,498,425,29,27,30,324,489,322,323,325,388,510,526,527,390,503,499,490,525,391,515,321,505,389,504,426,507,434,500,435,497,523,524,529,424,533,516,501,101,511,513,514,512,102,103,519,502,330,329,327,518,522,494,520,521,326,331,328,2,496,536,531,532,495,534,530,493,535,491,492,
402,369,403,404,309,69,241,311,250,254,305,310,308,306,253,304,255,247,252,246,251,410,243,242,248,249,240,245,466,478,244,463,475,368,90,295,419,469,472,307,312,460,417,293,297,298,376,286,421,409,375,281,287,239,300,292,290,299,443,420,338,198,373,214,211,415,418,339,203,209,416,269,157,202,210,204,398,205,201,200,207,208,291,289,288,206,98,212,213,50,387,334,88,385,372,384,280,383,414,178,263,262,393,395,52,49,337,93,272,441,146,48,171,164,332,47,392,165,381,294,41,285,382,44,45,386,51,284,397,379,380,396,378,147,278,46,283,282,394,270,296,36,145,38,224,37,35,39,66,40,279,43,162,42,399,156,400,94,9,230,3,333,77,100,78,440,172,265,199,197,107,161,317,261,264,266,336,58,129,160,126,229,7,155,236,112,340,237,238,95,119,128,154,223,159,8,122,273,158,127,116,193,140,91,118,4,168,6,169,142,138,120,123,132,135,104,133,97,137,358,136,106,124,111,108,139,141,113,131,92,313,117,105,411,61,341,318,319,54,342,274,99,315,408,314,344,60,62,148,320,96,316,268,267,356,153,351,18,114,134,413,57,121,412,125,115,130,231,5,56,110,271,67,72,191,65,355,277,87,89,76,68,374,370,377,71,17,275,346,74,371,276,55,367,152,73,357,109,335,75,59,196,194,343,195,63,220,70,33,215,166,347,173,64,170,401,143,34,354,144,149,151,353,222,406,407,150,405,163,227,192,226,233,228,190,221,225,82,234,235,352,84,366,83,85,176,53,232,303,86,350,365,177,189,364,345,167,302,219,362,363,14,175,81,11,32,13,10,174,180,31,80,181,349,348,12,217,216,218,188,361,183,481,179,301,79,182,427,16,430,487,428,429,15,0,455,445,19,450,448,1,453,260,464,446,484,485,442,432,439,479,456,451,438,431,449,447,467,470,28,452,436,458,465,462,473,422,461,20,488,433,476,257,459,471,468,256,437,477,474,454,517,457,509,259,444,423,258,482,480,486,483,506,187,508,359,21,185,23,184,186,24,22,25,360,26,498,528,425,29,27,30,489,322,324,323,388,325,526,510,527,525,490,503,390,391,499,515,321,505,389,504,426,507,434,500,435,497,523,529,524,516,533,424,101,501,103,514,511,512,102,513,519,502,327,518,330,329,521,520,522,494,326,2,331,328,495,530,534,491,532,493,531,535,492,536,496,
402,369,403,404,309,69,241,311,250,254,305,310,308,306,253,304,255,247,252,246,251,410,243,242,249,248,240,245,466,478,244,463,90,368,475,295,419,469,472,307,312,460,417,293,297,298,376,286,421,409,375,281,287,239,300,292,290,299,443,420,338,198,373,214,211,418,415,339,203,209,269,416,157,210,202,398,204,205,201,200,207,208,291,289,288,206,98,212,213,50,387,334,88,385,372,384,280,383,414,178,262,263,393,395,52,49,337,93,272,441,146,48,171,164,332,47,392,381,165,294,41,382,285,44,386,45,51,284,397,380,378,379,396,147,278,46,283,282,394,270,296,36,145,38,224,35,37,39,40,66,279,43,162,42,399,400,156,94,230,9,3,333,77,78,100,440,172,265,199,197,107,161,317,264,261,266,336,129,160,58,126,229,7,155,236,112,340,238,95,237,119,128,154,223,159,8,158,122,273,127,193,140,116,91,118,168,4,169,6,142,132,135,123,120,138,104,136,358,97,137,133,106,124,111,108,139,131,141,113,117,313,92,61,105,341,411,318,319,274,54,342,99,315,408,344,314,60,148,62,320,96,316,356,267,268,153,351,18,114,134,413,121,412,57,125,130,231,115,56,110,5,65,72,271,67,191,87,355,277,89,76,68,374,17,71,370,377,346,74,275,371,276,55,367,152,73,357,109,335,75,59,196,343,194,63,195,220,33,215,70,166,347,64,173,170,143,34,401,354,144,151,149,222,353,407,150,406,227,405,163,233,228,221,190,226,192,82,225,235,234,352,85,366,83,84,232,303,53,176,350,86,365,177,189,345,364,363,302,362,167,219,175,81,14,11,32,13,10,180,80,174,31,181,349,12,348,218,217,188,216,361,183,179,481,79,301,182,427,16,430,487,429,428,15,0,455,445,19,450,1,448,260,453,464,446,484,485,442,439,432,479,456,438,431,451,447,449,470,467,28,452,436,465,462,458,473,422,461,20,476,433,488,257,256,471,437,459,468,477,474,454,517,457,509,444,423,259,258,480,482,486,483,506,187,508,359,21,185,23,22,184,24,186,25,360,26,498,528,27,30,29,425,324,489,322,388,323,325,526,510,527,503,391,490,499,525,390,515,321,505,504,389,426,507,434,500,435,497,523,516,424,529,533,524,101,501,513,103,511,514,102,512,519,502,330,518,327,329,520,494,326,521,522,328,331,2,493,535,532,531,492,530,534,496,536,495,491,
402,369,403,404,309,69,241,311,250,254,305,308,310,306,253,304,255,247,252,246,251,410,243,242,248,249,240,245,466,478,244,463,368,475,90,295,419,469,472,307,312,460,417,293,298,297,376,286,421,409,375,281,287,239,300,292,290,299,443,420,338,198,373,214,211,418,415,339,203,209,416,269,157,202,210,398,204,205,201,200,208,207,291,289,288,98,206,212,213,50,387,334,88,385,372,384,383,280,414,178,262,263,393,395,52,49,337,93,441,272,146,48,171,164,332,47,165,381,392,294,41,382,44,285,45,386,51,397,284,378,380,379,396,147,278,46,283,282,394,270,296,145,36,38,224,37,35,39,66,279,40,43,162,42,399,156,400,94,230,9,3,333,77,100,78,440,172,265,199,197,161,107,317,264,261,266,336,58,160,129,126,229,7,236,155,112,340,95,238,237,119,154,128,223,159,273,158,8,122,127,140,116,193,91,118,168,4,6,169,142,120,135,138,123,104,132,358,136,137,97,133,124,106,108,139,111,141,113,131,313,117,92,318,341,105,61,411,319,274,99,342,54,408,315,314,344,148,60,62,320,267,316,268,356,96,153,18,351,412,413,57,134,114,121,231,130,115,125,56,5,110,271,65,67,72,191,277,87,355,89,76,68,374,17,71,370,377,275,346,74,371,276,367,55,152,73,357,109,335,75,59,196,194,343,63,195,220,70,215,33,166,347,64,173,170,401,34,143,354,144,149,151,222,353,407,406,150,405,163,227,233,221,226,192,228,190,82,225,234,235,352,85,84,83,366,176,53,232,303,86,350,189,177,365,364,345,219,362,302,167,363,175,14,81,11,32,13,10,31,180,80,174,349,181,12,348,218,217,188,216,361,183,179,481,301,79,182,427,16,430,487,428,429,0,15,455,445,450,19,1,448,453,260,446,464,484,485,442,439,432,456,479,438,431,451,449,447,467,470,28,452,436,458,462,465,473,461,422,20,488,433,476,257,471,477,459,437,256,468,474,454,517,457,509,444,423,259,258,482,480,486,483,506,187,508,359,21,185,24,23,184,22,186,25,360,26,528,498,27,30,29,425,489,322,324,323,325,388,526,510,527,525,391,499,503,490,390,515,321,505,389,504,507,426,500,434,435,523,497,516,424,524,529,533,501,101,514,513,511,512,103,102,519,502,327,518,330,329,522,521,520,494,326,328,2,331,493,535,531,530,496,534,491,532,495,492,536,
402,369,403,404,309,69,241,311,250,254,305,308,310,306,253,304,255,247,252,246,251,410,243,242,248,249,240,245,466,478,244,463,90,368,475,295,419,469,472,307,312,460,417,293,297,298,376,286,421,409,375,281,287,239,300,292,290,299,443,420,338,198,373,214,211,418,415,339,203,209,416,269,157,202,210,204,398,205,201,200,207,208,291,289,288,206,98,212,213,387,50,334,88,385,372,384,280,383,414,178,263,262,393,395,52,49,337,93,272,441,48,146,171,164,332,47,381,165,392,294,386,45,285,382,44,41,397,51,284,378,396,379,380,147,46,278,283,282,270,394,296,36,145,38,224,35,37,39,40,66,279,43,162,42,399,400,156,94,9,230,3,333,77,78,100,440,172,265,199,197,161,107,317,261,264,266,336,58,160,129,126,229,7,236,155,112,340,237,95,238,119,128,154,223,159,122,273,8,158,127,116,140,193,91,118,168,4,6,169,142,138,104,135,132,123,120,137,133,97,358,136,124,106,139,108,111,141,131,113,313,92,117,411,105,318,341,61,319,99,54,342,274,408,315,314,344,62,148,60,320,96,268,356,267,316,351,153,18,114,412,121,57,413,134,115,231,130,125,56,110,5,65,191,72,271,67,87,355,277,89,68,76,370,374,17,377,71,346,74,275,276,371,367,55,152,73,357,109,335,75,59,196,343,194,63,195,220,33,215,70,347,166,173,64,170,401,143,34,354,144,149,151,222,353,406,407,150,405,227,163,228,221,192,190,233,226,82,225,234,235,352,84,83,366,85,176,232,53,303,350,86,365,177,189,345,364,362,363,302,219,167,81,175,14,11,10,32,13,180,80,31,174,181,349,348,12,188,217,218,216,361,183,481,179,79,301,182,427,16,430,487,429,428,0,15,455,445,450,19,1,448,260,453,484,446,464,485,442,439,432,479,456,438,451,431,449,447,467,470,28,436,452,458,462,465,473,461,422,20,433,476,488,257,474,471,468,459,437,477,256,454,517,457,509,423,259,444,258,480,486,482,483,506,187,508,359,21,185,184,23,186,22,24,25,360,26,498,528,29,30,27,425,322,489,324,323,325,388,526,510,527,499,503,490,391,390,525,515,321,389,504,505,507,426,434,500,435,497,523,529,424,516,533,524,101,501,514,103,511,513,512,102,519,502,327,329,518,330,522,326,521,520,494,2,328,331,532,536,531,492,535,491,530,495,493,534,496,
402,369,403,404,309,69,241,311,250,254,305,310,308,306,253,304,255,247,252,246,251,410,243,242,248,249,240,245,466,478,244,463,475,90,368,295,419,469,472,307,312,460,417,293,298,297,376,286,421,409,375,281,287,239,300,292,290,299,443,420,338,198,373,214,211,418,415,339,203,209,269,416,157,210,202,204,398,205,201,200,208,207,291,289,288,98,206,212,213,387,50,334,88,385,372,384,280,383,414,178,263,262,393,395,52,49,337,93,441,272,146,48,171,164,332,47,165,381,392,294,382,41,44,45,285,386,284,397,51,379,396,380,378,147,278,46,283,282,270,394,296,145,36,38,224,37,35,39,40,66,279,43,162,42,399,156,400,94,9,230,3,333,77,78,100,440,172,265,199,197,161,107,317,261,264,266,336,58,160,129,126,229,7,155,236,112,340,238,95,237,154,119,128,223,159,158,8,122,273,127,193,116,140,91,118,168,4,169,6,142,135,123,104,132,120,138,137,136,97,358,133,106,124,111,139,108,131,141,113,117,313,92,105,411,341,318,61,319,54,99,342,274,315,408,344,314,60,62,148,320,96,316,268,267,356,351,18,153,57,412,121,134,114,413,125,130,231,115,110,5,56,191,67,65,271,72,277,355,87,89,76,68,370,374,71,17,377,346,74,275,371,276,55,367,73,152,357,109,335,75,59,196,343,194,195,63,220,215,33,70,347,166,173,64,170,401,143,34,354,144,149,151,222,353,150,407,406,163,227,405,226,228,190,221,192,233,82,225,234,235,352,366,83,85,84,53,176,232,303,86,350,365,189,177,345,364,362,363,302,167,219,175,81,14,11,13,10,32,31,80,174,180,181,349,12,348,216,217,218,188,361,183,481,179,79,301,182,427,16,430,487,428,429,0,15,455,445,19,450,448,1,453,260,464,484,446,485,442,439,432,456,479,438,431,451,449,447,470,467,28,436,452,465,458,462,473,461,422,20,433,476,488,257,256,459,477,471,474,437,468,454,517,457,509,444,259,423,258,480,482,486,483,506,187,508,359,21,185,24,184,22,23,186,25,360,26,498,528,425,30,27,29,489,322,324,325,388,323,526,510,527,499,525,390,391,503,490,515,321,504,505,389,507,426,500,434,435,497,523,533,424,516,529,524,501,101,102,512,513,103,514,511,519,502,327,330,518,329,522,521,326,494,520,331,2,328,532,536,496,530,493,495,535,534,531,492,491,
402,369,403,404,309,69,241,311,250,254,305,310,308,306,253,304,255,247,252,246,251,410,243,242,249,248,240,245,466,478,244,463,368,475,90,295,419,469,472,307,312,460,417,293,298,297,376,286,421,375,409,281,287,239,300,292,290,299,443,420,338,198,373,214,211,418,415,339,209,203,269,416,157,210,202,204,398,205,201,200,207,208,291,289,288,206,98,212,213,50,387,334,88,385,372,384,383,280,414,178,263,262,393,395,52,49,337,93,441,272,146,48,171,164,332,47,165,381,392,294,382,44,386,45,41,285,51,284,397,379,380,378,396,147,278,46,283,282,270,394,296,145,36,38,224,35,37,39,40,279,66,43,162,42,399,156,400,94,9,230,3,333,77,100,78,440,172,265,199,197,161,107,317,261,264,266,336,58,160,129,126,229,7,155,236,112,340,95,237,238,154,128,119,223,159,8,122,273,158,127,140,193,116,91,118,4,168,6,169,142,132,123,138,104,135,120,136,97,137,358,133,106,124,108,139,111,141,113,131,313,117,92,318,411,341,105,61,319,342,99,274,54,408,315,314,344,60,62,148,320,96,356,267,268,316,153,18,351,57,114,121,413,134,412,115,231,125,130,110,56,5,67,65,271,72,191,277,87,355,89,76,68,370,17,374,71,377,346,275,74,371,276,55,367,73,152,357,109,335,75,59,196,343,194,195,63,220,215,70,33,347,166,64,173,170,143,34,401,354,144,149,151,353,222,150,407,406,227,405,163,233,190,221,226,228,192,82,225,234,235,352,84,83,85,366,176,53,232,303,86,350,189,177,365,345,364,362,363,167,219,302,81,175,14,11,32,10,13,31,180,80,174,181,349,12,348,216,188,217,218,361,183,481,179,79,301,182,427,16,430,487,429,428,0,15,455,445,19,450,448,1,260,453,464,446,484,442,485,439,432,479,456,451,431,438,447,449,467,470,28,452,436,458,462,465,473,422,461,20,476,433,488,257,468,437,471,459,474,477,256,454,517,457,509,444,423,259,258,482,486,480,483,506,187,508,359,21,185,186,184,23,22,24,25,360,26,528,498,30,425,29,27,324,489,322,325,388,323,510,526,527,390,499,391,490,503,525,515,321,505,504,389,507,426,500,434,435,497,523,516,529,533,524,424,101,501,103,513,102,511,514,512,519,502,518,329,327,330,520,522,494,326,521,328,331,2,492,491,535,536,534,493,496,530,495,532,531,
402,369,403,404,309,69,241,311,250,254,305,310,308,306,253,304,255,247,252,246,251,410,243,242,248,249,240,245,466,478,244,463,90,475,368,295,419,469,472,307,312,460,417,293,298,297,376,286,421,409,375,281,287,239,300,292,290,299,443,420,338,198,373,214,211,415,418,339,203,209,416,269,157,202,210,204,398,205,201,200,208,207,291,289,288,98,206,212,213,50,387,334,88,385,372,384,280,383,414,178,262,263,393,395,52,49,337,93,441,272,146,48,171,164,332,47,381,392,165,294,386,45,285,41,382,44,51,284,397,379,396,380,378,147,278,46,283,282,394,270,296,36,145,38,224,35,37,39,66,279,40,43,162,42,399,156,400,94,9,230,3,333,77,100,78,440,172,265,199,197,107,161,317,261,264,266,336,160,58,129,126,229,7,155,236,112,340,95,238,237,128,119,154,223,159,122,8,158,273,127,116,193,140,91,118,168,4,169,6,142,123,104,132,138,135,120,133,358,136,137,97,124,106,139,108,111,141,131,113,92,117,313,341,105,411,318,61,319,342,54,274,99,408,315,314,344,148,62,60,320,267,316,356,96,268,153,351,18,121,412,134,57,114,413,115,231,130,125,110,5,56,65,72,67,191,271,87,355,277,89,68,76,17,71,377,374,370,74,275,346,276,371,55,367,73,152,357,109,75,335,59,196,194,343,63,195,220,70,33,215,347,166,64,173,170,143,401,34,354,144,151,149,222,353,407,406,150,405,227,163,221,233,228,192,226,190,82,225,234,235,352,85,83,366,84,303,176,53,232,350,86,365,177,189,345,364,219,362,167,363,302,14,175,81,11,13,32,10,80,180,174,31,181,349,12,348,188,217,218,216,361,183,179,481,301,79,182,427,16,430,487,428,429,0,15,455,445,19,450,1,448,260,453,484,464,446,442,485,432,439,456,479,438,431,451,447,449,470,467,28,452,436,462,465,458,473,461,422,20,433,488,476,257,468,437,474,471,477,459,256,454,517,457,509,444,259,423,258,486,482,480,483,506,187,508,359,21,185,24,186,184,23,22,25,360,26,498,528,29,425,30,27,322,324,489,325,388,323,510,526,527,390,391,490,499,525,503,515,321,504,389,505,507,426,434,500,435,497,523,524,533,529,516,424,501,101,512,513,102,511,103,514,519,502,518,330,327,329,520,521,326,494,522,328,2,331,536,535,495,491,496,492,531,530,493,534,532,
402,369,403,404,309,69,241,311,250,254,305,308,310,306,253,304,255,247,252,246,251,410,243,242,248,249,240,245,466,478,244,463,368,475,90,295,419,469,472,307,312,460,417,293,297,298,376,286,421,409,375,281,287,239,300,292,290,299,443,420,338,198,373,214,211,415,418,339,203,209,416,269,157,202,210,204,398,205,201,200,208,207,291,289,288,98,206,212,213,50,387,334,88,385,372,384,383,280,414,178,263,262,393,395,52,49,337,93,272,441,146,48,171,164,332,47,392,381,165,294,41,45,285,382,386,44,284,397,51,396,378,380,379,147,278,46,283,282,270,394,296,36,145,38,224,35,37,39,279,66,40,43,162,42,399,400,156,94,9,230,3,333,77,100,78,440,172,265,199,197,161,107,317,264,261,266,336,129,58,160,126,229,7,155,236,112,340,237,238,95,154,119,128,223,159,122,158,273,8,127,140,116,193,91,118,4,168,6,169,142,138,120,132,104,123,135,136,358,133,137,97,106,124,108,139,111,113,131,141,92,313,117,411,61,105,318,341,319,274,342,54,99,315,408,314,344,62,60,148,320,316,268,96,356,267,153,351,18,412,413,134,57,114,121,125,130,115,231,5,110,56,271,67,72,191,65,87,355,277,89,76,68,71,370,374,17,377,275,346,74,276,371,367,55,152,73,357,109,335,75,59,196,343,194,63,195,220,215,70,33,347,166,173,64,170,34,143,401,354,144,151,149,222,353,406,150,407,405,163,227,221,233,192,228,190,226,225,82,234,235,352,84,83,85,366,232,53,176,303,350,86,177,365,189,345,364,362,167,363,219,302,14,175,81,11,10,32,13,180,80,31,174,181,349,348,12,217,188,218,216,361,183,481,179,79,301,182,427,16,430,487,428,429,0,15,455,445,19,450,448,1,260,453,484,464,446,442,485,432,439,456,479,438,451,431,447,449,470,467,28,452,436,462,458,465,473,461,422,20,488,476,433,257,468,437,474,459,256,477,471,454,517,457,509,259,423,444,258,486,480,482,483,506,187,508,359,21,185,22,24,23,184,186,25,360,26,498,528,27,30,425,29,324,322,489,388,323,325,526,510,527,390,503,525,490,499,391,515,321,505,389,504,507,426,500,434,435,523,497,529,524,533,516,424,501,101,102,514,103,512,513,511,519,502,327,518,329,330,494,522,521,520,326,331,328,2,534,531,493,530,532,492,491,536,495,496,535,
402,369,403,404,309,69,241,311,250,254,305,308,310,306,253,304,255,247,252,246,251,410,243,242,249,248,240,245,466,478,244,463,368,475,90,295,419,469,472,307,312,460,417,293,298,297,376,286,421,409,375,281,287,239,300,292,290,299,443,420,338,198,373,214,211,415,418,339,203,209,416,269,157,210,202,204,398,205,201,200,207,208,291,289,288,206,98,212,213,50,387,334,88,385,372,384,280,383,414,178,263,262,393,395,52,49,337,93,272,441,48,146,171,164,332,47,392,165,381,294,44,386,45,285,382,41,397,51,284,380,379,396,378,147,46,278,283,282,270,394,296,36,145,38,224,35,37,39,40,66,279,43,162,42,399,400,156,94,230,9,3,333,77,78,100,440,172,265,199,197,107,161,317,261,264,266,336,58,129,160,126,229,7,236,112,155,340,238,95,237,154,119,128,223,159,158,273,122,8,127,193,116,140,91,118,168,4,6,169,142,123,120,138,104,132,135,137,358,133,136,97,124,106,108,111,139,113,131,141,92,313,117,318,411,341,105,61,319,342,274,99,54,408,315,314,344,62,148,60,320,316,96,356,267,268,153,18,351,413,412,121,114,57,134,231,125,115,130,5,110,56,65,191,271,72,67,355,277,87,89,76,68,370,71,377,17,374,275,74,346,371,276,55,367,73,152,357,109,75,335,59,196,194,343,63,195,220,70,33,215,166,347,64,173,170,401,34,143,354,144,149,151,222,353,406,150,407,405,227,163,228,221,192,233,190,226,82,225,234,235,352,366,83,85,84,53,232,303,176,86,350,365,177,189,345,364,362,302,167,363,219,175,81,14,11,32,10,13,80,174,180,31,181,349,348,12,218,216,217,188,361,183,179,481,301,79,182,427,16,430,487,428,429,15,0,455,445,450,19,1,448,453,260,484,464,446,485,442,432,439,479,456,438,451,431,449,447,470,467,28,436,452,462,458,465,473,422,461,20,476,433,488,257,437,474,477,471,468,459,256,454,517,457,509,259,423,444,258,482,486,480,483,506,187,508,359,21,185,23,184,22,186,24,25,360,26,498,528,27,30,425,29,324,322,489,388,323,325,526,510,527,499,525,503,390,391,490,515,321,504,505,389,507,426,434,500,435,497,523,516,524,424,533,529,501,101,511,102,513,512,514,103,519,502,518,327,330,329,520,521,522,494,326,328,331,2,535,534,492,493,532,495,536,491,531,530,496,
402,369,403,404,309,69,241,311,250,254,305,308,310,306,253,304,255,247,252,246,251,410,243,242,248,249,240,245,466,478,244,463,368,475,90,295,419,469,472,307,312,460,417,293,298,297,376,286,421,375,409,281,287,239,300,292,290,299,443,420,338,198,373,214,211,415,418,339,203,209,416,269,157,202,210,398,204,205,201,200,208,207,291,289,288,206,98,212,213,387,50,334,88,385,372,384,280,383,414,178,262,263,393,395,52,49,337,93,441,272,48,146,171,164,332,47,392,381,165,294,41,285,386,45,44,382,397,284,51,396,379,380,378,147,46,278,283,282,270,394,296,36,145,38,224,37,35,39,66,279,40,43,162,42,399,156,400,94,230,9,3,333,77,78,100,440,172,265,199,197,107,161,317,264,261,266,336,160,58,129,126,229,7,236,155,112,340,237,95,238,119,154,128,223,159,273,8,122,158,127,193,116,140,91,118,4,168,169,6,142,138,104,132,135,120,123,133,136,97,358,137,124,106,108,111,139,131,141,113,313,117,92,61,341,411,105,318,319,99,342,54,274,408,315,314,344,62,60,148,320,267,96,316,356,268,18,153,351,412,134,114,57,121,413,130,115,125,231,110,56,5,72,67,65,271,191,87,277,355,89,76,68,17,377,370,374,71,346,275,74,276,371,55,367,152,73,357,109,75,335,59,196,343,194,195,63,220,215,70,33,347,166,64,173,170,34,143,401,354,144,151,149,222,353,407,150,406,163,405,227,233,221,192,228,226,190,225,82,234,235,352,83,366,84,85,303,53,232,176,350,86,189,177,365,364,345,219,362,302,167,363,14,175,81,11,13,10,32,80,174,180,31,349,181,12,348,216,218,188,217,361,183,179,481,79,301,182,427,16,430,487,429,428,0,15,455,445,450,19,448,1,260,453,484,464,446,442,485,439,432,479,456,438,431,451,447,449,470,467,28,452,436,462,465,458,473,461,422,20,433,476,488,257,437,471,468,474,477,256,459,454,517,457,509,259,423,444,258,482,480,486,483,506,187,508,359,21,185,186,22,23,184,24,25,360,26,528,498,27,30,425,29,322,324,489,325,323,388,510,526,527,390,525,499,490,503,391,515,321,505,504,389,426,507,500,434,435,497,523,516,524,424,533,529,101,501,513,102,514,103,512,511,519,502,327,518,330,329,521,522,520,326,494,328,2,331,534,532,491,536,493,495,531,492,530,496,535,
402,369,403,404,309,69,241,311,250,254,305,310,308,306,253,304,255,247,252,246,251,410,243,242,248,249,240,245,466,478,244,463,368,475,90,295,419,469,472,307,312,460,417,293,298,297,376,286,421,409,375,281,287,239,300,292,290,299,443,420,338,198,373,214,211,415,418,339,203,209,269,416,157,202,210,204,398,205,201,200,208,207,291,289,288,206,98,212,213,387,50,334,88,385,372,384,280,383,414,178,262,263,393,395,52,49,337,93,441,272,48,146,171,164,332,47,381,165,392,294,44,386,45,41,382,285,284,51,397,379,396,378,380,147,278,46,283,282,394,270,296,36,145,38,224,35,37,39,40,279,66,43,162,42,399,400,156,94,9,230,3,333,77,78,100,440,172,265,199,197,161,107,317,261,264,266,336,129,160,58,126,229,7,155,112,236,340,95,238,237,119,128,154,223,159,122,8,273,158,127,116,193,140,91,118,168,4,6,169,142,104,138,120,132,123,135,133,97,137,358,136,106,124,111,108,139,113,141,131,117,313,92,318,411,61,105,341,319,54,99,274,342,408,315,344,314,62,60,148,320,316,356,96,267,268,153,351,18,413,114,121,57,134,412,115,125,130,231,56,110,5,65,191,72,271,67,87,277,355,89,68,76,71,374,17,377,370,346,74,275,276,371,367,55,73,152,357,109,75,335,59,196,194,343,63,195,220,70,215,33,347,166,173,64,170,143,401,34,354,144,151,149,222,353,406,150,407,227,163,405,226,228,192,221,190,233,225,82,234,235,352,83,366,84,85,232,176,53,303,350,86,177,189,365,345,364,362,302,167,219,363,81,14,175,11,13,10,32,80,174,31,180,349,181,12,348,188,217,216,218,361,183,179,481,79,301,182,427,16,430,487,429,428,0,15,455,445,19,450,1,448,453,260,464,484,446,442,485,432,439,479,456,451,431,438,447,449,470,467,28,436,452,465,462,458,473,461,422,20,476,433,488,257,474,256,459,468,471,437,477,454,517,457,509,444,423,259,258,486,480,482,483,506,187,508,359,21,185,23,184,24,22,186,25,360,26,528,498,425,30,27,29,489,324,322,388,325,323,510,526,527,525,490,499,503,391,390,515,321,505,504,389,426,507,434,500,435,523,497,516,524,533,529,424,501,101,513,514,102,511,103,512,519,502,327,330,329,518,522,521,494,520,326,2,328,331,536,491,496,532,495,492,530,535,534,493,531,
402,369,403,404,309,69,241,311,250,254,305,308,310,306,253,304,255,247,252,246,251,410,243,242,249,248,240,245,466,478,244,463,368,475,90,295,419,469,472,307,312,460,417,293,298,297,376,286,421,409,375,281,287,239,300,292,290,299,443,420,338,198,373,214,211,418,415,339,203,209,269,416,157,202,210,398,204,205,201,200,208,207,291,289,288,206,98,212,213,50,387,334,88,385,372,384,383,280,414,178,263,262,393,395,52,49,337,93,441,272,48,146,171,164,332,47,381,392,165,294,382,44,45,386,41,285,51,397,284,396,378,379,380,147,46,278,283,282,270,394,296,36,145,38,224,37,35,39,40,279,66,43,162,42,399,156,400,94,9,230,3,333,77,100,78,440,172,265,199,197,161,107,317,264,261,266,336,58,160,129,126,229,7,236,112,155,340,238,237,95,154,119,128,223,159,8,122,273,158,127,140,116,193,91,118,168,4,6,169,142,135,132,120,138,123,104,137,358,136,97,133,106,124,108,111,139,113,141,131,92,117,313,411,341,61,105,318,319,274,99,342,54,315,408,344,314,62,60,148,320,316,356,268,96,267,351,153,18,412,57,121,114,134,413,125,130,231,115,110,56,5,65,271,67,191,72,277,355,87,89,68,76,377,370,374,17,71,275,346,74,371,276,367,55,73,152,357,109,75,335,59,196,343,194,195,63,220,70,215,33,166,347,173,64,170,401,143,34,354,144,149,151,222,353,406,150,407,405,163,227,228,221,226,190,192,233,225,82,235,234,352,83,84,366,85,176,53,303,232,86,350,189,177,365,364,345,362,363,167,302,219,14,175,81,11,10,32,13,80,180,31,174,349,181,12,348,188,217,218,216,361,183,481,179,301,79,182,427,16,430,487,428,429,15,0,455,445,19,450,1,448,260,453,446,484,464,442,485,432,439,479,456,431,451,438,449,447,470,467,28,436,452,462,465,458,473,422,461,20,433,488,476,257,468,474,437,256,471,459,477,454,517,457,509,444,423,259,258,486,480,482,483,506,187,508,359,21,185,22,24,184,186,23,25,360,26,498,528,27,425,29,30,489,324,322,323,325,388,526,510,527,390,525,391,503,499,490,515,321,504,389,505,426,507,434,500,435,523,497,424,533,529,524,516,101,501,513,102,511,514,103,512,519,502,329,327,518,330,494,326,522,520,521,2,331,328,493,534,495,531,491,536,532,535,530,492,496,
402,369,403,404,309,69,241,311,250,254,305,308,310,306,253,304,255,247,252,246,251,410,243,242,248,249,240,245,466,478,244,463,475,368,90,295,419,469,472,307,312,460,417,293,297,298,376,286,421,375,409,281,287,239,300,292,290,299,443,420,338,198,373,214,211,418,415,339,203,209,416,269,157,202,210,204,398,205,201,200,208,207,291,289,288,206,98,212,213,387,50,334,88,385,372,384,383,280,414,178,263,262,393,395,52,49,337,93,441,272,48,146,171,164,332,47,381,392,165,294,41,45,382,44,386,285,51,284,397,378,379,396,380,147,46,278,283,282,394,270,296,36,145,38,224,35,37,39,279,66,40,43,162,42,399,400,156,94,9,230,3,333,77,78,100,440,172,265,199,197,161,107,317,264,261,266,336,129,160,58,126,229,7,236,112,155,340,238,237,95,119,154,128,223,159,273,122,8,158,127,116,140,193,91,118,168,4,6,169,142,138,135,132,120,104,123,358,133,137,97,136,124,106,111,108,139,131,141,113,92,313,117,105,341,61,411,318,319,54,99,342,274,408,315,344,314,148,62,60,320,268,96,356,267,316,18,351,153,114,57,134,413,121,412,115,125,130,231,56,5,110,67,191,271,65,72,355,87,277,89,68,76,370,17,71,374,377,346,275,74,276,371,367,55,73,152,357,109,75,335,59,196,343,194,195,63,220,215,70,33,347,166,173,64,170,401,34,143,354,144,149,151,353,222,150,407,406,227,405,163,192,221,190,228,226,233,225,82,234,235,352,83,84,85,366,53,303,176,232,86,350,177,365,189,364,345,219,302,167,363,362,175,14,81,11,32,13,10,31,80,174,180,349,181,12,348,216,217,218,188,361,183,481,179,301,79,182,427,16,430,487,428,429,0,15,455,445,19,450,448,1,453,260,446,484,464,485,442,432,439,456,479,451,431,438,447,449,470,467,28,452,436,462,465,458,473,422,461,20,488,433,476,257,468,471,474,437,459,477,256,454,517,457,509,444,423,259,258,486,480,482,483,506,187,508,359,21,185,23,184,186,22,24,25,360,26,498,528,27,425,29,30,322,324,489,325,323,388,526,510,527,391,503,390,525,499,490,515,321,504,505,389,507,426,434,500,435,497,523,529,424,516,533,524,501,101,513,102,514,512,511,103,519,502,329,327,330,518,521,520,494,522,326,328,2,331,491,536,535,492,493,530,495,531,534,496,532,
402,369,403,404,309,69,241,311,250,254,305,308,310,306,253,304,255,247,252,246,251,410,243,242,249,248,240,245,466,478,244,463,475,90,368,295,419,469,472,307,312,460,417,293,298,297,376,286,421,375,409,281,287,239,300,292,290,299,443,420,338,198,373,214,211,415,418,339,203,209,269,416,157,210,202,398,204,205,201,200,208,207,291,289,288,98,206,212,213,387,50,334,88,385,372,384,280,383,414,178,262,263,393,395,52,49,337,93,441,272,48,146,171,164,332,47,381,392,165,294,382,44,41,45,285,386,397,284,51,379,378,396,380,147,278,46,283,282,270,394,296,145,36,38,224,37,35,39,66,40,279,43,162,42,399,400,156,94,230,9,3,333,77,78,100,440,172,265,199,197,107,161,317,264,261,266,336,58,129,160,126,229,7,236,112,155,340,237,95,238,128,119,154,223,159,273,122,8,158,127,140,116,193,91,118,168,4,169,6,142,138,120,132,104,123,135,136,97,358,137,133,106,124,111,139,108,131,141,113,92,117,313,341,105,411,61,318,319,54,342,274,99,315,408,344,314,60,148,62,320,267,356,96,268,316,351,18,153,134,412,413,114,57,121,125,115,231,130,110,5,56,67,72,65,271,191,277,87,355,89,76,68,17,370,374,377,71,275,74,346,276,371,367,55,73,152,357,109,75,335,59,196,343,194,63,195,220,33,215,70,347,166,64,173,170,143,34,401,354,144,151,149,222,353,406,407,150,405,227,163,190,221,226,228,192,233,82,225,234,235,352,83,366,84,85,232,53,303,176,350,86,365,189,177,345,364,362,363,167,302,219,81,175,14,11,32,13,10,174,180,31,80,181,349,12,348,188,218,217,216,361,183,179,481,301,79,182,427,16,430,487,429,428,15,0,455,445,450,19,1,448,260,453,484,446,464,485,442,439,432,456,479,431,451,438,447,449,470,467,28,436,452,458,465,462,473,422,461,20,476,433,488,257,471,256,459,437,474,468,477,454,517,457,509,444,259,423,258,482,480,486,483,506,187,508,359,21,185,24,184,186,23,22,25,360,26,528,498,29,425,27,30,324,489,322,323,388,325,526,510,527,490,499,525,503,390,391,515,321,504,389,505,426,507,500,434,435,497,523,516,533,424,529,524,101,501,512,103,514,513,102,511,519,502,518,329,330,327,522,494,520,521,326,331,2,328,530,493,491,535,495,532,496,492,531,534,536,
402,369,403,404,309,69,241,311,250,254,305,308,310,306,253,304,255,247,252,246,251,410,243,242,248,249,240,245,466,478,244,463,368,90,475,295,419,469,472,307,312,460,417,293,298,297,376,286,421,375,409,281,287,239,300,292,290,299,443,420,338,198,373,214,211,418,415,339,203,209,269,416,157,202,210,398,204,205,201,200,208,207,291,289,288,98,206,212,213,50,387,334,88,385,372,384,383,280,414,178,262,263,393,395,52,49,337,93,441,272,48,146,171,164,332,47,165,381,392,294,285,45,44,386,41,382,397,284,51,379,378,396,380,147,46,278,283,282,394,270,296,36,145,38,224,35,37,39,279,66,40,43,162,42,399,156,400,94,9,230,3,333,77,78,100,440,172,265,199,197,161,107,317,264,261,266,336,58,129,160,126,229,7,236,112,155,340,95,237,238,119,154,128,223,159,158,273,8,122,127,140,116,193,91,118,168,4,6,169,142,135,138,104,123,132,120,137,97,133,136,358,106,124,108,139,111,141,131,113,117,92,313,411,61,105,341,318,319,99,342,54,274,408,315,314,344,148,62,60,320,268,96,316,356,267,18,153,351,413,412,121,57,134,114,115,125,231,130,5,110,56,191,271,65,72,67,355,87,277,89,68,76,17,377,374,71,370,74,346,275,371,276,367,55,152,73,357,109,75,335,59,196,194,343,63,195,220,33,70,215,347,166,173,64,170,401,143,34,354,144,149,151,222,353,406,407,150,163,405,227,228,190,226,192,221,233,225,82,234,235,352,85,84,83,366,232,303,176,53,350,86,177,365,189,364,345,362,167,302,363,219,175,14,81,11,10,13,32,174,180,31,80,181,349,12,348,216,188,218,217,361,183,481,179,79,301,182,427,16,430,487,428,429,0,15,455,445,450,19,1,448,260,453,446,464,484,442,485,439,432,479,456,438,451,431,447,449,470,467,28,436,452,465,462,458,473,461,422,20,488,433,476,257,474,459,468,437,477,471,256,454,517,457,509,259,444,423,258,486,482,480,483,506,187,508,359,21,185,186,22,24,184,23,25,360,26,528,498,29,27,30,425,322,324,489,325,388,323,510,526,527,525,391,490,503,499,390,515,321,389,505,504,426,507,434,500,435,523,497,524,529,533,424,516,101,501,103,512,102,513,514,511,519,502,330,518,327,329,326,520,494,522,521,2,328,331,493,534,491,536,495,532,492,496,531,530,535,
402,369,403,404,309,69,241,311,250,254,305,310,308,306,253,304,255,247,252,246,251,410,243,242,249,248,240,245,466,478,244,463,475,90,368,295,419,469,472,307,312,460,417,293,297,298,376,286,421,409,375,281,287,239,300,292,290,299,443,420,338,198,373,214,211,418,415,339,203,209,269,416,157,210,202,398,204,205,201,200,208,207,291,289,288,98,206,212,213,50,387,334,88,385,372,384,383,280,414,178,263,262,393,395,52,49,337,93,441,272,146,48,171,164,332,47,381,392,165,294,44,382,41,386,45,285,397,51,284,380,396,379,378,147,46,278,283,282,394,270,296,36,145,38,224,35,37,39,279,66,40,43,162,42,399,156,400,94,230,9,3,333,77,78,100,440,172,265,199,197,107,161,317,261,264,266,336,129,58,160,126,229,7,112,155,236,340,95,237,238,119,154,128,223,159,273,8,122,158,127,116,140,193,91,118,168,4,169,6,142,120,132,104,123,135,138,358,133,137,136,97,106,124,139,108,111,141,131,113,92,313,117,105,341,411,318,61,319,99,54,274,342,315,408,314,344,60,148,62,320,267,356,96,316,268,18,351,153,121,134,412,114,57,413,115,125,130,231,56,110,5,65,67,191,271,72,355,277,87,89,68,76,71,370,377,374,17,74,275,346,371,276,367,55,73,152,357,109,335,75,59,196,194,343,63,195,220,33,70,215,166,347,64,173,170,143,401,34,354,144,149,151,353,222,150,406,407,163,227,405,190,221,192,233,228,226,82,225,235,234,352,83,366,84,85,303,53,232,176,350,86,177,189,365,364,345,362,363,167,302,219,14,81,175,11,32,13,10,174,31,80,180,349,181,348,12,218,188,217,216,361,183,481,179,301,79,182,427,16,430,487,429,428,0,15,455,445,450,19,1,448,260,453,446,464,484,442,485,439,432,456,479,431,438,451,447,449,467,470,28,436,452,465,458,462,473,422,461,20,476,488,433,257,437,256,474,459,468,477,471,454,517,457,509,423,444,259,258,486,480,482,483,506,187,508,359,21,185,184,24,23,22,186,25,360,26,498,528,30,425,27,29,322,324,489,323,388,325,526,510,527,390,499,391,525,503,490,515,321,505,504,389,426,507,500,434,435,497,523,516,529,524,533,424,501,101,512,103,514,511,513,102,519,502,330,518,329,327,520,521,522,326,494,2,328,331,495,532,531,491,496,492,493,534,536,530,535,
402,369,403,404,309,69,241,311,250,254,305,308,310,306,253,304,255,247,252,246,251,410,243,242,248,249,240,245,466,478,244,463,368,475,90,295,419,469,472,307,312,460,417,293,297,298,376,286,421,409,375,281,287,239,300,292,290,299,443,420,338,198,373,214,211,418,415,339,209,203,269,416,157,210,202,398,204,205,201,200,207,208,291,289,288,206,98,212,213,50,387,334,88,385,372,384,280,383,414,178,263,262,393,395,52,49,337,93,272,441,146,48,171,164,332,47,392,165,381,294,386,41,285,45,44,382,397,284,51,379,380,396,378,147,278,46,283,282,394,270,296,36,145,38,224,35,37,39,66,40,279,43,162,42,399,400,156,94,9,230,3,333,77,100,78,440,172,265,199,197,161,107,317,261,264,266,336,129,160,58,126,229,7,112,236,155,340,237,238,95,154,119,128,223,159,122,8,158,273,127,140,193,116,91,118,4,168,169,6,142,120,135,104,138,132,123,97,133,136,358,137,106,124,139,111,108,131,113,141,313,92,117,341,61,105,318,411,319,99,54,274,342,315,408,344,314,60,148,62,320,316,356,268,267,96,18,153,351,121,114,134,412,57,413,125,231,130,115,110,5,56,65,271,72,191,67,355,87,277,89,76,68,17,370,377,71,374,275,346,74,371,276,367,55,152,73,357,109,335,75,59,196,343,194,63,195,220,215,70,33,347,166,173,64,170,34,401,143,354,144,149,151,222,353,150,407,406,163,227,405,226,190,192,233,221,228,82,225,234,235,352,84,85,83,366,53,232,303,176,86,350,365,177,189,364,345,219,363,167,362,302,175,81,14,11,32,10,13,174,31,180,80,181,349,12,348,188,216,218,217,361,183,481,179,79,301,182,427,16,430,487,428,429,15,0,455,445,450,19,1,448,260,453,484,446,464,442,485,439,432,479,456,438,431,451,447,449,467,470,28,436,452,462,465,458,473,422,461,20,433,476,488,257,468,471,477,459,256,437,474,454,517,457,509,423,259,444,258,480,482,486,483,506,187,508,359,21,185,24,186,184,23,22,25,360,26,498,528,27,29,425,30,322,489,324,388,323,325,526,510,527,390,525,391,499,490,503,515,321,504,505,389,507,426,500,434,435,523,497,424,529,524,533,516,501,101,102,514,103,511,512,513,519,502,329,327,518,330,520,522,326,494,521,331,328,2,492,532,536,496,495,491,534,530,535,493,531,
402,369,403,404,309,69,241,311,250,254,305,310,308,306,253,304,255,247,252,246,251,410,243,242,248,249,240,245,466,478,244,463,90,368,475,295,419,469,472,307,312,460,417,293,298,297,376,286,421,409,375,281,287,239,300,292,290,299,443,420,338,198,373,214,211,415,418,339,209,203,416,269,157,202,210,398,204,205,201,200,207,208,291,289,288,206,98,212,213,387,50,334,88,385,372,384,280,383,414,178,262,263,393,395,52,49,337,93,441,272,48,146,171,164,332,47,381,165,392,294,382,45,44,285,386,41,51,397,284,380,379,396,378,147,46,278,283,282,394,270,296,145,36,38,224,35,37,39,279,66,40,43,162,42,399,400,156,94,230,9,3,333,77,78,100,440,172,265,199,197,107,161,317,264,261,266,336,58,129,160,126,229,7,155,112,236,340,237,238,95,154,119,128,223,159,122,158,273,8,127,116,140,193,91,118,168,4,169,6,142,120,138,123,132,104,135,133,136,358,97,137,106,124,111,139,108,113,141,131,117,92,313,105,61,341,318,411,319,54,342,274,99,408,315,314,344,148,62,60,320,267,96,356,316,268,153,18,351,134,412,413,57,121,114,130,125,115,231,56,110,5,191,72,271,67,65,87,277,355,89,68,76,17,377,374,71,370,74,346,275,371,276,55,367,152,73,357,109,75,335,59,196,343,194,63,195,220,70,33,215,347,166,173,64,170,143,34,401,354,144,149,151,353,222,150,406,407,227,405,163,233,221,228,226,190,192,82,225,235,234,352,84,366,85,83,303,53,176,232,86,350,177,189,365,364,345,167,302,219,363,362,81,175,14,11,10,32,13,174,31,180,80,349,181,348,12,218,216,217,188,361,183,481,179,301,79,182,427,16,430,487,428,429,15,0,455,445,450,19,448,1,260,453,464,484,446,485,442,432,439,456,479,431,438,451,447,449,467,470,28,452,436,465,458,462,473,422,461,20,488,433,476,257,477,471,437,256,474,459,468,454,517,457,509,423,259,444,258,486,482,480,483,506,187,508,359,21,185,22,184,186,23,24,25,360,26,498,528,30,29,27,425,324,322,489,323,388,325,510,526,527,490,391,525,499,503,390,515,321,504,389,505,507,426,434,500,435,497,523,424,524,516,533,529,101,501,512,511,103,514,513,102,519,502,327,330,518,329,494,521,522,326,520,2,331,328,534,531,491,492,535,496,495,530,493,536,532,
402,369,403,404,309,69,241,311,250,254,305,308,310,306,253,304,255,247,252,246,251,410,243,242,248,249,240,245,466,478,244,463,90,475,368,295,419,469,472,307,312,460,417,293,297,298,376,286,421,375,409,281,287,239,300,292,290,299,443,420,338,198,373,214,211,418,415,339,209,203,269,416,157,210,202,204,398,205,201,200,208,207,291,289,288,206,98,212,213,387,50,334,88,385,372,384,383,280,414,178,263,262,393,395,52,49,337,93,441,272,146,48,171,164,332,47,165,392,381,294,44,41,285,45,382,386,397,51,284,380,379,378,396,147,46,278,283,282,270,394,296,145,36,38,224,35,37,39,40,279,66,43,162,42,399,156,400,94,230,9,3,333,77,100,78,440,172,265,199,197,107,161,317,264,261,266,336,129,58,160,126,229,7,155,236,112,340,237,95,238,119,128,154,223,159,273,158,122,8,127,193,116,140,91,118,4,168,169,6,142,138,135,120,123,132,104,133,137,136,97,358,124,106,111,139,108,113,131,141,117,313,92,105,341,411,318,61,319,274,54,342,99,408,315,314,344,60,148,62,320,96,356,268,316,267,153,18,351,412,57,114,134,413,121,231,130,125,115,110,56,5,191,67,65,271,72,355,277,87,89,68,76,374,377,71,370,17,74,346,275,371,276,55,367,152,73,357,109,75,335,59,196,194,343,195,63,220,33,70,215,166,347,64,173,170,401,34,143,354,144,149,151,222,353,406,150,407,227,163,405,228,192,190,221,233,226,225,82,235,234,352,85,84,366,83,176,232,53,303,86,350,177,189,365,364,345,219,167,302,363,362,175,81,14,11,13,32,10,31,180,80,174,181,349,12,348,217,188,216,218,361,183,481,179,301,79,182,427,16,430,487,429,428,15,0,455,445,19,450,448,1,453,260,464,446,484,485,442,439,432,479,456,451,431,438,447,449,467,470,28,436,452,458,465,462,473,422,461,20,488,476,433,257,256,437,468,471,477,474,459,454,517,457,509,423,259,444,258,482,486,480,483,506,187,508,359,21,185,24,23,186,22,184,25,360,26,528,498,27,29,30,425,324,322,489,325,388,323,526,510,527,490,390,525,499,503,391,515,321,389,505,504,507,426,434,500,435,497,523,529,424,533,524,516,501,101,513,511,514,102,103,512,519,502,330,327,518,329,326,494,521,520,522,331,2,328,496,491,531,535,532,534,530,493,536,495,492,
402,369,403,404,309,69,241,311,250,254,305,310,308,306,253,304,255,247,252,246,251,410,243,242,249,248,240,245,466,478,244,463,90,475,368,295,419,469,472,307,312,460,417,293,298,297,376,286,421,409,375,281,287,239,300,292,290,299,443,420,338,198,373,214,211,415,418,339,209,203,416,269,157,202,210,398,204,205,201,200,208,207,291,289,288,206,98,212,213,387,50,334,88,385,372,384,280,383,414,178,262,263,393,395,52,49,337,93,272,441,146,48,171,164,332,47,381,165,392,294,285,382,44,45,41,386,284,51,397,379,396,378,380,147,278,46,283,282,270,394,296,145,36,38,224,37,35,39,66,279,40,43,162,42,399,400,156,94,9,230,3,333,77,100,78,440,172,265,199,197,161,107,317,264,261,266,336,160,58,129,126,229,7,236,155,112,340,95,238,237,119,154,128,223,159,8,273,122,158,127,140,193,116,91,118,4,168,6,169,142,104,132,120,135,138,123,133,358,97,137,136,106,124,111,108,139,113,131,141,92,313,117,61,105,318,341,411,319,274,99,54,342,408,315,314,344,148,62,60,320,267,356,268,316,96,153,18,351,114,134,57,121,413,412,115,231,130,125,110,5,56,67,65,191,271,72,355,87,277,89,68,76,370,17,377,374,71,275,74,346,276,371,367,55,152,73,357,109,75,335,59,196,194,343,195,63,220,215,33,70,166,347,64,173,170,401,143,34,354,144,149,151,222,353,150,406,407,163,405,227,190,221,233,228,192,226,225,82,235,234,352,84,85,83,366,53,232,303,176,350,86,189,365,177,364,345,363,167,219,362,302,14,81,175,11,13,10,32,174,180,31,80,349,181,348,12,217,216,188,218,361,183,481,179,301,79,182,427,16,430,487,429,428,15,0,455,445,450,19,448,1,260,453,446,464,484,442,485,432,439,479,456,451,438,431,449,447,467,470,28,436,452,462,458,465,473,461,422,20,433,488,476,257,477,459,474,468,437,471,256,454,517,457,509,423,444,259,258,486,480,482,483,506,187,508,359,21,185,24,22,184,23,186,25,360,26,528,498,27,425,30,29,322,489,324,388,325,323,526,510,527,503,390,499,490,391,525,515,321,505,389,504,426,507,434,500,435,523,497,529,424,516,533,524,501,101,511,514,102,103,512,513,519,502,518,330,327,329,520,326,522,521,494,331,328,2,496,534,535,532,536,493,492,495,491,531,530,
402,369,403,404,309,69,241,311,250,254,305,308,310,306,253,304,255,247,252,246,251,410,243,242,249,248,240,245,466,478,244,463,475,90,368,295,419,469,472,307,312,460,417,293,298,297,376,286,421,375,409,281,287,239,300,292,290,299,443,420,338,198,373,214,211,415,418,339,203,209,269,416,157,210,202,204,398,205,201,200,207,208,291,289,288,98,206,212,213,50,387,334,88,385,372,384,280,383,414,178,262,263,393,395,52,49,337,93,272,441,48,146,171,164,332,47,165,381,392,294,41,44,386,382,45,285,397,51,284,379,396,380,378,147,46,278,283,282,394,270,296,145,36,38,224,35,37,39,279,40,66,43,162,42,399,400,156,94,9,230,3,333,77,78,100,440,172,265,199,197,161,107,317,264,261,266,336,58,160,129,126,229,7,155,112,236,340,237,238,95,154,119,128,223,159,273,158,8,122,127,116,140,193,91,118,168,4,6,169,142,138,104,135,120,132,123,133,136,97,137,358,106,124,108,111,139,113,141,131,313,92,117,341,318,105,411,61,319,274,54,342,99,408,315,314,344,148,60,62,320,356,268,96,267,316,18,351,153,121,57,134,114,412,413,125,115,130,231,56,5,110,271,72,67,65,191,277,355,87,89,68,76,71,377,17,370,374,275,346,74,371,276,367,55,73,152,357,109,335,75,59,196,343,194,63,195,220,70,215,33,347,166,173,64,170,143,401,34,354,144,149,151,353,222,150,406,407,227,405,163,190,221,228,226,192,233,225,82,235,234,352,83,85,366,84,53,232,303,176,350,86,177,189,365,345,364,219,302,362,167,363,175,81,14,11,10,13,32,31,180,80,174,181,349,12,348,188,217,218,216,361,183,179,481,301,79,182,427,16,430,487,429,428,0,15,455,445,450,19,1,448,453,260,484,446,464,485,442,439,432,479,456,451,431,438,447,449,467,470,28,436,452,465,458,462,473,461,422,20,488,476,433,257,474,471,468,256,459,437,477,454,517,457,509,259,444,423,258,482,480,486,483,506,187,508,359,21,185,24,184,186,23,22,25,360,26,528,498,30,27,29,425,489,324,322,388,325,323,526,510,527,490,391,390,503,525,499,515,321,389,504,505,507,426,434,500,435,497,523,424,524,516,533,529,501,101,514,102,512,511,103,513,519,502,518,330,327,329,520,494,326,522,521,331,328,2,530,495,535,492,536,493,496,491,532,534,531,
402,369,403,404,309,69,241,311,250,254,305,308,310,306,253,304,255,247,252,246,251,410,243,242,249,248,240,245,466,478,244,463,368,475,90,295,419,469,472,307,312,460,417,293,297,298,376,286,421,375,409,281,287,239,300,292,290,299,443,420,338,198,373,214,211,418,415,339,209,203,416,269,157,202,210,204,398,205,201,200,207,208,291,289,288,98,206,212,213,50,387,334,88,385,372,384,383,280,414,178,263,262,393,395,52,49,337,93,272,441,48,146,171,164,332,47,165,381,392,294,382,41,386,45,285,44,51,284,397,380,378,396,379,147,46,278,283,282,270,394,296,36,145,38,224,37,35,39,279,40,66,43,162,42,399,156,400,94,230,9,3,333,77,100,78,440,172,265,199,197,161,107,317,264,261,266,336,129,160,58,126,229,7,155,236,112,340,237,95,238,154,128,119,223,159,273,122,158,8,127,193,140,116,91,118,168,4,169,6,142,104,132,123,138,120,135,137,136,358,97,133,124,106,139,111,108,113,141,131,313,117,92,61,411,318,105,341,319,274,99,342,54,315,408,314,344,60,62,148,320,356,268,316,96,267,18,351,153,412,114,134,121,57,413,115,231,125,130,56,5,110,65,72,67,271,191,87,355,277,89,76,68,377,71,17,374,370,74,346,275,371,276,367,55,152,73,357,109,75,335,59,196,194,343,195,63,220,215,70,33,166,347,173,64,170,34,143,401,354,144,149,151,222,353,407,150,406,405,163,227,226,228,233,190,221,192,225,82,235,234,352,366,85,84,83,232,53,303,176,86,350,177,189,365,345,364,362,302,363,167,219,81,14,175,11,10,32,13,180,174,31,80,349,181,12,348,188,216,218,217,361,183,179,481,79,301,182,427,16,430,487,428,429,0,15,455,445,450,19,1,448,260,453,464,484,446,485,442,432,439,456,479,451,431,438,449,447,470,467,28,436,452,462,458,465,473,461,422,20,476,488,433,257,471,468,474,477,437,459,256,454,517,457,509,444,423,259,258,486,480,482,483,506,187,508,359,21,185,184,24,186,23,22,25,360,26,528,498,27,30,425,29,322,324,489,323,388,325,526,510,527,390,499,391,525,503,490,515,321,389,505,504,507,426,500,434,435,523,497,533,424,529,516,524,501,101,514,512,511,513,102,103,519,502,327,518,329,330,522,326,521,494,520,331,328,2,491,532,492,496,535,531,536,495,530,493,534,
402,369,403,404,309,69,241,311,250,254,305,308,310,306,253,304,255,247,252,246,251,410,243,242,249,248,240,245,466,478,244,463,368,475,90,295,419,469,472,307,312,460,417,293,297,298,376,286,421,409,375,281,287,239,300,292,290,299,443,420,338,198,373,214,211,418,415,339,203,209,269,416,157,202,210,204,398,205,201,200,207,208,291,289,288,206,98,212,213,387,50,334,88,385,372,384,383,280,414,178,263,262,393,395,52,49,337,93,441,272,146,48,171,164,332,47,165,392,381,294,45,285,386,382,44,41,284,51,397,378,380,379,396,147,46,278,283,282,270,394,296,36,145,38,224,35,37,39,66,40,279,43,162,42,399,400,156,94,9,230,3,333,77,100,78,440,172,265,199,197,107,161,317,261,264,266,336,129,58,160,126,229,7,112,236,155,340,237,95,238,128,119,154,223,159,122,273,8,158,127,193,140,116,91,118,4,168,6,169,142,132,123,104,135,138,120,136,358,137,97,133,124,106,108,139,111,141,131,113,117,92,313,105,411,61,318,341,319,274,99,342,54,315,408,344,314,148,60,62,320,356,96,267,268,316,153,18,351,413,412,114,134,57,121,231,130,115,125,5,56,110,72,271,191,65,67,277,355,87,89,68,76,374,71,377,370,17,275,74,346,371,276,367,55,152,73,357,109,75,335,59,196,194,343,63,195,220,33,215,70,166,347,173,64,170,401,143,34,354,144,149,151,222,353,407,150,406,227,405,163,190,233,228,226,221,192,225,82,234,235,352,85,366,83,84,53,232,176,303,350,86,365,189,177,364,345,362,363,302,219,167,81,14,175,11,13,32,10,180,80,174,31,181,349,348,12,218,216,188,217,361,183,481,179,79,301,182,427,16,430,487,429,428,15,0,455,445,19,450,1,448,453,260,484,464,446,442,485,439,432,479,456,451,438,431,447,449,467,470,28,436,452,458,462,465,473,461,422,20,433,476,488,257,471,468,256,459,477,474,437,454,517,457,509,259,444,423,258,482,486,480,483,506,187,508,359,21,185,186,184,24,23,22,25,360,26,528,498,29,27,30,425,322,324,489,388,323,325,526,510,527,490,503,499,525,390,391,515,321,504,389,505,507,426,500,434,435,497,523,524,516,529,424,533,501,101,511,513,514,512,102,103,519,502,329,518,327,330,520,521,522,326,494,2,328,331,535,530,491,493,496,531,495,536,534,532,492,
402,369,403,404,309,69,241,311,250,254,305,308,310,306,253,304,255,247,252,246,251,410,243,242,249,248,240,245,466,478,244,463,368,90,475,295,419,469,472,307,312,460,417,293,297,298,376,286,421,375,409,281,287,239,300,292,290,299,443,420,338,198,373,214,211,418,415,339,209,203,416,269,157,202,210,204,398,205,201,200,208,207,291,289,288,206,98,212,213,387,50,334,88,385,372,384,280,383,414,178,263,262,393,395,52,49,337,93,272,441,48,146,171,164,332,47,165,381,392,294,45,382,44,41,285,386,397,51,284,379,396,380,378,147,278,46,283,282,394,270,296,36,145,38,224,37,35,39,40,66,279,43,162,42,399,400,156,94,230,9,3,333,77,100,78,440,172,265,199,197,107,161,317,264,261,266,336,58,160,129,126,229,7,236,112,155,340,237,95,238,154,128,119,223,159,158,8,122,273,127,140,193,116,91,118,168,4,169,6,142,104,123,120,135,132,138,137,136,133,358,97,124,106,139,111,108,141,131,113,117,313,92,318,341,61,105,411,319,342,274,54,99,408,315,314,344,62,148,60,320,268,356,267,96,316,18,153,351,412,114,57,121,413,134,130,115,231,125,110,5,56,67,271,191,72,65,355,87,277,89,76,68,374,71,370,17,377,275,74,346,371,276,367,55,73,152,357,109,335,75,59,196,194,343,195,63,220,33,215,70,347,166,173,64,170,401,143,34,354,144,149,151,222,353,406,407,150,227,163,405,226,192,233,190,221,228,225,82,235,234,352,366,83,84,85,176,53,303,232,350,86,365,177,189,364,345,363,219,167,302,362,175,14,81,11,13,32,10,80,31,180,174,349,181,12,348,218,217,216,188,361,183,179,481,301,79,182,427,16,430,487,428,429,0,15,455,445,450,19,1,448,453,260,464,446,484,485,442,432,439,479,456,431,451,438,449,447,467,470,28,452,436,458,465,462,473,461,422,20,433,488,476,257,477,468,256,437,471,474,459,454,517,457,509,423,444,259,258,480,486,482,483,506,187,508,359,21,185,24,186,22,23,184,25,360,26,498,528,30,27,425,29,322,489,324,325,323,388,510,526,527,499,503,490,525,391,390,515,321,504,505,389,507,426,500,434,435,497,523,516,424,533,529,524,101,501,102,103,511,513,514,512,519,502,330,327,329,518,494,520,326,522,521,328,2,331,492,536,532,496,535,495,531,491,493,530,534,
402,369,403,404,309,69,241,311,250,254,305,310,308,306,253,304,255,247,252,246,251,410,243,242,249,248,240,245,466,478,244,463,90,368,475,295,419,469,472,307,312,460,417,293,298,297,376,286,421,375,409,281,287,239,300,292,290,299,443,420,338,198,373,214,211,415,418,339,203,209,416,269,157,210,202,204,398,205,201,200,208,207,291,289,288,98,206,212,213,50,387,334,88,385,372,384,383,280,414,178,263,262,393,395,52,49,337,93,272,441,48,146,171,164,332,47,392,165,381,294,41,382,45,285,386,44,284,397,51,378,379,380,396,147,278,46,283,282,270,394,296,145,36,38,224,35,37,39,279,66,40,43,162,42,399,156,400,94,9,230,3,333,77,78,100,440,172,265,199,197,107,161,317,261,264,266,336,129,160,58,126,229,7,236,112,155,340,95,237,238,128,119,154,223,159,122,273,158,8,127,140,116,193,91,118,4,168,169,6,142,132,104,120,138,123,135,136,358,133,137,97,106,124,139,108,111,113,131,141,92,313,117,341,411,318,61,105,319,274,54,342,99,408,315,314,344,148,62,60,320,96,316,356,267,268,153,18,351,114,134,57,121,412,413,125,130,115,231,110,5,56,191,72,271,65,67,355,277,87,89,68,76,377,370,71,374,17,74,346,275,371,276,55,367,152,73,357,109,75,335,59,196,194,343,195,63,220,33,70,215,166,347,64,173,170,401,34,143,354,144,149,151,353,222,150,407,406,227,163,405,221,233,228,226,192,190,225,82,234,235,352,85,366,84,83,53,232,176,303,86,350,189,365,177,364,345,362,363,302,219,167,14,175,81,11,32,10,13,174,31,80,180,181,349,348,12,216,218,188,217,361,183,481,179,79,301,182,427,16,430,487,428,429,0,15,455,445,450,19,448,1,260,453,446,484,464,485,442,439,432,479,456,431,438,451,449,447,470,467,28,436,452,462,458,465,473,422,461,20,476,488,433,257,437,459,468,471,477,474,256,454,517,457,509,423,259,444,258,486,480,482,483,506,187,508,359,21,185,22,24,23,184,186,25,360,26,498,528,30,27,29,425,322,489,324,325,323,388,526,510,527,525,390,503,499,391,490,515,321,504,389,505,426,507,434,500,435,497,523,524,533,424,529,516,101,501,512,102,513,514,511,103,519,502,330,327,329,518,520,494,326,521,522,2,328,331,532,496,530,535,495,534,531,493,536,492,491,
402,369,403,404,309,69,241,311,250,254,305,308,310,306,253,304,255,247,252,246,251,410,243,242,248,249,240,245,466,478,244,463,368,475,90,295,419,469,472,307,312,460,417,293,298,297,376,286,421,409,375,281,287,239,300,292,290,299,443,420,338,198,373,214,211,415,418,339,209,203,269,416,157,210,202,398,204,205,201,200,208,207,291,289,288,206,98,212,213,50,387,334,88,385,372,384,280,383,414,178,262,263,393,395,52,49,337,93,272,441,48,146,171,164,332,47,392,165,381,294,285,41,382,386,45,44,284,397,51,379,380,396,378,147,46,278,283,282,270,394,296,36,145,38,224,37,35,39,66,40,279,43,162,42,399,156,400,94,9,230,3,333,77,100,78,440,172,265,199,197,161,107,317,261,264,266,336,129,160,58,126,229,7,236,112,155,340,95,238,237,119,128,154,223,159,273,158,8,122,127,193,140,116,91,118,168,4,6,169,142,138,132,135,104,123,120,97,137,133,358,136,106,124,139,108,111,131,141,113,92,117,313,61,341,105,411,318,319,274,99,54,342,315,408,344,314,148,60,62,320,267,316,96,356,268,351,18,153,412,114,57,121,413,134,130,115,231,125,110,56,5,271,67,65,191,72,277,87,355,89,68,76,71,370,377,374,17,74,346,275,276,371,55,367,73,152,357,109,335,75,59,196,194,343,63,195,220,215,70,33,166,347,173,64,170,34,401,143,354,144,149,151,353,222,406,150,407,227,163,405,226,233,228,190,221,192,82,225,234,235,352,366,84,83,85,176,53,232,303,86,350,189,365,177,364,345,363,302,219,167,362,175,14,81,11,13,10,32,180,31,174,80,349,181,348,12,217,216,188,218,361,183,179,481,79,301,182,427,16,430,487,428,429,15,0,455,445,19,450,448,1,453,260,484,464,446,442,485,439,432,479,456,438,451,431,447,449,470,467,28,436,452,465,458,462,473,461,422,20,488,433,476,257,477,471,459,474,468,256,437,454,517,457,509,423,444,259,258,480,486,482,483,506,187,508,359,21,185,23,22,186,24,184,25,360,26,528,498,27,425,29,30,322,489,324,388,325,323,510,526,527,391,490,499,525,503,390,515,321,504,389,505,507,426,500,434,435,497,523,533,424,524,516,529,101,501,514,511,512,102,103,513,519,502,329,327,330,518,520,494,522,521,326,328,331,2,536,532,531,495,534,493,492,535,491,530,496,
402,369,403,404,309,69,241,311,250,254,305,308,310,306,253,304,255,247,252,246,251,410,243,242,248,249,240,245,466,478,244,463,90,475,368,295,419,469,472,307,312,460,417,293,298,297,376,286,421,375,409,281,287,239,300,292,290,299,443,420,338,198,373,214,211,418,415,339,209,203,269,416,157,202,210,204,398,205,201,200,207,208,291,289,288,206,98,212,213,50,387,334,88,385,372,384,280,383,414,178,263,262,393,395,52,49,337,93,272,441,146,48,171,164,332,47,381,392,165,294,41,285,44,382,45,386,284,51,397,379,396,378,380,147,46,278,283,282,270,394,296,145,36,38,224,37,35,39,279,66,40,43,162,42,399,156,400,94,230,9,3,333,77,100,78,440,172,265,199,197,107,161,317,264,261,266,336,160,58,129,126,229,7,155,112,236,340,95,237,238,119,154,128,223,159,273,8,122,158,127,140,193,116,91,118,168,4,169,6,142,123,104,132,120,135,138,133,136,97,358,137,124,106,108,111,139,113,131,141,92,117,313,411,105,341,318,61,319,54,99,274,342,315,408,344,314,148,60,62,320,356,96,268,267,316,18,153,351,121,413,57,134,114,412,231,125,115,130,56,5,110,271,72,67,65,191,355,277,87,89,68,76,377,71,374,17,370,74,346,275,371,276,367,55,152,73,357,109,335,75,59,196,194,343,63,195,220,33,215,70,347,166,173,64,170,34,401,143,354,144,151,149,353,222,406,150,407,163,405,227,228,226,190,233,192,221,82,225,235,234,352,85,366,84,83,176,53,232,303,350,86,177,189,365,364,345,362,302,167,363,219,175,14,81,11,32,13,10,174,80,180,31,181,349,348,12,217,216,218,188,361,183,179,481,301,79,182,427,16,430,487,428,429,0,15,455,445,450,19,1,448,260,453,484,446,464,485,442,439,432,456,479,438,431,451,449,447,467,470,28,452,436,465,458,462,473,422,461,20,433,488,476,257,474,459,477,256,437,468,471,454,517,457,509,444,259,423,258,482,486,480,483,506,187,508,359,21,185,186,184,24,22,23,25,360,26,498,528,29,30,425,27,489,324,322,325,388,323,510,526,527,490,503,499,390,391,525,515,321,505,389,504,426,507,434,500,435,497,523,424,524,516,529,533,501,101,514,511,513,103,102,512,519,502,329,327,330,518,520,522,326,521,494,331,328,2,531,495,536,493,530,492,535,534,496,491,532,
402,369,403,404,309,69,241,311,250,254,305,308,310,306,253,304,255,247,252,246,251,410,243,242,249,248,240,245,466,478,244,463,90,368,475,295,419,469,472,307,312,460,417,293,298,297,376,286,421,375,409,281,287,239,300,292,290,299,443,420,338,198,373,214,211,415,418,339,203,209,269,416,157,210,202,204,398,205,201,200,207,208,291,289,288,98,206,212,213,387,50,334,88,385,372,384,383,280,414,178,263,262,393,395,52,49,337,93,441,272,48,146,171,164,332,47,165,392,381,294,41,382,45,386,285,44,51,397,284,380,379,378,396,147,278,46,283,282,394,270,296,145,36,38,224,37,35,39,66,279,40,43,162,42,399,400,156,94,9,230,3,333,77,100,78,440,172,265,199,197,161,107,317,261,264,266,336,58,129,160,126,229,7,236,155,112,340,237,238,95,128,119,154,223,159,273,158,8,122,127,140,116,193,91,118,168,4,169,6,142,123,132,104,135,120,138,97,133,358,136,137,106,124,111,108,139,141,113,131,117,313,92,61,341,318,411,105,319,342,54,99,274,315,408,314,344,62,148,60,320,267,356,96,316,268,153,18,351,121,57,114,412,134,413,130,125,231,115,5,110,56,67,191,65,72,271,87,277,355,89,68,76,370,71,374,377,17,275,346,74,276,371,55,367,73,152,357,109,335,75,59,196,194,343,63,195,220,70,215,33,166,347,64,173,170,34,143,401,354,144,149,151,353,222,150,407,406,163,405,227,233,221,228,190,192,226,82,225,235,234,352,85,83,366,84,176,53,303,232,350,86,177,365,189,345,364,363,362,167,302,219,175,81,14,11,32,13,10,80,180,174,31,181,349,348,12,216,218,217,188,361,183,481,179,79,301,182,427,16,430,487,428,429,0,15,455,445,19,450,448,1,453,260,484,446,464,442,485,432,439,456,479,451,438,431,447,449,470,467,28,452,436,458,465,462,473,422,461,20,488,433,476,257,468,256,459,437,471,477,474,454,517,457,509,259,423,444,258,480,482,486,483,506,187,508,359,21,185,184,24,23,22,186,25,360,26,528,498,29,425,27,30,322,324,489,325,323,388,510,526,527,390,525,499,503,391,490,515,321,504,505,389,426,507,500,434,435,523,497,516,424,533,529,524,101,501,103,513,512,514,511,102,519,502,327,329,330,518,494,326,522,520,521,331,2,328,496,536,532,493,531,535,492,495,491,530,534,
402,369,403,404,309,69,241,311,250,254,305,308,310,306,253,304,255,247,252,246,251,410,243,242,249,248,240,245,466,478,244,463,475,368,90,295,419,469,472,307,312,460,417,293,298,297,376,286,421,409,375,281,287,239,300,292,290,299,443,420,338,198,373,214,211,418,415,339,203,209,269,416,157,210,202,204,398,205,201,200,208,207,291,289,288,206,98,212,213,387,50,334,88,385,372,384,280,383,414,178,262,263,393,395,52,49,337,93,272,441,146,48,171,164,332,47,381,165,392,294,45,382,285,41,44,386,51,397,284,378,396,379,380,147,46,278,283,282,270,394,296,36,145,38,224,37,35,39,279,66,40,43,162,42,399,400,156,94,9,230,3,333,77,78,100,440,172,265,199,197,107,161,317,261,264,266,336,160,129,58,126,229,7,155,112,236,340,237,95,238,119,128,154,223,159,8,158,122,273,127,193,116,140,91,118,168,4,169,6,142,138,120,135,104,123,132,97,137,358,133,136,124,106,111,108,139,141,131,113,117,313,92,105,411,318,61,341,319,99,274,54,342,408,315,344,314,62,148,60,320,268,96,356,316,267,18,153,351,412,57,134,114,121,413,115,231,130,125,110,56,5,72,65,191,271,67,87,277,355,89,76,68,370,377,71,374,17,74,346,275,276,371,367,55,152,73,357,109,335,75,59,196,194,343,195,63,220,70,33,215,166,347,64,173,170,401,143,34,354,144,151,149,353,222,150,406,407,405,163,227,221,190,226,233,192,228,82,225,234,235,352,83,366,85,84,176,53,232,303,86,350,177,189,365,364,345,167,362,363,219,302,14,175,81,11,32,10,13,174,80,180,31,349,181,12,348,216,217,188,218,361,183,179,481,301,79,182,427,16,430,487,429,428,0,15,455,445,450,19,1,448,453,260,464,484,446,442,485,432,439,456,479,438,451,431,449,447,470,467,28,452,436,462,465,458,473,461,422,20,433,476,488,257,471,256,468,459,477,437,474,454,517,457,509,423,259,444,258,480,482,486,483,506,187,508,359,21,185,184,24,22,23,186,25,360,26,528,498,30,425,29,27,489,324,322,388,325,323,510,526,527,391,499,390,490,525,503,515,321,505,389,504,426,507,434,500,435,497,523,424,529,524,533,516,501,101,514,103,512,511,102,513,519,502,518,330,329,327,520,494,326,521,522,331,328,2,536,495,532,496,531,491,530,492,534,493,535,
402,369,403,404,309,69,241,311,250,254,305,308,310,306,253,304,255,247,252,246,251,410,243,242,248,249,240,245,466,478,244,463,90,475,368,295,419,469,472,307,312,460,417,293,297,298,376,286,421,375,409,281,287,239,300,292,290,299,443,420,338,198,373,214,211,418,415,339,203,209,269,416,157,202,210,398,204,205,201,200,207,208,291,289,288,206,98,212,213,387,50,334,88,385,372,384,383,280,414,178,262,263,393,395,52,49,337,93,272,441,146,48,171,164,332,47,165,392,381,294,41,285,44,382,386,45,284,397,51,396,379,380,378,147,278,46,283,282,270,394,296,36,145,38,224,35,37,39,279,40,66,43,162,42,399,400,156,94,9,230,3,333,77,100,78,440,172,265,199,197,107,161,317,261,264,266,336,58,160,129,126,229,7,112,155,236,340,237,95,238,119,128,154,223,159,273,8,158,122,127,193,116,140,91,118,4,168,6,169,142,104,132,138,120,135,123,358,133,97,136,137,106,124,108,111,139,131,113,141,117,92,313,341,61,411,105,318,319,342,99,54,274,408,315,344,314,60,62,148,320,96,356,316,268,267,153,351,18,413,412,114,121,57,134,231,130,115,125,5,110,56,72,67,191,271,65,87,277,355,89,68,76,17,370,71,377,374,346,275,74,276,371,55,367,73,152,357,109,75,335,59,196,343,194,195,63,220,215,70,33,347,166,64,173,170,401,143,34,354,144,149,151,353,222,406,150,407,163,405,227,190,192,226,233,228,221,82,225,234,235,352,83,84,366,85,303,232,176,53,350,86,365,177,189,345,364,167,362,302,363,219,175,14,81,11,32,10,13,180,80,174,31,349,181,12,348,218,216,188,217,361,183,481,179,79,301,182,427,16,430,487,428,429,15,0,455,445,19,450,1,448,453,260,484,464,446,442,485,439,432,479,456,438,431,451,447,449,467,470,28,452,436,465,458,462,473,422,461,20,488,476,433,257,468,477,471,459,474,256,437,454,517,457,509,259,444,423,258,486,482,480,483,506,187,508,359,21,185,23,184,186,24,22,25,360,26,498,528,30,27,29,425,322,489,324,325,323,388,510,526,527,490,503,390,391,525,499,515,321,505,389,504,507,426,434,500,435,523,497,529,516,524,424,533,101,501,512,513,511,514,102,103,519,502,518,330,327,329,522,520,521,494,326,331,2,328,496,493,536,530,495,491,534,535,532,492,531,
402,369,403,404,309,69,241,311,250,254,305,308,310,306,253,304,255,247,252,246,251,410,243,242,249,248,240,245,466,478,244,463,475,90,368,295,419,469,472,307,312,460,417,293,297,298,376,286,421,409,375,281,287,239,300,292,290,299,443,420,338,198,373,214,211,415,418,339,203,209,269,416,157,202,210,204,398,205,201,200,208,207,291,289,288,98,206,212,213,387,50,334,88,385,372,384,383,280,414,178,263,262,393,395,52,49,337,93,272,441,48,146,171,164,332,47,165,381,392,294,41,45,382,386,44,285,284,51,397,379,378,380,396,147,46,278,283,282,394,270,296,145,36,38,224,35,37,39,279,66,40,43,162,42,399,156,400,94,230,9,3,333,77,78,100,440,172,265,199,197,161,107,317,264,261,266,336,129,58,160,126,229,7,112,236,155,340,238,95,237,119,128,154,223,159,122,273,8,158,127,116,140,193,91,118,168,4,6,169,142,120,138,132,135,123,104,137,136,133,358,97,106,124,139,108,111,113,131,141,117,313,92,318,105,411,341,61,319,99,342,54,274,315,408,344,314,148,60,62,320,316,356,96,267,268,153,18,351,412,114,134,57,121,413,231,115,125,130,110,56,5,191,65,271,67,72,87,355,277,89,68,76,370,377,374,71,17,346,74,275,276,371,367,55,73,152,357,109,335,75,59,196,343,194,63,195,220,215,70,33,166,347,173,64,170,34,143,401,354,144,151,149,353,222,407,406,150,163,405,227,192,190,233,226,228,221,82,225,234,235,352,83,85,366,84,53,176,303,232,350,86,189,177,365,345,364,302,363,167,219,362,175,81,14,11,32,10,13,80,180,174,31,181,349,348,12,217,216,218,188,361,183,179,481,79,301,182,427,16,430,487,429,428,15,0,455,445,450,19,1,448,453,260,484,446,464,442,485,432,439,479,456,451,438,431,449,447,470,467,28,436,452,462,458,465,473,422,461,20,488,433,476,257,437,474,459,256,477,468,471,454,517,457,509,444,423,259,258,486,482,480,483,506,187,508,359,21,185,184,24,23,22,186,25,360,26,528,498,29,30,425,27,322,324,489,323,388,325,510,526,527,391,499,525,390,503,490,515,321,505,504,389,426,507,500,434,435,497,523,516,424,524,529,533,501,101,513,514,512,103,511,102,519,502,329,518,327,330,522,520,521,326,494,328,331,2,531,530,535,491,492,493,495,536,534,532,496,
402,369,403,404,309,69,241,311,250,254,305,308,310,306,253,304,255,247,252,246,251,410,243,242,248,249,240,245,466,478,244,463,475,90,368,295,419,469,472,307,312,460,417,293,298,297,376,286,421,409,375,281,287,239,300,292,290,299,443,420,338,198,373,214,211,418,415,339,203,209,416,269,157,210,202,204,398,205,201,200,207,208,291,289,288,206,98,212,213,50,387,334,88,385,372,384,280,383,414,178,262,263,393,395,52,49,337,93,272,441,146,48,171,164,332,47,381,392,165,294,386,285,45,44,41,382,284,51,397,396,380,379,378,147,46,278,283,282,270,394,296,36,145,38,224,37,35,39,66,279,40,43,162,42,399,400,156,94,230,9,3,333,77,100,78,440,172,265,199,197,161,107,317,264,261,266,336,129,58,160,126,229,7,155,112,236,340,95,237,238,128,119,154,223,159,158,273,8,122,127,116,140,193,91,118,168,4,169,6,142,120,135,104,132,138,123,136,133,358,97,137,124,106,108,139,111,113,141,131,92,313,117,341,61,318,411,105,319,342,54,274,99,315,408,344,314,62,148,60,320,268,267,316,356,96,351,153,18,134,412,114,57,121,413,125,115,231,130,5,56,110,67,65,72,271,191,277,355,87,89,68,76,370,17,71,374,377,275,346,74,276,371,367,55,73,152,357,109,335,75,59,196,194,343,195,63,220,215,70,33,347,166,64,173,170,143,34,401,354,144,151,149,353,222,407,150,406,227,163,405,192,226,228,221,233,190,225,82,234,235,352,366,85,83,84,176,232,53,303,350,86,365,189,177,364,345,167,363,302,362,219,14,175,81,11,10,13,32,31,174,180,80,181,349,348,12,217,188,216,218,361,183,481,179,79,301,182,427,16,430,487,428,429,0,15,455,445,450,19,448,1,453,260,464,446,484,485,442,432,439,456,479,431,451,438,447,449,467,470,28,436,452,458,465,462,473,461,422,20,476,488,433,257,256,468,459,471,437,477,474,454,517,457,509,423,259,444,258,480,482,486,483,506,187,508,359,21,185,23,22,186,184,24,25,360,26,498,528,27,29,30,425,322,489,324,388,325,323,526,510,527,391,499,390,503,490,525,515,321,389,504,505,426,507,434,500,435,497,523,533,529,524,424,516,101,501,513,103,512,511,102,514,519,502,330,327,329,518,522,326,520,494,521,2,328,331,495,493,496,535,534,531,532,492,536,491,530,
402,369,403,404,309,69,241,311,250,254,305,310,308,306,253,304,255,247,252,246,251,410,243,242,249,248,240,245,466,478,244,463,475,368,90,295,419,469,472,307,312,460,417,293,298,297,376,286,421,409,375,281,287,239,300,292,290,299,443,420,338,198,373,214,211,418,415,339,203,209,269,416,157,202,210,398,204,205,201,200,208,207,291,289,288,206,98,212,213,50,387,334,88,385,372,384,280,383,414,178,263,262,393,395,52,49,337,93,272,441,146,48,171,164,332,47,381,392,165,294,285,382,44,41,45,386,397,51,284,379,378,396,380,147,278,46,283,282,394,270,296,36,145,38,224,35,37,39,40,279,66,43,162,42,399,156,400,94,9,230,3,333,77,78,100,440,172,265,199,197,107,161,317,264,261,266,336,129,58,160,126,229,7,112,236,155,340,95,238,237,119,154,128,223,159,8,273,158,122,127,116,193,140,91,118,4,168,6,169,142,120,104,135,123,132,138,133,136,358,97,137,106,124,108,111,139,113,141,131,92,117,313,105,61,411,341,318,319,342,274,99,54,408,315,344,314,148,60,62,320,267,96,316,268,356,18,153,351,413,134,57,412,121,114,130,115,231,125,110,56,5,65,191,72,271,67,277,87,355,89,76,68,374,71,17,377,370,275,74,346,276,371,367,55,152,73,357,109,335,75,59,196,194,343,195,63,220,70,215,33,347,166,64,173,170,143,401,34,354,144,151,149,353,222,150,407,406,405,163,227,228,233,190,226,221,192,82,225,234,235,352,85,366,84,83,232,53,303,176,350,86,177,365,189,364,345,302,362,219,167,363,14,81,175,11,10,32,13,80,180,31,174,181,349,348,12,188,218,217,216,361,183,179,481,79,301,182,427,16,430,487,428,429,0,15,455,445,19,450,448,1,260,453,464,484,446,442,485,439,432,456,479,451,431,438,447,449,470,467,28,436,452,462,458,465,473,461,422,20,488,476,433,257,471,468,459,477,474,437,256,454,517,457,509,444,423,259,258,480,482,486,483,506,187,508,359,21,185,22,184,23,186,24,25,360,26,498,528,30,425,27,29,324,322,489,325,323,388,510,526,527,391,390,499,503,525,490,515,321,505,389,504,426,507,500,434,435,497,523,516,529,533,524,424,101,501,511,514,103,102,513,512,519,502,327,330,518,329,326,494,522,520,521,2,331,328,495,496,491,532,531,536,493,492,535,530,534,
402,369,403,404,309,69,241,311,250,254,305,308,310,306,253,304,255,247,252,246,251,410,243,242,248,249,240,245,466,478,244,463,90,475,368,295,419,469,472,307,312,460,417,293,297,298,376,286,421,375,409,281,287,239,300,292,290,299,443,420,338,198,373,214,211,418,415,339,209,203,416,269,157,202,210,204,398,205,201,200,208,207,291,289,288,98,206,212,213,387,50,334,88,385,372,384,280,383,414,178,263,262,393,395,52,49,337,93,441,272,146,48,171,164,332,47,381,165,392,294,44,41,382,45,386,285,284,397,51,396,380,379,378,147,46,278,283,282,270,394,296,145,36,38,224,35,37,39,40,279,66,43,162,42,399,400,156,94,230,9,3,333,77,100,78,440,172,265,199,197,107,161,317,261,264,266,336,160,129,58,126,229,7,236,112,155,340,237,238,95,119,154,128,223,159,273,122,158,8,127,193,116,140,91,118,4,168,169,6,142,120,132,135,104,138,123,358,97,133,136,137,124,106,139,108,111,141,113,131,92,117,313,318,411,105,61,341,319,54,274,342,99,408,315,344,314,60,148,62,320,96,356,268,267,316,351,18,153,134,413,121,412,57,114,125,115,130,231,5,56,110,191,271,72,67,65,355,277,87,89,68,76,374,71,370,377,17,346,74,275,276,371,55,367,152,73,357,109,335,75,59,196,343,194,63,195,220,215,70,33,166,347,173,64,170,34,143,401,354,144,151,149,222,353,407,406,150,227,163,405,190,226,192,233,221,228,225,82,235,234,352,83,85,84,366,176,303,53,232,86,350,189,177,365,364,345,219,167,363,302,362,14,175,81,11,13,32,10,174,80,180,31,349,181,12,348,216,188,218,217,361,183,179,481,79,301,182,427,16,430,487,428,429,15,0,455,445,450,19,448,1,453,260,446,484,464,442,485,439,432,479,456,431,451,438,449,447,467,470,28,452,436,462,465,458,473,422,461,20,488,476,433,257,459,437,468,256,474,471,477,454,517,457,509,259,444,423,258,482,480,486,483,506,187,508,359,21,185,186,184,23,22,24,25,360,26,498,528,27,29,425,30,324,489,322,325,388,323,510,526,527,525,490,499,503,391,390,515,321,505,504,389,507,426,434,500,435,497,523,424,524,533,516,529,501,101,513,103,511,514,102,512,519,502,330,327,518,329,520,326,494,522,521,328,2,331,534,491,496,493,532,536,530,531,492,495,535,
402,369,403,404,309,69,241,311,250,254,305,308,310,306,253,304,255,247,252,246,251,410,243,242,248,249,240,245,466,478,244,463,475,90,368,295,419,469,472,307,312,460,417,293,298,297,376,286,421,375,409,281,287,239,300,292,290,299,443,420,338,198,373,214,211,418,415,339,209,203,269,416,157,202,210,398,204,205,201,200,208,207,291,289,288,98,206,212,213,387,50,334,88,385,372,384,280,383,414,178,262,263,393,395,52,49,337,93,272,441,48,146,171,164,332,47,165,381,392,294,45,285,44,382,386,41,284,51,397,380,378,379,396,147,278,46,283,282,394,270,296,36,145,38,224,37,35,39,279,40,66,43,162,42,399,400,156,94,9,230,3,333,77,100,78,440,172,265,199,197,161,107,317,264,261,266,336,160,129,58,126,229,7,155,112,236,340,238,95,237,154,119,128,223,159,122,273,8,158,127,193,116,140,91,118,4,168,6,169,142,138,120,123,135,132,104,133,137,97,358,136,106,124,111,108,139,141,131,113,313,117,92,341,105,318,411,61,319,342,54,274,99,315,408,344,314,148,62,60,320,316,96,268,356,267,18,153,351,114,134,121,57,412,413,125,231,115,130,56,110,5,191,271,72,65,67,277,87,355,89,76,68,370,71,374,17,377,74,275,346,371,276,55,367,73,152,357,109,75,335,59,196,194,343,195,63,220,33,215,70,166,347,64,173,170,143,34,401,354,144,149,151,353,222,150,407,406,405,227,163,221,228,190,192,233,226,225,82,234,235,352,85,366,83,84,303,176,53,232,86,350,189,365,177,345,364,302,219,362,167,363,81,14,175,11,13,32,10,174,180,31,80,349,181,348,12,218,188,216,217,361,183,481,179,301,79,182,427,16,430,487,428,429,0,15,455,445,450,19,448,1,260,453,464,484,446,485,442,432,439,456,479,431,451,438,449,447,467,470,28,436,452,458,465,462,473,422,461,20,433,476,488,257,468,474,471,477,256,459,437,454,517,457,509,444,259,423,258,480,482,486,483,506,187,508,359,21,185,23,24,22,184,186,25,360,26,528,498,30,27,425,29,324,322,489,325,388,323,526,510,527,525,499,490,390,503,391,515,321,389,504,505,426,507,500,434,435,523,497,533,516,424,529,524,101,501,511,102,103,514,512,513,519,502,518,329,327,330,326,521,520,522,494,2,331,328,491,493,534,496,531,492,495,530,536,535,532,
402,369,403,404,309,69,241,311,250,254,305,310,308,306,253,304,255,247,252,246,251,410,243,242,248,249,240,245,466,478,244,463,475,368,90,295,419,469,472,307,312,460,417,293,298,297,376,286,421,375,409,281,287,239,300,292,290,299,443,420,338,198,373,214,211,415,418,339,203,209,269,416,157,202,210,398,204,205,201,200,208,207,291,289,288,206,98,212,213,387,50,334,88,385,372,384,280,383,414,178,263,262,393,395,52,49,337,93,272,441,146,48,171,164,332,47,165,392,381,294,44,382,386,41,45,285,284,51,397,380,378,396,379,147,278,46,283,282,270,394,296,145,36,38,224,35,37,39,66,279,40,43,162,42,399,156,400,94,230,9,3,333,77,100,78,440,172,265,199,197,161,107,317,264,261,266,336,160,129,58,126,229,7,155,236,112,340,238,95,237,154,128,119,223,159,8,122,158,273,127,193,116,140,91,118,4,168,6,169,142,120,104,123,138,132,135,133,97,137,136,358,124,106,139,108,111,113,131,141,117,313,92,411,341,105,61,318,319,274,54,342,99,408,315,314,344,62,60,148,320,267,268,96,316,356,153,351,18,413,134,412,57,114,121,231,125,130,115,56,110,5,271,72,67,191,65,87,355,277,89,68,76,374,377,71,17,370,74,346,275,371,276,367,55,73,152,357,109,335,75,59,196,194,343,195,63,220,70,215,33,347,166,64,173,170,34,143,401,354,144,151,149,222,353,407,150,406,163,405,227,221,192,226,190,228,233,82,225,234,235,352,84,83,85,366,53,232,303,176,86,350,189,365,177,345,364,219,363,362,302,167,175,14,81,11,10,13,32,180,174,80,31,349,181,348,12,216,188,217,218,361,183,481,179,301,79,182,427,16,430,487,429,428,0,15,455,445,19,450,448,1,453,260,484,446,464,485,442,439,432,479,456,451,431,438,449,447,470,467,28,436,452,465,462,458,473,422,461,20,476,488,433,257,468,256,437,471,459,474,477,454,517,457,509,259,444,423,258,480,486,482,483,506,187,508,359,21,185,186,23,24,184,22,25,360,26,528,498,30,29,27,425,489,322,324,325,388,323,526,510,527,391,390,499,503,525,490,515,321,505,389,504,426,507,500,434,435,523,497,516,424,524,533,529,501,101,102,512,513,103,514,511,519,502,518,330,327,329,520,522,326,521,494,331,328,2,493,535,536,495,491,532,534,530,531,496,492,
402,369,403,404,309,69,241,311,250,254,305,310,308,306,253,304,255,247,252,246,251,410,243,242,248,249,240,245,466,478,244,463,475,90,368,295,419,469,472,307,312,460,417,293,297,298,376,286,421,409,375,281,287,239,300,292,290,299,443,420,338,198,373,214,211,415,418,339,203,209,269,416,157,202,210,398,204,205,201,200,208,207,291,289,288,98,206,212,213,50,387,334,88,385,372,384,280,383,414,178,262,263,393,395,52,49,337,93,272,441,48,146,171,164,332,47,165,392,381,294,382,45,41,44,386,285,284,397,51,379,380,378,396,147,278,46,283,282,394,270,296,145,36,38,224,37,35,39,66,40,279,43,162,42,399,400,156,94,9,230,3,333,77,78,100,440,172,265,199,197,161,107,317,264,261,266,336,129,160,58,126,229,7,236,112,155,340,238,237,95,154,128,119,223,159,273,122,8,158,127,140,193,116,91,118,4,168,169,6,142,135,132,138,123,120,104,136,137,133,97,358,106,124,139,111,108,141,113,131,313,117,92,341,105,61,411,318,319,274,54,99,342,315,408,314,344,148,62,60,320,316,96,268,356,267,351,153,18,412,114,57,134,413,121,115,130,231,125,56,110,5,271,65,67,191,72,277,355,87,89,68,76,71,370,17,374,377,346,275,74,276,371,55,367,73,152,357,109,75,335,59,196,343,194,63,195,220,70,215,33,347,166,64,173,170,34,143,401,354,144,149,151,222,353,407,406,150,227,163,405,190,233,228,192,226,221,82,225,235,234,352,83,84,85,366,303,53,176,232,350,86,365,189,177,364,345,167,363,362,219,302,175,14,81,11,13,10,32,80,31,180,174,349,181,12,348,217,188,216,218,361,183,179,481,79,301,182,427,16,430,487,429,428,0,15,455,445,19,450,448,1,453,260,464,446,484,442,485,432,439,479,456,438,431,451,449,447,467,470,28,452,436,465,458,462,473,422,461,20,488,433,476,257,477,474,468,256,471,459,437,454,517,457,509,444,423,259,258,486,480,482,483,506,187,508,359,21,185,184,186,24,22,23,25,360,26,498,528,30,425,27,29,489,322,324,388,323,325,510,526,527,499,390,525,391,490,503,515,321,505,504,389,507,426,500,434,435,523,497,424,529,524,533,516,501,101,511,512,513,514,103,102,519,502,518,330,327,329,494,326,521,522,520,331,2,328,492,496,532,530,531,493,491,535,536,534,495,
402,369,403,404,309,69,241,311,250,254,305,310,308,306,253,304,255,247,252,246,251,410,243,242,248,249,240,245,466,478,244,463,90,475,368,295,419,469,472,307,312,460,417,293,298,297,376,286,421,409,375,281,287,239,300,292,290,299,443,420,338,198,373,214,211,418,415,339,209,203,416,269,157,210,202,204,398,205,201,200,207,208,291,289,288,98,206,212,213,50,387,334,88,385,372,384,383,280,414,178,263,262,393,395,52,49,337,93,441,272,48,146,171,164,332,47,381,392,165,294,44,386,45,41,382,285,51,397,284,396,380,378,379,147,46,278,283,282,394,270,296,145,36,38,224,35,37,39,40,279,66,43,162,42,399,400,156,94,9,230,3,333,77,100,78,440,172,265,199,197,107,161,317,261,264,266,336,160,58,129,126,229,7,155,236,112,340,95,237,238,128,154,119,223,159,158,273,8,122,127,140,193,116,91,118,168,4,169,6,142,104,135,120,138,123,132,358,133,137,136,97,124,106,111,139,108,131,141,113,92,313,117,61,105,341,318,411,319,342,54,99,274,315,408,314,344,148,62,60,320,267,96,316,356,268,351,18,153,134,57,413,412,114,121,231,130,115,125,56,5,110,65,271,191,72,67,355,87,277,89,76,68,374,377,370,17,71,275,346,74,276,371,367,55,152,73,357,109,75,335,59,196,194,343,63,195,220,33,215,70,166,347,173,64,170,143,34,401,354,144,151,149,222,353,406,407,150,163,405,227,192,233,190,221,226,228,225,82,235,234,352,366,83,84,85,176,53,303,232,86,350,365,177,189,345,364,167,363,362,219,302,175,81,14,11,13,10,32,31,180,174,80,349,181,348,12,188,216,217,218,361,183,481,179,79,301,182,427,16,430,487,429,428,15,0,455,445,19,450,1,448,453,260,464,446,484,485,442,432,439,456,479,451,431,438,447,449,470,467,28,452,436,458,465,462,473,422,461,20,488,433,476,257,256,477,468,459,471,474,437,454,517,457,509,444,259,423,258,480,482,486,483,506,187,508,359,21,185,22,184,186,23,24,25,360,26,528,498,425,29,30,27,489,322,324,323,388,325,510,526,527,499,525,503,390,391,490,515,321,504,389,505,507,426,434,500,435,523,497,524,529,533,516,424,101,501,103,511,512,513,514,102,519,502,330,327,329,518,326,520,494,522,521,2,331,328,492,534,532,496,495,536,530,531,535,493,491,
402,369,403,404,309,69,241,311,250,254,305,310,308,306,253,304,255,247,252,246,251,410,243,242,249,248,240,245,466,478,244,463,475,368,90,295,419,469,472,307,312,460,417,293,298,297,376,286,421,409,375,281,287,239,300,292,290,299,443,420,338,198,373,214,211,418,415,339,203,209,416,269,157,202,210,204,398,205,201,200,208,207,291,289,288,98,206,212,213,50,387,334,88,385,372,384,280,383,414,178,263,262,393,395,52,49,337,93,441,272,48,146,171,164,332,47,381,165,392,294,285,44,41,386,45,382,397,284,51,396,380,378,379,147,46,278,283,282,270,394,296,145,36,38,224,37,35,39,279,40,66,43,162,42,399,400,156,94,230,9,3,333,77,78,100,440,172,265,199,197,161,107,317,261,264,266,336,129,58,160,126,229,7,112,155,236,340,95,237,238,128,154,119,223,159,273,158,8,122,127,193,140,116,91,118,4,168,6,169,142,120,104,132,138,135,123,133,137,136,97,358,124,106,108,111,139,131,141,113,117,313,92,318,105,61,411,341,319,274,342,99,54,408,315,344,314,148,62,60,320,356,268,267,316,96,18,153,351,114,57,121,413,134,412,125,231,115,130,110,5,56,65,191,67,72,271,355,277,87,89,68,76,370,71,17,377,374,74,346,275,276,371,55,367,152,73,357,109,335,75,59,196,194,343,195,63,220,33,215,70,166,347,173,64,170,143,34,401,354,144,149,151,353,222,407,406,150,227,163,405,190,233,228,221,192,226,225,82,235,234,352,84,366,85,83,53,232,303,176,350,86,177,365,189,364,345,302,362,167,363,219,81,14,175,11,32,10,13,180,174,80,31,181,349,12,348,218,217,188,216,361,183,179,481,301,79,182,427,16,430,487,429,428,0,15,455,445,19,450,448,1,453,260,446,484,464,442,485,432,439,456,479,451,431,438,449,447,467,470,28,452,436,462,465,458,473,422,461,20,476,488,433,257,471,256,477,437,468,459,474,454,517,457,509,259,444,423,258,480,482,486,483,506,187,508,359,21,185,186,23,22,184,24,25,360,26,528,498,27,30,29,425,489,324,322,323,325,388,526,510,527,390,391,490,503,499,525,515,321,389,505,504,507,426,434,500,435,523,497,516,424,533,524,529,501,101,512,511,103,102,514,513,519,502,327,330,329,518,520,494,522,521,326,328,2,331,534,536,535,530,532,492,495,491,531,493,496,
402,369,403,404,309,69,241,311,250,254,305,308,310,306,253,304,255,247,252,246,251,410,243,242,248,249,240,245,466,478,244,463,90,368,475,295,419,469,472,307,312,460,417,293,298,297,376,286,421,409,375,281,287,239,300,292,290,299,443,420,338,198,373,214,211,415,418,339,203,209,269,416,157,202,210,204,398,205,201,200,207,208,291,289,288,206,98,212,213,50,387,334,88,385,372,384,383,280,414,178,263,262,393,395,52,49,337,93,272,441,48,146,171,164,332,47,392,381,165,294,45,382,44,41,285,386,284,51,397,378,380,379,396,147,278,46,283,282,270,394,296,145,36,38,224,37,35,39,279,66,40,43,162,42,399,400,156,94,9,230,3,333,77,78,100,440,172,265,199,197,107,161,317,261,264,266,336,58,160,129,126,229,7,112,155,236,340,237,238,95,154,128,119,223,159,158,122,273,8,127,116,140,193,91,118,4,168,6,169,142,104,120,135,138,123,132,137,133,97,358,136,124,106,108,111,139,141,131,113,92,117,313,341,105,318,411,61,319,342,99,274,54,408,315,314,344,60,62,148,320,96,268,356,267,316,351,18,153,121,114,413,57,134,412,125,115,130,231,110,56,5,67,191,65,72,271,277,355,87,89,76,68,377,71,17,374,370,346,275,74,371,276,367,55,73,152,357,109,75,335,59,196,194,343,195,63,220,70,215,33,347,166,64,173,170,401,34,143,354,144,149,151,222,353,150,406,407,405,227,163,228,192,190,226,221,233,82,225,234,235,352,85,84,366,83,303,53,176,232,86,350,189,365,177,345,364,167,363,219,302,362,14,81,175,11,13,10,32,31,80,174,180,181,349,348,12,218,216,217,188,361,183,179,481,79,301,182,427,16,430,487,429,428,15,0,455,445,450,19,1,448,260,453,446,464,484,442,485,432,439,479,456,431,438,451,449,447,467,470,28,452,436,458,462,465,473,461,422,20,488,476,433,257,474,471,256,459,468,477,437,454,517,457,509,444,423,259,258,482,480,486,483,506,187,508,359,21,185,24,186,22,184,23,25,360,26,528,498,30,27,29,425,489,322,324,323,388,325,510,526,527,499,390,503,490,391,525,515,321,389,504,505,507,426,500,434,435,523,497,516,424,533,529,524,101,501,512,514,103,102,513,511,519,502,327,518,330,329,494,521,522,326,520,2,328,331,492,496,495,535,530,531,493,536,532,491,534,
402,369,403,404,309,69,241,311,250,254,305,310,308,306,253,304,255,247,252,246,251,410,243,242,248,249,240,245,466,478,244,463,90,368,475,295,419,469,472,307,312,460,417,293,298,297,376,286,421,409,375,281,287,239,300,292,290,299,443,420,338,198,373,214,211,418,415,339,203,209,416,269,157,202,210,398,204,205,201,200,207,208,291,289,288,98,206,212,213,387,50,334,88,385,372,384,280,383,414,178,263,262,393,395,52,49,337,93,441,272,48,146,171,164,332,47,165,392,381,294,44,382,41,45,386,285,284,51,397,379,380,396,378,147,278,46,283,282,270,394,296,145,36,38,224,35,37,39,40,279,66,43,162,42,399,400,156,94,230,9,3,333,77,78,100,440,172,265,199,197,107,161,317,261,264,266,336,160,129,58,126,229,7,236,112,155,340,238,237,95,154,119,128,223,159,273,122,8,158,127,193,140,116,91,118,168,4,169,6,142,120,123,135,138,104,132,137,136,358,97,133,106,124,108,139,111,113,141,131,117,313,92,105,61,411,341,318,319,274,342,54,99,408,315,314,344,62,148,60,320,356,267,316,268,96,351,18,153,134,57,114,121,413,412,130,125,115,231,110,5,56,271,65,191,67,72,355,87,277,89,76,68,17,374,370,377,71,346,74,275,371,276,55,367,152,73,357,109,75,335,59,196,343,194,63,195,220,33,215,70,347,166,64,173,170,143,34,401,354,144,149,151,222,353,407,406,150,163,405,227,190,226,192,228,221,233,225,82,234,235,352,84,366,83,85,303,176,53,232,86,350,189,365,177,345,364,302,167,363,362,219,175,14,81,11,13,10,32,80,174,31,180,181,349,12,348,218,216,188,217,361,183,179,481,301,79,182,427,16,430,487,428,429,0,15,455,445,19,450,448,1,453,260,484,464,446,442,485,439,432,456,479,438,431,451,447,449,470,467,28,436,452,458,462,465,473,461,422,20,433,488,476,257,256,474,468,477,471,459,437,454,517,457,509,423,444,259,258,486,482,480,483,506,187,508,359,21,185,184,22,23,186,24,25,360,26,528,498,30,29,27,425,489,324,322,325,388,323,526,510,527,503,391,390,499,490,525,515,321,505,504,389,426,507,434,500,435,497,523,516,424,529,533,524,501,101,102,514,513,512,103,511,519,502,518,330,329,327,520,522,521,494,326,328,2,331,531,493,535,492,491,495,530,496,536,534,532,
402,369,403,404,309,69,241,311,250,254,305,308,310,306,253,304,255,247,252,246,251,410,243,242,248,249,240,245,466,478,244,463,475,368,90,295,419,469,472,307,312,460,417,293,297,298,376,286,421,375,409,281,287,239,300,292,290,299,443,420,338,198,373,214,211,415,418,339,209,203,416,269,157,202,210,204,398,205,201,200,208,207,291,289,288,206,98,212,213,387,50,334,88,385,372,384,383,280,414,178,263,262,393,395,52,49,337,93,272,441,48,146,171,164,332,47,165,392,381,294,285,45,382,41,44,386,284,397,51,378,379,396,380,147,46,278,283,282,270,394,296,36,145,38,224,35,37,39,66,279,40,43,162,42,399,400,156,94,9,230,3,333,77,100,78,440,172,265,199,197,107,161,317,264,261,266,336,160,129,58,126,229,7,112,236,155,340,95,237,238,128,154,119,223,159,8,273,158,122,127,193,116,140,91,118,4,168,6,169,142,138,132,104,123,135,120,133,97,137,136,358,124,106,139,108,111,113,131,141,92,117,313,105,318,411,61,341,319,342,274,54,99,408,315,344,314,60,148,62,320,316,96,356,268,267,18,351,153,57,121,114,412,134,413,115,125,130,231,110,56,5,191,67,72,271,65,277,355,87,89,76,68,17,71,374,377,370,346,275,74,371,276,55,367,73,152,357,109,335,75,59,196,194,343,195,63,220,33,215,70,347,166,173,64,170,34,401,143,354,144,151,149,222,353,150,407,406,163,405,227,190,228,233,221,192,226,225,82,235,234,352,84,85,83,366,232,303,53,176,86,350,189,177,365,345,364,167,302,363,219,362,14,175,81,11,32,13,10,31,174,180,80,349,181,12,348,218,216,217,188,361,183,481,179,79,301,182,427,16,430,487,428,429,15,0,455,445,19,450,448,1,260,453,446,484,464,485,442,439,432,479,456,431,438,451,449,447,470,467,28,452,436,465,458,462,473,422,461,20,476,488,433,257,437,256,471,459,474,477,468,454,517,457,509,444,259,423,258,482,486,480,483,506,187,508,359,21,185,186,23,24,22,184,25,360,26,498,528,30,27,425,29,322,489,324,325,388,323,510,526,527,390,503,490,391,499,525,515,321,505,504,389,426,507,434,500,435,523,497,424,524,533,529,516,101,501,511,513,512,103,514,102,519,502,327,330,329,518,522,326,521,494,520,331,2,328,531,535,492,491,532,496,530,536,493,495,534,
402,369,403,404,309,69,241,311,250,254,305,308,310,306,253,304,255,247,252,246,251,410,243,242,249,248,240,245,466,478,244,463,475,90,368,295,419,469,472,307,312,460,417,293,297,298,376,286,421,409,375,281,287,239,300,292,290,299,443,420,338,198,373,214,211,418,415,339,209,203,269,416,157,202,210,398,204,205,201,200,208,207,291,289,288,98,206,212,213,50,387,334,88,385,372,384,280,383,414,178,263,262,393,395,52,49,337,93,272,441,146,48,171,164,332,47,165,381,392,294,285,45,44,382,386,41,284,397,51,379,380,396,378,147,278,46,283,282,270,394,296,36,145,38,224,35,37,39,279,40,66,43,162,42,399,400,156,94,9,230,3,333,77,78,100,440,172,265,199,197,161,107,317,261,264,266,336,129,58,160,126,229,7,236,112,155,340,95,237,238,119,154,128,223,159,273,122,158,8,127,116,193,140,91,118,168,4,169,6,142,120,135,123,104,138,132,136,137,358,133,97,124,106,108,111,139,113,131,141,117,92,313,411,105,61,341,318,319,99,54,342,274,315,408,344,314,62,148,60,320,268,316,96,267,356,153,18,351,412,134,121,114,413,57,115,231,130,125,110,5,56,271,191,65,67,72,277,355,87,89,76,68,370,374,377,17,71,275,74,346,371,276,55,367,73,152,357,109,75,335,59,196,343,194,63,195,220,33,70,215,166,347,173,64,170,34,401,143,354,144,151,149,353,222,150,406,407,163,405,227,190,228,221,233,192,226,225,82,234,235,352,366,85,83,84,176,232,303,53,350,86,189,365,177,345,364,362,363,219,302,167,175,81,14,11,13,32,10,31,174,80,180,181,349,12,348,217,218,188,216,361,183,481,179,79,301,182,427,16,430,487,428,429,15,0,455,445,450,19,1,448,260,453,484,446,464,442,485,432,439,479,456,438,451,431,447,449,470,467,28,436,452,458,462,465,473,461,422,20,488,433,476,257,256,474,459,468,437,477,471,454,517,457,509,444,423,259,258,480,482,486,483,506,187,508,359,21,185,22,186,23,184,24,25,360,26,528,498,29,27,425,30,324,489,322,323,388,325,526,510,527,391,499,503,390,525,490,515,321,389,505,504,426,507,500,434,435,523,497,533,529,516,524,424,501,101,512,514,102,103,513,511,519,502,330,329,327,518,521,520,326,522,494,2,331,328,536,492,532,495,534,496,491,535,530,493,531,
402,369,403,404,309,69,241,311,250,254,305,308,310,306,253,304,255,247,252,246,251,410,243,242,249,248,240,245,466,478,244,463,368,475,90,295,419,469,472,307,312,460,417,293,298,297,376,286,421,409,375,281,287,239,300,292,290,299,443,420,338,198,373,214,211,418,415,339,203,209,416,269,157,210,202,398,204,205,201,200,207,208,291,289,288,206,98,212,213,387,50,334,88,385,372,384,383,280,414,178,263,262,393,395,52,49,337,93,272,441,146,48,171,164,332,47,165,381,392,294,382,386,41,45,285,44,284,51,397,396,378,380,379,147,46,278,283,282,270,394,296,145,36,38,224,35,37,39,40,66,279,43,162,42,399,400,156,94,9,230,3,333,77,78,100,440,172,265,199,197,107,161,317,261,264,266,336,129,58,160,126,229,7,236,112,155,340,95,238,237,128,119,154,223,159,122,8,158,273,127,193,140,116,91,118,4,168,6,169,142,138,135,120,123,132,104,358,137,97,133,136,124,106,108,111,139,141,113,131,117,92,313,341,411,318,61,105,319,54,342,99,274,408,315,344,314,148,60,62,320,268,96,356,267,316,153,351,18,413,121,412,134,57,114,130,125,115,231,110,5,56,65,191,72,271,67,355,277,87,89,68,76,71,377,374,370,17,275,74,346,276,371,367,55,73,152,357,109,335,75,59,196,194,343,63,195,220,215,70,33,166,347,173,64,170,143,34,401,354,144,149,151,353,222,406,407,150,405,163,227,226,221,228,233,190,192,225,82,234,235,352,366,83,85,84,232,176,303,53,350,86,177,189,365,345,364,302,167,362,363,219,81,14,175,11,13,32,10,80,180,174,31,181,349,348,12,216,188,217,218,361,183,481,179,79,301,182,427,16,430,487,428,429,15,0,455,445,450,19,448,1,260,453,484,464,446,485,442,432,439,479,456,451,431,438,447,449,467,470,28,436,452,465,458,462,473,461,422,20,433,488,476,257,437,477,471,474,459,468,256,454,517,457,509,259,423,444,258,482,480,486,483,506,187,508,359,21,185,22,23,184,186,24,25,360,26,498,528,27,30,29,425,324,322,489,325,388,323,526,510,527,390,391,503,490,499,525,515,321,505,504,389,426,507,434,500,435,523,497,524,516,529,533,424,501,101,512,514,103,513,102,511,519,502,327,330,329,518,494,520,521,522,326,328,331,2,536,534,492,530,535,491,493,495,531,496,532,
402,369,403,404,309,69,241,311,250,254,305,308,310,306,253,304,255,247,252,246,251,410,243,242,248,249,240,245,466,478,244,463,368,90,475,295,419,469,472,307,312,460,417,293,297,298,376,286,421,375,409,281,287,239,300,292,290,299,443,420,338,198,373,214,211,415,418,339,203,209,416,269,157,210,202,204,398,205,201,200,208,207,291,289,288,98,206,212,213,50,387,334,88,385,372,384,280,383,414,178,262,263,393,395,52,49,337,93,441,272,48,146,171,164,332,47,392,381,165,294,41,382,285,44,45,386,397,51,284,379,396,380,378,147,46,278,283,282,270,394,296,145,36,38,224,37,35,39,279,40,66,43,162,42,399,400,156,94,9,230,3,333,77,100,78,440,172,265,199,197,161,107,317,261,264,266,336,58,160,129,126,229,7,155,112,236,340,95,237,238,119,154,128,223,159,158,273,122,8,127,140,116,193,91,118,168,4,6,169,142,138,123,132,120,104,135,97,136,358,137,133,106,124,139,108,111,141,131,113,92,117,313,411,341,318,61,105,319,342,54,99,274,408,315,314,344,62,60,148,320,268,316,267,96,356,351,153,18,412,57,114,134,121,413,125,115,231,130,110,56,5,271,67,65,191,72,87,277,355,89,68,76,17,377,374,71,370,346,275,74,276,371,55,367,73,152,357,109,75,335,59,196,343,194,63,195,220,33,70,215,347,166,64,173,170,143,34,401,354,144,151,149,353,222,150,407,406,163,405,227,192,233,221,226,190,228,225,82,235,234,352,366,85,84,83,303,232,53,176,350,86,177,189,365,364,345,302,219,167,363,362,81,14,175,11,10,32,13,80,180,174,31,349,181,348,12,218,216,217,188,361,183,179,481,301,79,182,427,16,430,487,428,429,15,0,455,445,19,450,1,448,260,453,464,446,484,442,485,439,432,479,456,438,431,451,447,449,470,467,28,452,436,458,462,465,473,461,422,20,433,476,488,257,468,256,437,474,477,459,471,454,517,457,509,444,423,259,258,486,482,480,483,506,187,508,359,21,185,186,22,184,24,23,25,360,26,498,528,29,425,30,27,322,324,489,323,388,325,526,510,527,499,390,391,490,525,503,515,321,505,389,504,426,507,434,500,435,523,497,524,516,424,533,529,101,501,514,103,102,512,511,513,519,502,518,330,327,329,521,326,522,494,520,331,2,328,536,531,535,492,532,495,530,491,534,496,493,
402,369,403,404,309,69,241,311,250,254,305,308,310,306,253,304,255,247,252,246,251,410,243,242,248,249,240,245,466,478,244,463,368,475,90,295,419,469,472,307,312,460,417,293,297,298,376,286,421,375,409,281,287,239,300,292,290,299,443,420,338,198,373,214,211,415,418,339,209,203,269,416,157,210,202,398,204,205,201,200,207,208,291,289,288,206,98,212,213,387,50,334,88,385,372,384,280,383,414,178,263,262,393,395,52,49,337,93,272,441,146,48,171,164,332,47,165,392,381,294,382,386,44,45,41,285,397,51,284,379,396,378,380,147,278,46,283,282,270,394,296,36,145,38,224,37,35,39,66,279,40,43,162,42,399,156,400,94,230,9,3,333,77,100,78,440,172,265,199,197,107,161,317,264,261,266,336,129,58,160,126,229,7,112,155,236,340,238,237,95,128,119,154,223,159,8,158,273,122,127,140,193,116,91,118,4,168,6,169,142,138,104,123,135,132,120,358,133,136,97,137,124,106,111,108,139,141,113,131,92,117,313,61,318,341,411,105,319,342,54,99,274,315,408,344,314,62,60,148,320,268,356,96,267,316,351,18,153,134,114,121,57,412,413,115,231,130,125,110,5,56,271,67,65,72,191,87,277,355,89,68,76,374,377,71,370,17,74,275,346,276,371,55,367,73,152,357,109,335,75,59,196,343,194,195,63,220,70,215,33,347,166,64,173,170,34,401,143,354,144,149,151,222,353,406,150,407,405,163,227,226,192,190,233,221,228,82,225,235,234,352,85,84,366,83,176,53,303,232,86,350,177,365,189,345,364,362,167,302,363,219,14,81,175,11,32,13,10,80,174,31,180,349,181,348,12,217,218,216,188,361,183,179,481,301,79,182,427,16,430,487,429,428,0,15,455,445,19,450,1,448,260,453,446,464,484,485,442,439,432,479,456,451,431,438,449,447,470,467,28,436,452,462,458,465,473,461,422,20,488,433,476,257,437,256,474,459,471,468,477,454,517,457,509,444,423,259,258,480,482,486,483,506,187,508,359,21,185,22,23,186,184,24,25,360,26,498,528,27,29,425,30,322,324,489,388,325,323,526,510,527,390,490,391,525,503,499,515,321,389,505,504,507,426,500,434,435,497,523,529,516,424,524,533,101,501,513,102,511,514,512,103,519,502,518,329,327,330,520,522,521,494,326,328,331,2,536,495,534,535,496,493,492,532,531,530,491,
402,369,403,404,309,69,241,311,250,254,305,310,308,306,253,304,255,247,252,246,251,410,243,242,248,249,240,245,466,478,244,463,475,90,368,295,419,469,472,307,312,460,417,293,298,297,376,286,421,409,375,281,287,239,300,292,290,299,443,420,338,198,373,214,211,418,415,339,203,209,269,416,157,210,202,204,398,205,201,200,207,208,291,289,288,98,206,212,213,387,50,334,88,385,372,384,280,383,414,178,262,263,393,395,52,49,337,93,441,272,146,48,171,164,332,47,392,165,381,294,45,44,285,382,386,41,284,51,397,378,380,379,396,147,278,46,283,282,270,394,296,36,145,38,224,37,35,39,279,66,40,43,162,42,399,400,156,94,9,230,3,333,77,78,100,440,172,265,199,197,161,107,317,264,261,266,336,160,129,58,126,229,7,155,236,112,340,95,237,238,154,128,119,223,159,8,158,273,122,127,140,116,193,91,118,4,168,169,6,142,120,138,132,104,123,135,133,137,136,97,358,124,106,139,111,108,141,131,113,313,92,117,341,105,411,318,61,319,274,54,99,342,408,315,344,314,148,60,62,320,267,316,96,268,356,351,18,153,57,121,114,413,412,134,130,231,125,115,56,5,110,65,271,72,191,67,355,87,277,89,76,68,370,71,377,374,17,346,74,275,371,276,367,55,152,73,357,109,335,75,59,196,343,194,63,195,220,70,215,33,166,347,173,64,170,401,34,143,354,144,149,151,353,222,406,150,407,405,227,163,221,190,233,228,226,192,225,82,234,235,352,366,83,85,84,176,232,53,303,86,350,365,177,189,364,345,167,363,219,362,302,81,175,14,11,13,32,10,31,180,80,174,181,349,348,12,218,217,216,188,361,183,179,481,301,79,182,427,16,430,487,429,428,15,0,455,445,19,450,1,448,260,453,446,464,484,485,442,432,439,456,479,438,451,431,449,447,470,467,28,436,452,465,458,462,473,461,422,20,433,488,476,257,437,468,256,459,477,471,474,454,517,457,509,423,444,259,258,480,486,482,483,506,187,508,359,21,185,22,23,186,184,24,25,360,26,528,498,425,30,29,27,322,489,324,323,325,388,526,510,527,391,499,390,503,525,490,515,321,504,389,505,426,507,434,500,435,497,523,516,424,533,524,529,501,101,514,102,512,103,513,511,519,502,518,327,329,330,326,494,522,520,521,328,2,331,493,531,536,535,496,491,534,492,530,495,532,
402,369,403,404,309,69,241,311,250,254,305,310,308,306,253,304,255,247,252,246,251,410,243,242,249,248,240,245,466,478,244,463,368,475,90,295,419,469,472,307,312,460,417,293,298,297,376,286,421,375,409,281,287,239,300,292,290,299,443,420,338,198,373,214,211,415,418,339,209,203,269,416,157,210,202,204,398,205,201,200,207,208,291,289,288,206,98,212,213,387,50,334,88,385,372,384,383,280,414,178,263,262,393,395,52,49,337,93,441,272,48,146,171,164,332,47,165,381,392,294,41,285,45,386,382,44,284,51,397,378,396,379,380,147,278,46,283,282,394,270,296,36,145,38,224,37,35,39,279,40,66,43,162,42,399,400,156,94,9,230,3,333,77,100,78,440,172,265,199,197,161,107,317,264,261,266,336,160,129,58,126,229,7,155,236,112,340,237,238,95,154,128,119,223,159,122,273,8,158,127,193,116,140,91,118,168,4,169,6,142,120,138,123,104,135,132,133,137,136,358,97,106,124,108,111,139,131,113,141,313,117,92,61,411,318,341,105,319,342,99,274,54,408,315,344,314,148,60,62,320,316,268,96,356,267,18,153,351,413,121,114,412,134,57,231,130,115,125,110,5,56,271,191,65,72,67,87,277,355,89,76,68,374,71,17,370,377,74,275,346,276,371,367,55,73,152,357,109,75,335,59,196,343,194,63,195,220,33,215,70,166,347,64,173,170,401,143,34,354,144,149,151,222,353,406,150,407,227,163,405,233,226,190,221,228,192,225,82,235,234,352,83,366,84,85,232,176,303,53,350,86,189,177,365,345,364,219,302,362,167,363,14,81,175,11,32,13,10,80,174,31,180,349,181,348,12,217,216,218,188,361,183,481,179,79,301,182,427,16,430,487,428,429,15,0,455,445,450,19,1,448,260,453,484,446,464,485,442,439,432,479,456,438,451,431,447,449,467,470,28,436,452,465,462,458,473,461,422,20,476,433,488,257,437,468,459,256,474,477,471,454,517,457,509,444,423,259,258,486,480,482,483,506,187,508,359,21,185,22,184,24,23,186,25,360,26,528,498,30,29,425,27,324,322,489,325,388,323,526,510,527,390,490,503,499,525,391,515,321,389,504,505,426,507,434,500,435,497,523,524,533,424,529,516,101,501,103,512,102,513,514,511,519,502,327,329,518,330,326,522,521,520,494,328,2,331,496,495,493,535,531,492,534,532,536,530,491,
402,369,403,404,309,69,241,311,250,254,305,308,310,306,253,304,255,247,252,246,251,410,243,242,249,248,240,245,466,478,244,463,90,475,368,295,419,469,472,307,312,460,417,293,297,298,376,286,421,409,375,281,287,239,300,292,290,299,443,420,338,198,373,214,211,415,418,339,203,209,269,416,157,202,210,398,204,205,201,200,208,207,291,289,288,206,98,212,213,50,387,334,88,385,372,384,280,383,414,178,262,263,393,395,52,49,337,93,272,441,146,48,171,164,332,47,165,381,392,294,44,285,386,382,45,41,51,397,284,396,378,380,379,147,278,46,283,282,270,394,296,36,145,38,224,37,35,39,66,279,40,43,162,42,399,156,400,94,230,9,3,333,77,100,78,440,172,265,199,197,107,161,317,261,264,266,336,160,129,58,126,229,7,112,236,155,340,238,237,95,128,119,154,223,159,273,158,8,122,127,140,116,193,91,118,168,4,6,169,142,123,135,138,104,132,120,97,137,358,136,133,124,106,108,111,139,141,113,131,117,92,313,61,318,411,105,341,319,99,274,342,54,408,315,344,314,148,62,60,320,268,316,356,96,267,351,153,18,412,134,114,413,57,121,125,115,231,130,110,5,56,72,191,271,65,67,355,87,277,89,76,68,370,374,377,17,71,275,74,346,371,276,367,55,152,73,357,109,75,335,59,196,343,194,195,63,220,70,215,33,347,166,173,64,170,401,34,143,354,144,149,151,353,222,407,150,406,163,405,227,221,233,228,190,226,192,82,225,234,235,352,83,366,84,85,303,53,176,232,86,350,365,177,189,345,364,363,219,167,362,302,81,14,175,11,10,32,13,174,31,180,80,349,181,12,348,188,216,217,218,361,183,481,179,79,301,182,427,16,430,487,429,428,0,15,455,445,19,450,448,1,453,260,464,484,446,442,485,432,439,479,456,451,438,431,447,449,467,470,28,436,452,458,462,465,473,461,422,20,433,476,488,257,468,256,474,437,471,477,459,454,517,457,509,259,423,444,258,486,480,482,483,506,187,508,359,21,185,186,23,24,22,184,25,360,26,498,528,425,29,27,30,322,324,489,388,325,323,510,526,527,390,391,490,499,503,525,515,321,504,389,505,507,426,434,500,435,497,523,524,516,529,533,424,101,501,511,514,103,102,512,513,519,502,330,329,327,518,520,521,522,494,326,2,328,331,492,534,491,496,532,495,536,493,530,531,535,
402,369,403,404,309,69,241,311,250,254,305,308,310,306,253,304,255,247,252,246,251,410,243,242,249,248,240,245,466,478,244,463,368,90,475,295,419,469,472,307,312,460,417,293,298,297,376,286,421,375,409,281,287,239,300,292,290,299,443,420,338,198,373,214,211,415,418,339,203,209,416,269,157,202,210,398,204,205,201,200,207,208,291,289,288,98,206,212,213,387,50,334,88,385,372,384,383,280,414,178,263,262,393,395,52,49,337,93,441,272,48,146,171,164,332,47,381,392,165,294,382,41,386,285,45,44,284,397,51,378,380,396,379,147,278,46,283,282,270,394,296,36,145,38,224,37,35,39,40,66,279,43,162,42,399,400,156,94,9,230,3,333,77,78,100,440,172,265,199,197,161,107,317,261,264,266,336,58,129,160,126,229,7,112,155,236,340,95,237,238,119,128,154,223,159,158,122,273,8,127,140,193,116,91,118,4,168,6,169,142,138,135,104,132,120,123,133,136,137,97,358,124,106,139,108,111,141,113,131,92,313,117,318,411,105,61,341,319,54,274,342,99,408,315,344,314,62,148,60,320,316,356,96,268,267,18,153,351,121,114,412,57,413,134,130,125,231,115,56,5,110,191,271,65,67,72,87,277,355,89,68,76,377,370,71,374,17,346,74,275,276,371,367,55,73,152,357,109,75,335,59,196,343,194,63,195,220,33,70,215,347,166,173,64,170,34,401,143,354,144,151,149,222,353,407,150,406,163,227,405,190,233,226,192,221,228,225,82,234,235,352,85,366,83,84,176,232,303,53,86,350,177,365,189,364,345,362,167,219,363,302,14,81,175,11,13,10,32,174,180,80,31,349,181,348,12,188,218,216,217,361,183,481,179,301,79,182,427,16,430,487,429,428,15,0,455,445,450,19,1,448,453,260,446,464,484,442,485,432,439,479,456,438,451,431,447,449,467,470,28,436,452,465,458,462,473,461,422,20,476,433,488,257,471,474,468,477,256,437,459,454,517,457,509,423,259,444,258,482,486,480,483,506,187,508,359,21,185,186,184,24,22,23,25,360,26,528,498,425,30,27,29,322,324,489,388,323,325,510,526,527,391,525,490,390,503,499,515,321,504,505,389,426,507,434,500,435,497,523,424,524,533,516,529,501,101,102,513,512,514,103,511,519,502,518,330,327,329,521,522,326,520,494,2,328,331,534,530,531,496,491,536,535,493,492,495,532,
402,369,403,404,309,69,241,311,250,254,305,310,308,306,253,304,255,247,252,246,251,410,243,242,249,248,240,245,466,478,244,463,475,90,368,295,419,469,472,307,312,460,417,293,297,298,376,286,421,375,409,281,287,239,300,292,290,299,443,420,338,198,373,214,211,418,415,339,203,209,269,416,157,210,202,204,398,205,201,200,207,208,291,289,288,206,98,212,213,50,387,334,88,385,372,384,383,280,414,178,263,262,393,395,52,49,337,93,441,272,48,146,171,164,332,47,165,392,381,294,386,45,44,285,382,41,284,397,51,378,380,396,379,147,46,278,283,282,394,270,296,145,36,38,224,35,37,39,66,279,40,43,162,42,399,156,400,94,230,9,3,333,77,78,100,440,172,265,199,197,161,107,317,264,261,266,336,160,58,129,126,229,7,155,112,236,340,238,237,95,128,154,119,223,159,122,8,158,273,127,116,140,193,91,118,4,168,6,169,142,120,135,138,132,123,104,358,137,133,136,97,124,106,111,139,108,113,141,131,117,92,313,105,341,318,61,411,319,99,342,274,54,408,315,344,314,62,60,148,320,356,316,268,267,96,351,153,18,114,134,57,412,121,413,115,130,125,231,56,5,110,67,191,65,72,271,87,355,277,89,68,76,370,374,377,17,71,275,346,74,276,371,55,367,152,73,357,109,335,75,59,196,343,194,195,63,220,33,70,215,347,166,173,64,170,143,34,401,354,144,149,151,353,222,407,150,406,227,405,163,228,190,226,192,233,221,82,225,235,234,352,85,83,84,366,53,303,232,176,350,86,365,177,189,364,345,362,363,167,219,302,14,81,175,11,13,10,32,31,174,80,180,349,181,12,348,188,217,218,216,361,183,179,481,79,301,182,427,16,430,487,428,429,0,15,455,445,19,450,1,448,453,260,484,464,446,442,485,432,439,479,456,438,451,431,449,447,470,467,28,436,452,465,462,458,473,461,422,20,433,476,488,257,468,437,471,256,477,459,474,454,517,457,509,444,423,259,258,482,480,486,483,506,187,508,359,21,185,23,22,184,186,24,25,360,26,528,498,29,30,425,27,489,322,324,325,388,323,526,510,527,390,499,525,503,490,391,515,321,389,505,504,426,507,434,500,435,497,523,533,524,529,516,424,501,101,512,103,511,102,514,513,519,502,518,330,329,327,522,494,520,521,326,2,331,328,531,536,535,534,495,532,492,491,493,496,530,
402,369,403,404,309,69,241,311,250,254,305,310,308,306,253,304,255,247,252,246,251,410,243,242,248,249,240,245,466,478,244,463,368,90,475,295,419,469,472,307,312,460,417,293,297,298,376,286,421,375,409,281,287,239,300,292,290,299,443,420,338,198,373,214,211,415,418,339,209,203,416,269,157,210,202,204,398,205,201,200,207,208,291,289,288,98,206,212,213,387,50,334,88,385,372,384,280,383,414,178,262,263,393,395,52,49,337,93,441,272,48,146,171,164,332,47,381,165,392,294,382,44,41,285,386,45,397,284,51,379,380,396,378,147,278,46,283,282,270,394,296,145,36,38,224,37,35,39,279,66,40,43,162,42,399,400,156,94,9,230,3,333,77,100,78,440,172,265,199,197,161,107,317,261,264,266,336,58,160,129,126,229,7,155,236,112,340,95,238,237,119,128,154,223,159,8,158,273,122,127,193,116,140,91,118,168,4,169,6,142,120,104,138,135,123,132,137,97,136,358,133,106,124,139,111,108,113,141,131,92,313,117,61,318,411,341,105,319,99,54,342,274,315,408,314,344,62,60,148,320,268,267,356,316,96,153,351,18,114,413,57,134,121,412,130,115,231,125,110,5,56,271,72,67,65,191,87,355,277,89,68,76,71,370,377,17,374,74,275,346,371,276,55,367,73,152,357,109,335,75,59,196,343,194,195,63,220,33,215,70,347,166,64,173,170,143,34,401,354,144,149,151,353,222,150,406,407,405,227,163,228,221,192,226,233,190,82,225,234,235,352,83,84,85,366,176,303,53,232,86,350,189,177,365,345,364,302,219,167,362,363,175,14,81,11,32,10,13,80,31,174,180,349,181,348,12,218,216,188,217,361,183,179,481,301,79,182,427,16,430,487,428,429,0,15,455,445,450,19,1,448,260,453,464,484,446,485,442,439,432,456,479,431,451,438,449,447,470,467,28,452,436,462,465,458,473,422,461,20,476,433,488,257,256,437,459,474,468,477,471,454,517,457,509,423,259,444,258,480,482,486,483,506,187,508,359,21,185,23,24,184,22,186,25,360,26,528,498,27,30,29,425,324,489,322,388,325,323,510,526,527,503,390,490,391,525,499,515,321,389,504,505,507,426,434,500,435,497,523,524,533,424,529,516,101,501,511,513,514,102,103,512,519,502,329,327,518,330,520,326,521,494,522,328,2,331,534,535,496,532,530,491,493,492,495,531,536,
402,369,403,404,309,69,241,311,250,254,305,308,310,306,253,304,255,247,252,246,251,410,243,242,249,248,240,245,466,478,244,463,368,475,90,295,419,469,472,307,312,460,417,293,297,298,376,286,421,375,409,281,287,239,300,292,290,299,443,420,338,198,373,214,211,418,415,339,209,203,416,269,157,202,210,204,398,205,201,200,207,208,291,289,288,98,206,212,213,387,50,334,88,385,372,384,383,280,414,178,263,262,393,395,52,49,337,93,441,272,146,48,171,164,332,47,165,381,392,294,386,382,45,41,44,285,397,51,284,396,378,380,379,147,46,278,283,282,394,270,296,36,145,38,224,37,35,39,40,66,279,43,162,42,399,156,400,94,230,9,3,333,77,78,100,440,172,265,199,197,107,161,317,264,261,266,336,160,58,129,126,229,7,236,155,112,340,95,238,237,154,119,128,223,159,158,122,8,273,127,140,193,116,91,118,4,168,169,6,142,138,104,123,120,135,132,97,137,358,136,133,124,106,139,111,108,131,141,113,92,313,117,341,411,318,105,61,319,274,54,99,342,408,315,344,314,62,148,60,320,316,268,96,267,356,351,153,18,57,121,114,134,412,413,115,125,130,231,5,56,110,67,72,191,65,271,277,355,87,89,76,68,17,71,370,377,374,275,346,74,276,371,367,55,152,73,357,109,75,335,59,196,343,194,63,195,220,33,215,70,166,347,173,64,170,401,34,143,354,144,149,151,222,353,150,407,406,227,163,405,221,233,190,226,228,192,225,82,235,234,352,85,83,366,84,176,303,232,53,350,86,177,365,189,345,364,302,363,219,167,362,81,175,14,11,32,13,10,180,174,31,80,181,349,12,348,218,188,217,216,361,183,179,481,79,301,182,427,16,430,487,429,428,0,15,455,445,19,450,1,448,260,453,484,464,446,485,442,432,439,479,456,451,431,438,449,447,467,470,28,452,436,462,458,465,473,422,461,20,488,476,433,257,468,477,474,256,459,437,471,454,517,457,509,423,259,444,258,480,486,482,483,506,187,508,359,21,185,186,24,184,22,23,25,360,26,528,498,29,27,425,30,322,324,489,388,325,323,510,526,527,525,503,391,390,490,499,515,321,389,505,504,426,507,434,500,435,497,523,424,516,524,529,533,501,101,512,103,102,514,513,511,519,502,327,330,329,518,522,494,521,326,520,328,331,2,532,496,493,531,535,492,536,530,491,534,495,
402,369,403,404,309,69,241,311,250,254,305,308,310,306,253,304,255,247,252,246,251,410,243,242,249,248,240,245,466,478,244,463,475,90,368,295,419,469,472,307,312,460,417,293,297,298,376,286,421,375,409,281,287,239,300,292,290,299,443,420,338,198,373,214,211,415,418,339,209,203,416,269,157,202,210,398,204,205,201,200,207,208,291,289,288,98,206,212,213,50,387,334,88,385,372,384,383,280,414,178,262,263,393,395,52,49,337,93,272,441,146,48,171,164,332,47,381,165,392,294,285,382,386,41,45,44,397,284,51,379,380,378,396,147,278,46,283,282,394,270,296,145,36,38,224,35,37,39,66,279,40,43,162,42,399,400,156,94,9,230,3,333,77,78,100,440,172,265,199,197,107,161,317,261,264,266,336,58,129,160,126,229,7,236,112,155,340,237,95,238,119,154,128,223,159,158,273,122,8,127,140,116,193,91,118,168,4,6,169,142,135,123,132,120,138,104,97,133,137,136,358,124,106,139,108,111,141,113,131,92,313,117,411,61,341,105,318,319,54,274,342,99,315,408,314,344,60,62,148,320,268,267,316,96,356,351,153,18,114,413,412,57,134,121,231,125,130,115,110,5,56,271,67,72,65,191,277,87,355,89,68,76,374,377,71,370,17,346,275,74,276,371,367,55,152,73,357,109,335,75,59,196,194,343,195,63,220,215,33,70,347,166,64,173,170,401,34,143,354,144,151,149,222,353,406,407,150,227,405,163,221,192,228,190,226,233,225,82,235,234,352,366,84,85,83,176,303,53,232,86,350,365,177,189,364,345,363,302,167,362,219,14,175,81,11,32,13,10,174,180,80,31,349,181,12,348,188,216,217,218,361,183,481,179,301,79,182,427,16,430,487,429,428,15,0,455,445,450,19,448,1,453,260,484,446,464,442,485,432,439,479,456,451,438,431,449,447,467,470,28,436,452,462,458,465,473,461,422,20,488,476,433,257,256,471,474,437,468,459,477,454,517,457,509,423,444,259,258,480,486,482,483,506,187,508,359,21,185,24,184,186,22,23,25,360,26,498,528,425,27,30,29,489,322,324,323,388,325,526,510,527,503,490,390,391,525,499,515,321,504,389,505,507,426,434,500,435,523,497,529,524,424,533,516,501,101,103,102,514,513,511,512,519,502,327,330,518,329,326,494,521,520,522,2,331,328,530,532,531,495,493,534,535,496,492,491,536,
402,369,403,404,309,69,241,311,250,254,305,310,308,306,253,304,255,247,252,246,251,410,243,242,248,249,240,245,466,478,244,463,475,90,368,295,419,469,472,307,312,460,417,293,297,298,376,286,421,375,409,281,287,239,300,292,290,299,443,420,338,198,373,214,211,418,415,339,209,203,269,416,157,202,210,204,398,205,201,200,208,207,291,289,288,98,206,212,213,50,387,334,88,385,372,384,383,280,414,178,263,262,393,395,52,49,337,93,441,272,146,48,171,164,332,47,392,165,381,294,285,41,45,386,44,382,397,51,284,378,379,396,380,147,278,46,283,282,394,270,296,36,145,38,224,37,35,39,66,279,40,43,162,42,399,400,156,94,9,230,3,333,77,78,100,440,172,265,199,197,107,161,317,264,261,266,336,129,58,160,126,229,7,155,112,236,340,95,237,238,154,128,119,223,159,273,158,122,8,127,193,116,140,91,118,4,168,169,6,142,135,138,120,123,132,104,136,358,137,97,133,106,124,111,108,139,131,113,141,117,92,313,318,411,341,105,61,319,342,99,274,54,315,408,344,314,60,148,62,320,267,356,96,316,268,18,351,153,114,57,121,134,412,413,231,130,125,115,5,110,56,65,271,191,67,72,277,87,355,89,76,68,370,71,374,17,377,346,74,275,276,371,367,55,152,73,357,109,335,75,59,196,194,343,195,63,220,33,70,215,166,347,173,64,170,401,34,143,354,144,151,149,222,353,150,406,407,163,227,405,192,226,233,190,228,221,225,82,235,234,352,83,85,84,366,53,303,232,176,350,86,177,365,189,345,364,302,167,219,363,362,14,175,81,11,10,13,32,180,31,174,80,349,181,348,12,188,216,217,218,361,183,481,179,79,301,182,427,16,430,487,428,429,15,0,455,445,450,19,448,1,260,453,464,446,484,485,442,439,432,456,479,451,431,438,449,447,467,470,28,452,436,465,458,462,473,422,461,20,433,476,488,257,256,471,437,477,468,474,459,454,517,457,509,423,259,444,258,486,480,482,483,506,187,508,359,21,185,23,22,24,186,184,25,360,26,498,528,425,27,29,30,322,489,324,388,323,325,510,526,527,499,391,390,525,490,503,515,321,505,504,389,426,507,434,500,435,523,497,424,529,524,516,533,501,101,102,513,512,103,511,514,519,502,330,327,518,329,494,520,522,326,521,331,2,328,531,491,535,536,530,495,534,493,492,496,532,
402,369,403,404,309,69,241,311,250,254,305,308,310,306,253,304,255,247,252,246,251,410,243,242,248,249,240,245,466,478,244,463,368,90,475,295,419,469,472,307,312,460,417,293,298,297,376,286,421,409,375,281,287,239,300,292,290,299,443,420,338,198,373,214,211,418,415,339,203,209,269,416,157,202,210,204,398,205,201,200,207,208,291,289,288,98,206,212,213,50,387,334,88,385,372,384,383,280,414,178,263,262,393,395,52,49,337,93,441,272,48,146,171,164,332,47,165,392,381,294,285,386,41,382,44,45,284,397,51,396,378,380,379,147,278,46,283,282,270,394,296,145,36,38,224,35,37,39,279,66,40,43,162,42,399,156,400,94,9,230,3,333,77,78,100,440,172,265,199,197,107,161,317,261,264,266,336,160,129,58,126,229,7,155,236,112,340,237,238,95,128,119,154,223,159,273,158,8,122,127,116,140,193,91,118,168,4,169,6,142,132,104,120,123,138,135,358,133,137,97,136,106,124,111,139,108,131,141,113,92,313,117,411,341,105,61,318,319,99,274,54,342,315,408,314,344,62,148,60,320,356,268,96,267,316,153,18,351,134,57,412,114,121,413,125,115,231,130,110,56,5,72,67,191,271,65,355,277,87,89,68,76,370,17,377,71,374,275,74,346,371,276,367,55,73,152,357,109,75,335,59,196,343,194,63,195,220,33,70,215,166,347,64,173,170,401,34,143,354,144,151,149,222,353,407,406,150,405,227,163,226,233,190,228,221,192,225,82,235,234,352,366,85,83,84,53,176,232,303,86,350,177,365,189,364,345,362,363,219,167,302,175,14,81,11,13,10,32,80,174,180,31,349,181,12,348,216,218,188,217,361,183,179,481,79,301,182,427,16,430,487,428,429,0,15,455,445,19,450,1,448,453,260,464,446,484,485,442,432,439,479,456,451,438,431,447,449,470,467,28,452,436,458,462,465,473,461,422,20,476,433,488,257,474,256,468,437,477,471,459,454,517,457,509,444,259,423,258,486,482,480,483,506,187,508,359,21,185,23,184,22,186,24,25,360,26,498,528,30,29,27,425,324,322,489,323,325,388,526,510,527,525,391,503,490,390,499,515,321,504,389,505,507,426,434,500,435,497,523,533,516,424,529,524,101,501,102,514,512,513,103,511,519,502,330,518,329,327,494,521,520,326,522,2,328,331,493,492,535,534,532,495,491,536,531,530,496,
402,369,403,404,309,69,241,311,250,254,305,310,308,306,253,304,255,247,252,246,251,410,243,242,249,248,240,245,466,478,244,463,475,90,368,295,419,469,472,307,312,460,417,293,298,297,376,286,421,409,375,281,287,239,300,292,290,299,443,420,338,198,373,214,211,418,415,339,203,209,416,269,157,202,210,398,204,205,201,200,207,208,291,289,288,206,98,212,213,387,50,334,88,385,372,384,383,280,414,178,262,263,393,395,52,49,337,93,272,441,48,146,171,164,332,47,381,392,165,294,44,382,285,45,386,41,51,397,284,379,378,396,380,147,46,278,283,282,270,394,296,145,36,38,224,37,35,39,66,40,279,43,162,42,399,156,400,94,9,230,3,333,77,78,100,440,172,265,199,197,107,161,317,261,264,266,336,160,129,58,126,229,7,112,236,155,340,95,237,238,128,119,154,223,159,8,273,158,122,127,116,193,140,91,118,168,4,169,6,142,135,104,123,120,138,132,137,97,133,358,136,124,106,139,111,108,131,141,113,313,92,117,411,318,61,105,341,319,99,342,54,274,315,408,344,314,148,60,62,320,267,96,268,356,316,351,18,153,413,134,57,412,121,114,115,125,130,231,110,56,5,72,191,271,65,67,277,87,355,89,68,76,370,71,17,377,374,275,74,346,371,276,55,367,152,73,357,109,75,335,59,196,194,343,195,63,220,215,70,33,166,347,64,173,170,401,143,34,354,144,149,151,222,353,150,406,407,163,227,405,192,190,233,221,228,226,225,82,234,235,352,85,83,366,84,303,53,232,176,86,350,365,189,177,345,364,219,362,167,363,302,14,81,175,11,13,10,32,180,80,31,174,349,181,348,12,218,217,216,188,361,183,481,179,301,79,182,427,16,430,487,429,428,0,15,455,445,19,450,448,1,260,453,446,484,464,485,442,439,432,456,479,451,438,431,449,447,467,470,28,436,452,465,458,462,473,461,422,20,433,476,488,257,474,437,459,471,468,477,256,454,517,457,509,259,423,444,258,480,486,482,483,506,187,508,359,21,185,22,184,24,186,23,25,360,26,528,498,27,30,425,29,322,324,489,323,325,388,510,526,527,390,499,525,391,490,503,515,321,505,504,389,507,426,434,500,435,523,497,529,516,424,524,533,101,501,103,513,102,514,511,512,519,502,329,518,330,327,520,521,494,326,522,331,328,2,495,493,492,532,536,491,531,496,534,535,530,
402,369,403,404,309,69,241,311,250,254,305,310,308,306,253,304,255,247,252,246,251,410,243,242,249,248,240,245,466,478,244,463,368,475,90,295,419,469,472,307,312,460,417,293,297,298,376,286,421,409,375,281,287,239,300,292,290,299,443,420,338,198,373,214,211,415,418,339,209,203,416,269,157,202,210,398,204,205,201,200,208,207,291,289,288,206,98,212,213,50,387,334,88,385,372,384,280,383,414,178,262,263,393,395,52,49,337,93,441,272,146,48,171,164,332,47,381,392,165,294,45,285,41,386,382,44,51,284,397,379,380,378,396,147,278,46,283,282,270,394,296,36,145,38,224,37,35,39,279,40,66,43,162,42,399,400,156,94,9,230,3,333,77,100,78,440,172,265,199,197,107,161,317,264,261,266,336,129,160,58,126,229,7,155,236,112,340,237,95,238,154,119,128,223,159,158,122,8,273,127,140,116,193,91,118,168,4,169,6,142,132,120,104,123,135,138,358,137,133,136,97,106,124,139,111,108,131,141,113,313,92,117,341,411,105,61,318,319,274,99,54,342,408,315,344,314,60,62,148,320,316,268,267,96,356,18,351,153,121,413,114,57,134,412,130,231,115,125,110,5,56,72,65,67,271,191,355,87,277,89,68,76,374,370,377,17,71,275,74,346,276,371,367,55,73,152,357,109,75,335,59,196,194,343,195,63,220,215,70,33,347,166,173,64,170,401,34,143,354,144,149,151,222,353,150,407,406,163,227,405,190,233,228,226,192,221,225,82,235,234,352,83,366,84,85,232,176,303,53,350,86,365,177,189,345,364,302,219,167,362,363,14,175,81,11,32,10,13,174,180,31,80,181,349,12,348,217,216,188,218,361,183,179,481,79,301,182,427,16,430,487,428,429,0,15,455,445,19,450,448,1,453,260,446,464,484,442,485,432,439,456,479,438,451,431,447,449,467,470,28,436,452,458,465,462,473,422,461,20,488,476,433,257,459,477,474,468,437,256,471,454,517,457,509,444,259,423,258,482,486,480,483,506,187,508,359,21,185,184,23,22,24,186,25,360,26,498,528,425,29,27,30,322,324,489,388,325,323,526,510,527,503,499,390,490,525,391,515,321,504,389,505,426,507,500,434,435,523,497,524,529,533,424,516,101,501,512,103,511,102,513,514,519,502,330,327,518,329,521,522,326,494,520,331,2,328,530,536,492,535,531,495,534,532,493,491,496,
402,369,403,404,309,69,241,311,250,254,305,310,308,306,253,304,255,247,252,246,251,410,243,242,249,248,240,245,466,478,244,463,368,90,475,295,419,469,472,307,312,460,417,293,298,297,376,286,421,409,375,281,287,239,300,292,290,299,443,420,338,198,373,214,211,415,418,339,209,203,269,416,157,202,210,204,398,205,201,200,208,207,291,289,288,98,206,212,213,387,50,334,88,385,372,384,383,280,414,178,262,263,393,395,52,49,337,93,272,441,48,146,171,164,332,47,165,392,381,294,41,285,44,382,45,386,397,284,51,396,378,379,380,147,46,278,283,282,270,394,296,145,36,38,224,37,35,39,66,40,279,43,162,42,399,156,400,94,9,230,3,333,77,100,78,440,172,265,199,197,107,161,317,261,264,266,336,58,129,160,126,229,7,236,112,155,340,238,237,95,119,128,154,223,159,122,158,273,8,127,140,116,193,91,118,168,4,6,169,142,123,132,138,104,120,135,137,358,133,97,136,124,106,111,108,139,141,131,113,92,313,117,105,61,341,318,411,319,54,99,274,342,408,315,314,344,62,60,148,320,268,96,316,267,356,153,351,18,57,114,121,134,412,413,115,125,231,130,56,5,110,65,271,67,191,72,277,355,87,89,68,76,374,377,370,17,71,346,74,275,276,371,55,367,73,152,357,109,335,75,59,196,194,343,63,195,220,33,215,70,166,347,173,64,170,401,34,143,354,144,149,151,222,353,150,406,407,227,163,405,221,226,233,228,190,192,225,82,234,235,352,366,84,85,83,232,53,176,303,86,350,189,177,365,345,364,219,302,363,167,362,175,81,14,11,10,32,13,180,31,80,174,349,181,12,348,218,217,188,216,361,183,179,481,301,79,182,427,16,430,487,429,428,15,0,455,445,19,450,448,1,453,260,446,464,484,442,485,432,439,479,456,438,431,451,449,447,470,467,28,436,452,465,458,462,473,461,422,20,476,433,488,257,468,474,459,256,437,471,477,454,517,457,509,444,423,259,258,486,480,482,483,506,187,508,359,21,185,186,184,23,24,22,25,360,26,498,528,30,29,425,27,489,322,324,388,325,323,526,510,527,525,390,391,499,503,490,515,321,389,505,504,507,426,500,434,435,497,523,524,424,533,516,529,101,501,512,513,102,103,511,514,519,502,330,329,518,327,520,522,326,521,494,2,328,331,493,491,492,531,532,536,534,535,495,530,496,
402,369,403,404,309,69,241,311,250,254,305,308,310,306,253,304,255,247,252,246,251,410,243,242,248,249,240,245,466,478,244,463,90,475,368,295,419,469,472,307,312,460,417,293,297,298,376,286,421,409,375,281,287,239,300,292,290,299,443,420,338,198,373,214,211,418,415,339,209,203,269,416,157,210,202,204,398,205,201,200,208,207,291,289,288,206,98,212,213,387,50,334,88,385,372,384,280,383,414,178,263,262,393,395,52,49,337,93,272,441,48,146,171,164,332,47,165,392,381,294,285,41,45,386,44,382,51,397,284,379,396,380,378,147,46,278,283,282,394,270,296,36,145,38,224,35,37,39,66,40,279,43,162,42,399,400,156,94,230,9,3,333,77,100,78,440,172,265,199,197,107,161,317,264,261,266,336,58,129,160,126,229,7,236,112,155,340,237,95,238,119,128,154,223,159,122,158,273,8,127,140,193,116,91,118,168,4,169,6,142,104,123,120,132,135,138,136,137,133,97,358,124,106,108,111,139,141,113,131,117,313,92,105,341,61,411,318,319,342,99,54,274,408,315,314,344,62,148,60,320,96,316,267,356,268,153,18,351,412,57,114,134,121,413,125,231,115,130,5,110,56,191,67,271,65,72,277,87,355,89,68,76,71,377,370,17,374,275,74,346,371,276,367,55,152,73,357,109,75,335,59,196,194,343,63,195,220,215,33,70,347,166,64,173,170,143,401,34,354,144,151,149,222,353,406,407,150,227,163,405,221,233,192,228,190,226,82,225,234,235,352,85,84,83,366,176,53,303,232,350,86,189,177,365,345,364,362,219,363,302,167,14,175,81,11,10,13,32,80,180,174,31,181,349,12,348,188,216,218,217,361,183,481,179,301,79,182,427,16,430,487,428,429,15,0,455,445,450,19,448,1,453,260,484,446,464,485,442,432,439,456,479,431,438,451,447,449,467,470,28,436,452,462,465,458,473,422,461,20,433,476,488,257,437,256,477,471,474,468,459,454,517,457,509,259,444,423,258,482,480,486,483,506,187,508,359,21,185,23,184,24,22,186,25,360,26,528,498,30,27,425,29,322,489,324,388,325,323,510,526,527,499,525,391,490,503,390,515,321,504,389,505,426,507,434,500,435,497,523,516,529,524,533,424,101,501,103,514,511,102,512,513,519,502,518,329,327,330,520,494,326,521,522,331,2,328,491,495,534,496,535,530,492,493,532,536,531,
402,369,403,404,309,69,241,311,250,254,305,308,310,306,253,304,255,247,252,246,251,410,243,242,248,249,240,245,466,478,244,463,368,475,90,295,419,469,472,307,312,460,417,293,298,297,376,286,421,409,375,281,287,239,300,292,290,299,443,420,338,198,373,214,211,418,415,339,209,203,269,416,157,202,210,398,204,205,201,200,208,207,291,289,288,98,206,212,213,387,50,334,88,385,372,384,383,280,414,178,263,262,393,395,52,49,337,93,272,441,48,146,171,164,332,47,381,165,392,294,382,44,285,386,45,41,284,51,397,379,396,380,378,147,278,46,283,282,394,270,296,36,145,38,224,35,37,39,66,279,40,43,162,42,399,400,156,94,9,230,3,333,77,78,100,440,172,265,199,197,161,107,317,261,264,266,336,129,160,58,126,229,7,236,112,155,340,238,95,237,154,128,119,223,159,273,122,8,158,127,193,140,116,91,118,168,4,6,169,142,120,138,123,132,104,135,137,136,97,358,133,106,124,108,111,139,141,131,113,313,92,117,341,105,411,61,318,319,99,274,54,342,315,408,344,314,62,60,148,320,267,268,356,96,316,351,18,153,413,114,134,57,412,121,130,125,231,115,56,110,5,72,65,191,271,67,87,277,355,89,68,76,370,71,377,17,374,346,74,275,276,371,55,367,152,73,357,109,335,75,59,196,343,194,195,63,220,33,70,215,166,347,64,173,170,143,34,401,354,144,149,151,222,353,150,406,407,163,227,405,221,233,228,226,192,190,225,82,235,234,352,83,84,366,85,232,176,303,53,86,350,189,365,177,345,364,362,167,219,302,363,14,175,81,11,10,13,32,31,80,180,174,349,181,348,12,216,218,217,188,361,183,179,481,79,301,182,427,16,430,487,428,429,15,0,455,445,19,450,448,1,260,453,484,464,446,442,485,439,432,456,479,431,438,451,447,449,467,470,28,436,452,465,462,458,473,461,422,20,488,476,433,257,459,468,471,256,437,474,477,454,517,457,509,444,259,423,258,482,480,486,483,506,187,508,359,21,185,23,22,186,24,184,25,360,26,498,528,425,29,30,27,322,324,489,323,388,325,526,510,527,390,525,503,391,499,490,515,321,389,504,505,507,426,434,500,435,497,523,524,533,424,516,529,101,501,511,512,514,513,103,102,519,502,329,518,330,327,326,494,521,520,522,331,2,328,534,492,535,491,531,493,495,530,496,532,536,
402,369,403,404,309,69,241,311,250,254,305,310,308,306,253,304,255,247,252,246,251,410,243,242,249,248,240,245,466,478,244,463,90,368,475,295,419,469,472,307,312,460,417,293,297,298,376,286,421,375,409,281,287,239,300,292,290,299,443,420,338,198,373,214,211,418,415,339,203,209,269,416,157,202,210,398,204,205,201,200,207,208,291,289,288,206,98,212,213,387,50,334,88,385,372,384,280,383,414,178,262,263,393,395,52,49,337,93,272,441,48,146,171,164,332,47,392,165,381,294,41,44,382,45,285,386,284,397,51,379,396,380,378,147,278,46,283,282,270,394,296,36,145,38,224,37,35,39,279,40,66,43,162,42,399,156,400,94,230,9,3,333,77,100,78,440,172,265,199,197,107,161,317,264,261,266,336,129,58,160,126,229,7,112,155,236,340,237,238,95,128,154,119,223,159,273,158,122,8,127,116,140,193,91,118,4,168,6,169,142,135,138,123,132,104,120,137,133,358,136,97,124,106,139,108,111,131,113,141,92,117,313,411,341,318,61,105,319,274,342,99,54,315,408,314,344,60,148,62,320,316,267,268,96,356,351,153,18,114,57,413,134,121,412,130,231,125,115,56,5,110,67,191,72,271,65,277,355,87,89,76,68,370,71,374,17,377,346,275,74,371,276,55,367,152,73,357,109,75,335,59,196,194,343,63,195,220,70,215,33,166,347,64,173,170,143,401,34,354,144,151,149,222,353,406,150,407,227,163,405,190,228,226,233,192,221,82,225,235,234,352,366,83,85,84,53,303,232,176,350,86,189,365,177,364,345,167,219,363,302,362,175,81,14,11,10,32,13,174,31,80,180,349,181,348,12,217,218,216,188,361,183,481,179,79,301,182,427,16,430,487,428,429,15,0,455,445,19,450,1,448,260,453,484,446,464,442,485,432,439,479,456,431,451,438,449,447,467,470,28,452,436,465,462,458,473,422,461,20,488,476,433,257,471,468,256,477,474,437,459,454,517,457,509,423,259,444,258,482,480,486,483,506,187,508,359,21,185,22,24,23,184,186,25,360,26,498,528,425,27,29,30,489,324,322,323,325,388,526,510,527,503,499,525,391,390,490,515,321,504,505,389,426,507,434,500,435,497,523,529,533,424,516,524,101,501,102,103,514,512,513,511,519,502,329,330,518,327,326,522,521,494,520,2,331,328,530,492,532,535,491,534,536,496,495,493,531,
402,369,403,404,309,69,241,311,250,254,305,308,310,306,253,304,255,247,252,246,251,410,243,242,249,248,240,245,466,478,244,463,475,90,368,295,419,469,472,307,312,460,417,293,297,298,376,286,421,375,409,281,287,239,300,292,290,299,443,420,338,198,373,214,211,415,418,339,209,203,269,416,157,210,202,204,398,205,201,200,208,207,291,289,288,206,98,212,213,50,387,334,88,385,372,384,383,280,414,178,263,262,393,395,52,49,337,93,441,272,146,48,171,164,332,47,165,392,381,294,41,382,44,386,45,285,284,51,397,379,380,378,396,147,278,46,283,282,270,394,296,145,36,38,224,37,35,39,40,66,279,43,162,42,399,400,156,94,9,230,3,333,77,78,100,440,172,265,199,197,107,161,317,264,261,266,336,160,58,129,126,229,7,236,112,155,340,238,237,95,119,154,128,223,159,273,122,8,158,127,140,193,116,91,118,4,168,6,169,142,138,123,120,104,132,135,136,137,97,358,133,106,124,139,111,108,141,131,113,313,117,92,341,411,318,105,61,319,274,54,99,342,408,315,314,344,60,62,148,320,316,96,267,356,268,351,153,18,413,57,134,121,114,412,115,130,231,125,110,56,5,72,65,271,67,191,87,277,355,89,76,68,377,370,374,71,17,275,74,346,371,276,55,367,73,152,357,109,335,75,59,196,194,343,63,195,220,33,215,70,166,347,173,64,170,34,143,401,354,144,151,149,353,222,150,407,406,163,405,227,192,221,233,228,190,226,225,82,235,234,352,366,83,84,85,176,232,303,53,86,350,365,189,177,364,345,302,363,167,219,362,175,81,14,11,32,10,13,31,174,80,180,349,181,12,348,218,188,216,217,361,183,179,481,79,301,182,427,16,430,487,429,428,15,0,455,445,19,450,1,448,260,453,446,484,464,485,442,432,439,456,479,438,451,431,449,447,470,467,28,452,436,458,465,462,473,422,461,20,433,476,488,257,471,477,256,459,437,474,468,454,517,457,509,423,259,444,258,482,486,480,483,506,187,508,359,21,185,22,24,184,186,23,25,360,26,498,528,30,425,29,27,489,322,324,325,323,388,526,510,527,525,499,503,391,490,390,515,321,505,389,504,426,507,500,434,435,523,497,529,524,533,516,424,101,501,513,514,512,102,103,511,519,502,518,330,327,329,521,522,520,326,494,328,2,331,491,531,496,530,535,493,495,534,532,492,536,
402,369,403,404,309,69,241,311,250,254,305,308,310,306,253,304,255,247,252,246,251,410,243,242,249,248,240,245,466,478,244,463,475,90,368,295,419,469,472,307,312,460,417,293,298,297,376,286,421,409,375,281,287,239,300,292,290,299,443,420,338,198,373,214,211,418,415,339,203,209,269,416,157,210,202,398,204,205,201,200,208,207,291,289,288,98,206,212,213,387,50,334,88,385,372,384,383,280,414,178,262,263,393,395,52,49,337,93,441,272,48,146,171,164,332,47,381,392,165,294,45,285,382,44,41,386,284,51,397,379,378,380,396,147,278,46,283,282,270,394,296,36,145,38,224,35,37,39,279,40,66,43,162,42,399,400,156,94,9,230,3,333,77,78,100,440,172,265,199,197,107,161,317,264,261,266,336,58,160,129,126,229,7,236,112,155,340,95,237,238,119,154,128,223,159,273,158,122,8,127,193,140,116,91,118,4,168,6,169,142,138,132,120,123,135,104,136,137,97,133,358,106,124,108,111,139,131,113,141,92,117,313,411,318,341,105,61,319,54,342,274,99,408,315,314,344,62,148,60,320,268,96,267,316,356,351,18,153,413,412,57,134,114,121,231,115,130,125,56,110,5,65,191,271,72,67,87,277,355,89,76,68,377,370,17,71,374,275,74,346,276,371,367,55,152,73,357,109,75,335,59,196,343,194,63,195,220,215,33,70,347,166,64,173,170,34,401,143,354,144,149,151,222,353,150,407,406,163,405,227,226,228,192,190,221,233,82,225,234,235,352,366,84,83,85,232,176,53,303,350,86,365,177,189,345,364,167,219,363,302,362,175,81,14,11,10,32,13,174,31,180,80,181,349,348,12,217,218,188,216,361,183,179,481,301,79,182,427,16,430,487,428,429,0,15,455,445,450,19,1,448,453,260,464,484,446,442,485,439,432,479,456,431,438,451,449,447,467,470,28,452,436,462,458,465,473,461,422,20,476,433,488,257,459,477,471,256,474,468,437,454,517,457,509,444,423,259,258,486,480,482,483,506,187,508,359,21,185,23,184,186,22,24,25,360,26,528,498,27,30,29,425,322,489,324,388,325,323,526,510,527,499,503,390,490,391,525,515,321,505,389,504,507,426,434,500,435,497,523,516,533,524,529,424,101,501,511,513,102,514,103,512,519,502,327,518,330,329,521,520,326,494,522,2,331,328,493,532,491,536,535,534,496,492,495,531,530,
402,369,403,404,309,69,241,311,250,254,305,308,310,306,253,304,255,247,252,246,251,410,243,242,248,249,240,245,466,478,244,463,368,475,90,295,419,469,472,307,312,460,417,293,298,297,376,286,421,375,409,281,287,239,300,292,290,299,443,420,338,198,373,214,211,415,418,339,209,203,416,269,157,210,202,398,204,205,201,200,208,207,291,289,288,98,206,212,213,50,387,334,88,385,372,384,280,383,414,178,263,262,393,395,52,49,337,93,272,441,48,146,171,164,332,47,165,392,381,294,285,386,45,44,41,382,397,51,284,378,380,396,379,147,46,278,283,282,270,394,296,145,36,38,224,37,35,39,279,40,66,43,162,42,399,400,156,94,230,9,3,333,77,78,100,440,172,265,199,197,107,161,317,261,264,266,336,160,58,129,126,229,7,112,236,155,340,95,237,238,128,119,154,223,159,8,273,122,158,127,116,193,140,91,118,168,4,6,169,142,138,132,104,123,135,120,133,136,137,97,358,106,124,139,111,108,131,113,141,313,92,117,105,341,411,318,61,319,54,274,99,342,315,408,344,314,60,62,148,320,356,316,268,267,96,18,153,351,134,121,114,412,57,413,125,231,115,130,110,56,5,191,271,67,72,65,355,87,277,89,68,76,71,377,370,374,17,275,74,346,371,276,55,367,152,73,357,109,75,335,59,196,194,343,63,195,220,215,70,33,166,347,64,173,170,401,34,143,354,144,151,149,222,353,150,406,407,163,227,405,233,192,190,226,221,228,225,82,234,235,352,84,85,366,83,232,53,176,303,86,350,189,365,177,364,345,302,363,167,362,219,81,175,14,11,32,13,10,80,180,174,31,181,349,348,12,216,217,188,218,361,183,481,179,79,301,182,427,16,430,487,429,428,0,15,455,445,19,450,1,448,453,260,464,484,446,485,442,432,439,479,456,431,451,438,447,449,470,467,28,436,452,462,465,458,473,422,461,20,433,476,488,257,437,256,459,468,477,474,471,454,517,457,509,444,423,259,258,482,480,486,483,506,187,508,359,21,185,23,184,186,22,24,25,360,26,498,528,27,29,30,425,489,324,322,388,323,325,526,510,527,499,503,390,490,391,525,515,321,505,389,504,426,507,500,434,435,523,497,516,529,424,533,524,501,101,513,102,514,511,512,103,519,502,330,329,327,518,521,326,494,520,522,328,2,331,534,495,493,531,492,536,535,530,532,496,491,
402,369,403,404,309,69,241,311,250,254,305,308,310,306,253,304,255,247,252,246,251,410,243,242,248,249,240,245,466,478,244,463,475,368,90,295,419,469,472,307,312,460,417,293,297,298,376,286,421,375,409,281,287,239,300,292,290,299,443,420,338,198,373,214,211,415,418,339,203,209,416,269,157,202,210,204,398,205,201,200,207,208,291,289,288,206,98,212,213,50,387,334,88,385,372,384,280,383,414,178,262,263,393,395,52,49,337,93,441,272,146,48,171,164,332,47,392,381,165,294,45,382,41,285,44,386,397,51,284,396,380,378,379,147,46,278,283,282,394,270,296,145,36,38,224,35,37,39,40,279,66,43,162,42,399,400,156,94,230,9,3,333,77,78,100,440,172,265,199,197,161,107,317,261,264,266,336,58,129,160,126,229,7,236,112,155,340,237,238,95,119,128,154,223,159,122,8,158,273,127,140,116,193,91,118,168,4,169,6,142,104,132,123,138,135,120,358,136,133,97,137,106,124,111,139,108,141,113,131,92,117,313,411,318,61,341,105,319,99,342,274,54,315,408,314,344,148,60,62,320,268,356,316,267,96,18,351,153,121,134,413,114,57,412,231,125,130,115,56,110,5,191,67,65,72,271,355,87,277,89,76,68,370,71,17,377,374,74,275,346,276,371,55,367,73,152,357,109,335,75,59,196,194,343,195,63,220,33,215,70,347,166,173,64,170,34,143,401,354,144,151,149,222,353,150,407,406,405,227,163,228,233,226,221,190,192,225,82,235,234,352,83,366,85,84,232,176,303,53,350,86,365,189,177,364,345,302,362,363,167,219,14,81,175,11,13,10,32,31,180,80,174,181,349,348,12,218,188,217,216,361,183,481,179,79,301,182,427,16,430,487,428,429,15,0,455,445,450,19,1,448,453,260,484,446,464,485,442,439,432,456,479,451,438,431,449,447,467,470,28,436,452,465,458,462,473,461,422,20,433,476,488,257,437,471,474,477,459,256,468,454,517,457,509,444,259,423,258,480,482,486,483,506,187,508,359,21,185,23,184,22,186,24,25,360,26,498,528,425,30,29,27,489,324,322,325,388,323,526,510,527,390,391,503,490,499,525,515,321,505,389,504,426,507,500,434,435,497,523,533,524,424,516,529,101,501,103,511,102,514,513,512,519,502,330,518,327,329,522,326,521,494,520,2,328,331,535,491,493,492,496,495,531,530,536,532,534,
402,369,403,404,309,69,241,311,250,254,305,310,308,306,253,304,255,247,252,246,251,410,243,242,249,248,240,245,466,478,244,463,368,475,90,295,419,469,472,307,312,460,417,293,298,297,376,286,421,409,375,281,287,239,300,292,290,299,443,420,338,198,373,214,211,415,418,339,209,203,416,269,157,210,202,204,398,205,201,200,207,208,291,289,288,98,206,212,213,387,50,334,88,385,372,384,280,383,414,178,263,262,393,395,52,49,337,93,272,441,48,146,171,164,332,47,165,381,392,294,386,382,44,285,41,45,284,397,51,379,378,396,380,147,278,46,283,282,394,270,296,36,145,38,224,37,35,39,279,40,66,43,162,42,399,400,156,94,9,230,3,333,77,78,100,440,172,265,199,197,161,107,317,261,264,266,336,129,58,160,126,229,7,112,155,236,340,95,238,237,119,154,128,223,159,8,273,158,122,127,140,116,193,91,118,168,4,169,6,142,138,123,104,120,132,135,133,358,137,97,136,124,106,108,111,139,141,131,113,117,313,92,411,341,105,318,61,319,99,54,342,274,315,408,344,314,60,148,62,320,316,356,268,96,267,18,153,351,57,413,121,412,114,134,231,125,115,130,56,5,110,271,67,65,72,191,355,87,277,89,76,68,374,370,17,71,377,275,74,346,276,371,55,367,73,152,357,109,75,335,59,196,343,194,63,195,220,215,33,70,347,166,64,173,170,401,143,34,354,144,151,149,353,222,150,406,407,163,405,227,221,192,226,190,233,228,225,82,235,234,352,85,366,84,83,176,303,232,53,350,86,177,189,365,345,364,219,167,363,302,362,14,81,175,11,10,32,13,174,180,31,80,181,349,348,12,216,217,188,218,361,183,481,179,301,79,182,427,16,430,487,429,428,0,15,455,445,450,19,1,448,260,453,464,484,446,485,442,432,439,456,479,451,438,431,447,449,470,467,28,452,436,465,458,462,473,461,422,20,433,476,488,257,459,256,474,468,437,471,477,454,517,457,509,444,259,423,258,486,480,482,483,506,187,508,359,21,185,22,23,186,184,24,25,360,26,498,528,27,425,30,29,324,489,322,323,388,325,510,526,527,490,499,503,390,525,391,515,321,505,504,389,426,507,500,434,435,523,497,529,516,424,524,533,501,101,102,514,512,511,103,513,519,502,329,518,327,330,326,521,520,522,494,331,2,328,535,492,531,496,532,530,536,493,534,495,491,
402,369,403,404,309,69,241,311,250,254,305,308,310,306,253,304,255,247,252,246,251,410,243,242,249,248,240,245,466,478,244,463,368,475,90,295,419,469,472,307,312,460,417,293,297,298,376,286,421,409,375,281,287,239,300,292,290,299,443,420,338,198,373,214,211,415,418,339,209,203,269,416,157,202,210,398,204,205,201,200,208,207,291,289,288,206,98,212,213,387,50,334,88,385,372,384,280,383,414,178,263,262,393,395,52,49,337,93,272,441,146,48,171,164,332,47,392,165,381,294,44,382,45,386,41,285,51,284,397,380,378,396,379,147,278,46,283,282,394,270,296,145,36,38,224,35,37,39,40,66,279,43,162,42,399,156,400,94,230,9,3,333,77,78,100,440,172,265,199,197,107,161,317,264,261,266,336,160,58,129,126,229,7,236,155,112,340,238,237,95,154,128,119,223,159,273,158,8,122,127,140,116,193,91,118,4,168,169,6,142,123,135,138,132,120,104,97,358,137,133,136,124,106,111,108,139,141,113,131,117,92,313,318,61,411,341,105,319,54,99,342,274,315,408,314,344,148,60,62,320,267,316,268,356,96,351,18,153,114,121,134,413,412,57,115,231,125,130,5,56,110,271,65,72,191,67,277,355,87,89,68,76,370,374,71,377,17,275,346,74,371,276,55,367,73,152,357,109,75,335,59,196,343,194,63,195,220,70,33,215,347,166,173,64,170,143,34,401,354,144,151,149,222,353,406,150,407,163,405,227,192,228,190,226,221,233,82,225,234,235,352,366,83,85,84,53,176,232,303,350,86,365,189,177,345,364,363,167,219,302,362,175,14,81,11,13,32,10,80,180,31,174,349,181,348,12,216,217,188,218,361,183,481,179,79,301,182,427,16,430,487,429,428,15,0,455,445,19,450,448,1,260,453,484,464,446,485,442,439,432,456,479,431,451,438,449,447,467,470,28,452,436,458,465,462,473,461,422,20,433,488,476,257,256,459,471,437,468,477,474,454,517,457,509,423,444,259,258,480,486,482,483,506,187,508,359,21,185,184,186,23,22,24,25,360,26,498,528,29,27,30,425,322,489,324,323,388,325,510,526,527,503,490,390,391,499,525,515,321,504,505,389,507,426,500,434,435,497,523,524,529,516,533,424,501,101,102,103,512,513,511,514,519,502,518,329,327,330,521,520,494,522,326,331,2,328,492,491,530,535,532,534,496,531,495,536,493,
402,369,403,404,309,69,241,311,250,254,305,310,308,306,253,304,255,247,252,246,251,410,243,242,249,248,240,245,466,478,244,463,90,368,475,295,419,469,472,307,312,460,417,293,298,297,376,286,421,409,375,281,287,239,300,292,290,299,443,420,338,198,373,214,211,415,418,339,209,203,416,269,157,202,210,398,204,205,201,200,207,208,291,289,288,98,206,212,213,387,50,334,88,385,372,384,280,383,414,178,262,263,393,395,52,49,337,93,441,272,146,48,171,164,332,47,392,381,165,294,41,285,382,44,386,45,51,397,284,378,379,396,380,147,278,46,283,282,394,270,296,145,36,38,224,35,37,39,40,279,66,43,162,42,399,400,156,94,9,230,3,333,77,78,100,440,172,265,199,197,161,107,317,261,264,266,336,58,160,129,126,229,7,155,236,112,340,238,237,95,128,154,119,223,159,122,158,8,273,127,116,193,140,91,118,4,168,6,169,142,120,132,135,123,138,104,133,136,97,358,137,124,106,111,139,108,113,131,141,313,117,92,61,105,341,411,318,319,342,274,99,54,408,315,344,314,148,62,60,320,267,268,316,356,96,153,18,351,121,57,412,413,134,114,231,130,115,125,110,5,56,67,65,72,271,191,277,87,355,89,76,68,374,377,71,370,17,275,74,346,371,276,367,55,73,152,357,109,75,335,59,196,194,343,195,63,220,215,33,70,166,347,64,173,170,34,401,143,354,144,151,149,222,353,407,406,150,405,163,227,221,228,226,190,233,192,82,225,235,234,352,85,83,366,84,176,53,303,232,86,350,189,177,365,345,364,362,363,302,219,167,175,14,81,11,13,10,32,80,31,180,174,181,349,348,12,217,216,188,218,361,183,179,481,301,79,182,427,16,430,487,428,429,15,0,455,445,450,19,1,448,453,260,464,446,484,485,442,432,439,479,456,451,431,438,449,447,467,470,28,452,436,462,458,465,473,461,422,20,433,488,476,257,459,437,256,477,468,471,474,454,517,457,509,259,423,444,258,480,482,486,483,506,187,508,359,21,185,22,24,23,186,184,25,360,26,498,528,29,425,27,30,322,489,324,325,323,388,510,526,527,503,490,390,525,391,499,515,321,504,389,505,426,507,500,434,435,497,523,424,524,529,516,533,101,501,513,102,514,511,103,512,519,502,518,329,330,327,522,326,494,520,521,331,328,2,532,495,535,496,493,531,534,492,530,491,536,
402,369,403,404,309,69,241,311,250,254,305,310,308,306,253,304,255,247,252,246,251,410,243,242,248,249,240,245,466,478,244,463,368,90,475,295,419,469,472,307,312,460,417,293,298,297,376,286,421,409,375,281,287,239,300,292,290,299,443,420,338,198,373,214,211,418,415,339,203,209,416,269,157,202,210,398,204,205,201,200,208,207,291,289,288,206,98,212,213,50,387,334,88,385,372,384,383,280,414,178,263,262,393,395,52,49,337,93,272,441,146,48,171,164,332,47,381,165,392,294,285,386,41,44,382,45,51,284,397,379,378,380,396,147,46,278,283,282,394,270,296,145,36,38,224,35,37,39,40,66,279,43,162,42,399,156,400,94,230,9,3,333,77,100,78,440,172,265,199,197,107,161,317,264,261,266,336,129,160,58,126,229,7,112,155,236,340,95,237,238,154,119,128,223,159,158,273,8,122,127,140,116,193,91,118,4,168,169,6,142,132,123,120,138,135,104,137,358,133,97,136,106,124,139,111,108,141,131,113,117,92,313,61,411,318,105,341,319,99,342,274,54,315,408,314,344,62,148,60,320,316,268,356,267,96,351,153,18,121,57,413,412,134,114,130,231,125,115,56,110,5,67,72,271,65,191,355,87,277,89,76,68,17,370,377,374,71,346,275,74,371,276,367,55,73,152,357,109,335,75,59,196,343,194,195,63,220,33,70,215,347,166,64,173,170,34,401,143,354,144,151,149,353,222,406,150,407,163,405,227,192,221,233,190,226,228,225,82,234,235,352,83,84,366,85,232,303,53,176,350,86,189,365,177,364,345,362,219,363,302,167,81,175,14,11,13,32,10,174,80,31,180,349,181,12,348,218,188,217,216,361,183,179,481,79,301,182,427,16,430,487,429,428,0,15,455,445,19,450,448,1,453,260,446,464,484,485,442,432,439,456,479,438,451,431,447,449,470,467,28,452,436,462,465,458,473,461,422,20,488,476,433,257,256,477,437,474,471,459,468,454,517,457,509,444,423,259,258,486,480,482,483,506,187,508,359,21,185,23,24,184,22,186,25,360,26,498,528,30,425,29,27,489,324,322,323,325,388,526,510,527,503,525,390,391,499,490,515,321,505,389,504,426,507,434,500,435,523,497,529,516,524,424,533,101,501,102,514,511,512,103,513,519,502,330,327,518,329,494,522,326,520,521,2,328,331,491,534,530,531,492,495,532,536,496,535,493,
402,369,403,404,309,69,241,311,250,254,305,310,308,306,253,304,255,247,252,246,251,410,243,242,249,248,240,245,466,478,244,463,475,90,368,295,419,469,472,307,312,460,417,293,298,297,376,286,421,375,409,281,287,239,300,292,290,299,443,420,338,198,373,214,211,418,415,339,203,209,416,269,157,202,210,204,398,205,201,200,208,207,291,289,288,98,206,212,213,50,387,334,88,385,372,384,280,383,414,178,263,262,393,395,52,49,337,93,272,441,48,146,171,164,332,47,165,381,392,294,382,45,386,44,41,285,284,51,397,380,379,378,396,147,46,278,283,282,394,270,296,36,145,38,224,37,35,39,40,279,66,43,162,42,399,400,156,94,230,9,3,333,77,100,78,440,172,265,199,197,161,107,317,261,264,266,336,58,129,160,126,229,7,155,236,112,340,95,237,238,128,119,154,223,159,158,122,273,8,127,193,116,140,91,118,4,168,6,169,142,104,135,123,120,138,132,137,358,133,136,97,106,124,139,108,111,113,141,131,92,117,313,61,105,318,411,341,319,99,274,54,342,315,408,314,344,148,60,62,320,268,356,267,316,96,351,153,18,134,57,413,114,121,412,125,130,231,115,5,110,56,271,72,67,191,65,87,277,355,89,76,68,377,374,370,17,71,346,74,275,371,276,55,367,73,152,357,109,75,335,59,196,343,194,195,63,220,70,33,215,166,347,64,173,170,401,143,34,354,144,151,149,353,222,150,407,406,405,163,227,190,221,228,233,226,192,225,82,234,235,352,83,85,366,84,303,176,232,53,86,350,365,177,189,345,364,363,302,219,362,167,175,81,14,11,32,13,10,31,80,174,180,181,349,12,348,217,216,218,188,361,183,179,481,79,301,182,427,16,430,487,428,429,0,15,455,445,19,450,448,1,453,260,446,464,484,442,485,439,432,456,479,431,438,451,447,449,467,470,28,436,452,462,458,465,473,461,422,20,476,488,433,257,459,256,471,474,437,468,477,454,517,457,509,444,423,259,258,480,486,482,483,506,187,508,359,21,185,24,186,184,22,23,25,360,26,498,528,27,29,425,30,324,489,322,388,323,325,510,526,527,503,499,390,525,490,391,515,321,504,505,389,507,426,434,500,435,497,523,524,533,529,516,424,101,501,103,512,514,102,513,511,519,502,518,329,327,330,520,522,494,521,326,2,331,328,531,534,530,491,495,535,532,536,493,496,492,
402,369,403,404,309,69,241,311,250,254,305,308,310,306,253,304,255,247,252,246,251,410,243,242,249,248,240,245,466,478,244,463,368,90,475,295,419,469,472,307,312,460,417,293,298,297,376,286,421,375,409,281,287,239,300,292,290,299,443,420,338,198,373,214,211,418,415,339,209,203,416,269,157,210,202,204,398,205,201,200,208,207,291,289,288,206,98,212,213,50,387,334,88,385,372,384,280,383,414,178,262,263,393,395,52,49,337,93,441,272,48,146,171,164,332,47,392,381,165,294,44,45,285,386,41,382,51,284,397,379,380,378,396,147,278,46,283,282,270,394,296,36,145,38,224,37,35,39,66,279,40,43,162,42,399,400,156,94,9,230,3,333,77,78,100,440,172,265,199,197,161,107,317,261,264,266,336,58,129,160,126,229,7,112,236,155,340,238,95,237,119,128,154,223,159,273,8,122,158,127,116,140,193,91,118,4,168,6,169,142,120,138,123,104,135,132,137,358,97,133,136,106,124,111,108,139,141,113,131,92,117,313,411,61,105,341,318,319,274,54,99,342,315,408,344,314,60,148,62,320,316,267,356,268,96,351,18,153,412,134,121,114,57,413,115,125,231,130,110,5,56,72,67,271,191,65,355,87,277,89,68,76,17,377,374,370,71,275,74,346,371,276,55,367,152,73,357,109,335,75,59,196,343,194,195,63,220,33,215,70,166,347,64,173,170,34,401,143,354,144,149,151,353,222,406,407,150,405,227,163,192,233,190,226,221,228,82,225,235,234,352,83,85,84,366,53,232,176,303,350,86,177,365,189,364,345,302,219,167,363,362,81,14,175,11,10,32,13,180,31,174,80,349,181,12,348,217,218,188,216,361,183,179,481,301,79,182,427,16,430,487,429,428,15,0,455,445,450,19,448,1,260,453,484,464,446,485,442,432,439,456,479,438,431,451,449,447,467,470,28,436,452,465,458,462,473,422,461,20,433,476,488,257,437,474,256,459,471,468,477,454,517,457,509,259,444,423,258,480,486,482,483,506,187,508,359,21,185,24,186,22,23,184,25,360,26,528,498,27,425,30,29,324,489,322,325,388,323,526,510,527,499,391,525,390,490,503,515,321,389,504,505,507,426,500,434,435,523,497,424,516,529,524,533,501,101,514,102,513,511,103,512,519,502,329,327,518,330,522,326,494,520,521,2,331,328,491,492,534,493,531,530,495,536,496,532,535,
402,369,403,404,309,69,241,311,250,254,305,308,310,306,253,304,255,247,252,246,251,410,243,242,249,248,240,245,466,478,244,463,475,90,368,295,419,469,472,307,312,460,417,293,298,297,376,286,421,375,409,281,287,239,300,292,290,299,443,420,338,198,373,214,211,415,418,339,209,203,416,269,157,202,210,398,204,205,201,200,207,208,291,289,288,206,98,212,213,50,387,334,88,385,372,384,280,383,414,178,263,262,393,395,52,49,337,93,272,441,48,146,171,164,332,47,165,392,381,294,45,285,382,44,41,386,397,284,51,379,378,396,380,147,46,278,283,282,270,394,296,36,145,38,224,37,35,39,279,40,66,43,162,42,399,156,400,94,230,9,3,333,77,78,100,440,172,265,199,197,161,107,317,264,261,266,336,160,129,58,126,229,7,155,112,236,340,95,238,237,119,128,154,223,159,158,8,122,273,127,116,193,140,91,118,168,4,169,6,142,104,132,138,135,123,120,97,136,137,358,133,106,124,139,108,111,141,131,113,92,117,313,411,61,341,105,318,319,274,54,342,99,408,315,314,344,60,62,148,320,356,267,96,268,316,18,351,153,412,114,134,413,121,57,115,130,231,125,110,5,56,191,65,67,271,72,277,87,355,89,68,76,374,377,17,370,71,74,275,346,371,276,367,55,152,73,357,109,75,335,59,196,194,343,63,195,220,33,70,215,347,166,64,173,170,34,143,401,354,144,149,151,353,222,407,406,150,405,227,163,228,221,226,233,190,192,82,225,235,234,352,366,83,84,85,53,232,303,176,350,86,189,177,365,364,345,302,363,362,219,167,14,81,175,11,10,13,32,31,180,80,174,349,181,348,12,188,217,218,216,361,183,179,481,301,79,182,427,16,430,487,428,429,0,15,455,445,450,19,448,1,453,260,446,464,484,442,485,439,432,479,456,451,438,431,447,449,470,467,28,436,452,458,462,465,473,461,422,20,433,476,488,257,477,471,459,256,468,437,474,454,517,457,509,444,259,423,258,486,482,480,483,506,187,508,359,21,185,24,184,23,186,22,25,360,26,528,498,425,30,27,29,324,322,489,388,323,325,526,510,527,490,525,503,391,499,390,515,321,389,505,504,507,426,434,500,435,497,523,424,524,516,529,533,501,101,103,102,513,511,514,512,519,502,330,329,327,518,520,522,326,494,521,331,328,2,536,535,491,496,532,495,530,534,531,493,492,
402,369,403,404,309,69,241,311,250,254,305,310,308,306,253,304,255,247,252,246,251,410,243,242,249,248,240,245,466,478,244,463,368,90,475,295,419,469,472,307,312,460,417,293,297,298,376,286,421,409,375,281,287,239,300,292,290,299,443,420,338,198,373,214,211,418,415,339,209,203,416,269,157,202,210,204,398,205,201,200,207,208,291,289,288,206,98,212,213,387,50,334,88,385,372,384,280,383,414,178,262,263,393,395,52,49,337,93,272,441,146,48,171,164,332,47,381,392,165,294,41,382,386,45,285,44,284,397,51,396,378,380,379,147,46,278,283,282,394,270,296,145,36,38,224,37,35,39,279,66,40,43,162,42,399,156,400,94,230,9,3,333,77,78,100,440,172,265,199,197,161,107,317,261,264,266,336,58,129,160,126,229,7,112,236,155,340,238,95,237,154,128,119,223,159,273,8,158,122,127,116,193,140,91,118,168,4,169,6,142,135,120,104,132,123,138,133,137,136,97,358,106,124,111,139,108,131,113,141,117,313,92,411,105,61,341,318,319,342,54,274,99,408,315,314,344,60,148,62,320,268,96,316,267,356,18,351,153,121,412,134,114,413,57,231,115,125,130,56,110,5,65,191,67,72,271,87,277,355,89,68,76,17,71,377,374,370,74,346,275,371,276,367,55,152,73,357,109,75,335,59,196,194,343,63,195,220,33,70,215,347,166,64,173,170,34,401,143,354,144,151,149,353,222,406,407,150,227,405,163,226,228,233,192,221,190,225,82,234,235,352,84,85,83,366,176,232,303,53,86,350,365,189,177,345,364,363,219,362,167,302,175,81,14,11,10,32,13,80,180,31,174,349,181,348,12,216,218,217,188,361,183,179,481,301,79,182,427,16,430,487,429,428,15,0,455,445,19,450,1,448,453,260,446,464,484,485,442,439,432,456,479,431,438,451,447,449,467,470,28,452,436,462,465,458,473,422,461,20,433,488,476,257,477,474,256,437,468,471,459,454,517,457,509,444,423,259,258,480,482,486,483,506,187,508,359,21,185,184,24,22,23,186,25,360,26,528,498,29,425,27,30,489,322,324,325,323,388,510,526,527,503,525,391,390,499,490,515,321,389,504,505,426,507,500,434,435,497,523,424,529,524,533,516,501,101,513,511,103,512,102,514,519,502,327,330,329,518,494,521,326,520,522,331,328,2,535,530,532,536,495,492,493,534,491,496,531,
402,369,403,404,309,69,241,311,250,254,305,310,308,306,253,304,255,247,252,246,251,410,243,242,248,249,240,245,466,478,244,463,475,368,90,295,419,469,472,307,312,460,417,293,298,297,376,286,421,409,375,281,287,239,300,292,290,299,443,420,338,198,373,214,211,418,415,339,203,209,269,416,157,202,210,204,398,205,201,200,207,208,291,289,288,206,98,212,213,387,50,334,88,385,372,384,280,383,414,178,263,262,393,395,52,49,337,93,272,441,48,146,171,164,332,47,165,392,381,294,386,45,41,382,44,285,284,51,397,378,396,379,380,147,46,278,283,282,270,394,296,145,36,38,224,35,37,39,40,279,66,43,162,42,399,400,156,94,9,230,3,333,77,100,78,440,172,265,199,197,107,161,317,261,264,266,336,129,160,58,126,229,7,112,236,155,340,238,95,237,119,128,154,223,159,8,273,122,158,127,116,193,140,91,118,4,168,6,169,142,120,104,132,138,123,135,358,137,133,136,97,106,124,108,139,111,131,113,141,313,92,117,341,61,411,105,318,319,99,54,342,274,315,408,344,314,62,60,148,320,316,267,96,268,356,153,351,18,57,134,114,412,413,121,125,115,231,130,5,110,56,72,67,65,191,271,87,277,355,89,68,76,71,374,377,370,17,346,275,74,276,371,55,367,152,73,357,109,75,335,59,196,343,194,63,195,220,70,215,33,166,347,173,64,170,143,401,34,354,144,151,149,222,353,150,407,406,163,405,227,190,226,192,221,233,228,225,82,235,234,352,366,85,84,83,303,176,53,232,350,86,365,177,189,345,364,219,362,167,363,302,175,14,81,11,32,10,13,180,80,174,31,181,349,12,348,216,188,217,218,361,183,481,179,79,301,182,427,16,430,487,429,428,0,15,455,445,19,450,448,1,453,260,464,484,446,485,442,432,439,456,479,431,451,438,447,449,467,470,28,436,452,465,458,462,473,422,461,20,433,488,476,257,471,459,468,474,437,256,477,454,517,457,509,444,423,259,258,480,486,482,483,506,187,508,359,21,185,24,23,186,184,22,25,360,26,528,498,29,425,30,27,324,322,489,388,325,323,526,510,527,525,490,499,390,391,503,515,321,504,389,505,426,507,434,500,435,497,523,533,529,516,424,524,101,501,103,514,511,512,102,513,519,502,329,330,518,327,326,494,520,521,522,328,331,2,531,536,492,493,535,532,534,491,496,530,495,
402,369,403,404,309,69,241,311,250,254,305,310,308,306,253,304,255,247,252,246,251,410,243,242,248,249,240,245,466,478,244,463,368,475,90,295,419,469,472,307,312,460,417,293,298,297,376,286,421,375,409,281,287,239,300,292,290,299,443,420,338,198,373,214,211,415,418,339,203,209,269,416,157,202,210,398,204,205,201,200,207,208,291,289,288,98,206,212,213,387,50,334,88,385,372,384,280,383,414,178,263,262,393,395,52,49,337,93,272,441,146,48,171,164,332,47,381,165,392,294,386,44,41,45,285,382,284,51,397,378,379,380,396,147,278,46,283,282,270,394,296,145,36,38,224,37,35,39,40,279,66,43,162,42,399,400,156,94,230,9,3,333,77,78,100,440,172,265,199,197,107,161,317,261,264,266,336,58,160,129,126,229,7,236,112,155,340,238,95,237,154,128,119,223,159,158,8,122,273,127,116,140,193,91,118,4,168,169,6,142,120,123,135,132,138,104,136,97,137,358,133,124,106,108,139,111,131,141,113,313,117,92,105,411,61,318,341,319,274,342,54,99,315,408,314,344,62,148,60,320,96,268,316,356,267,153,351,18,57,134,412,121,114,413,231,130,115,125,110,56,5,65,191,271,67,72,355,277,87,89,76,68,374,71,377,17,370,74,275,346,371,276,367,55,152,73,357,109,335,75,59,196,343,194,195,63,220,70,215,33,166,347,64,173,170,143,34,401,354,144,151,149,222,353,407,150,406,405,227,163,190,228,226,233,192,221,225,82,235,234,352,84,366,83,85,232,53,176,303,350,86,365,189,177,364,345,219,167,302,363,362,14,175,81,11,32,13,10,80,31,180,174,349,181,348,12,218,188,217,216,361,183,179,481,79,301,182,427,16,430,487,428,429,15,0,455,445,450,19,1,448,260,453,484,464,446,485,442,439,432,479,456,451,438,431,449,447,467,470,28,452,436,465,462,458,473,461,422,20,488,433,476,257,477,471,459,256,468,474,437,454,517,457,509,444,423,259,258,482,480,486,483,506,187,508,359,21,185,24,22,23,184,186,25,360,26,528,498,27,30,29,425,489,322,324,388,323,325,510,526,527,525,391,499,390,503,490,515,321,504,505,389,507,426,500,434,435,497,523,424,516,529,524,533,501,101,511,103,512,102,514,513,519,502,327,330,518,329,520,326,494,521,522,331,2,328,535,495,530,534,531,536,493,532,496,491,492,
402,369,403,404,309,69,241,311,250,254,305,310,308,306,253,304,255,247,252,246,251,410,243,242,248,249,240,245,466,478,244,463,368,90,475,295,419,469,472,307,312,460,417,293,297,298,376,286,421,409,375,281,287,239,300,292,290,299,443,420,338,198,373,214,211,415,418,339,209,203,269,416,157,210,202,204,398,205,201,200,208,207,291,289,288,206,98,212,213,387,50,334,88,385,372,384,280,383,414,178,262,263,393,395,52,49,337,93,441,272,48,146,171,164,332,47,381,165,392,294,41,386,285,44,382,45,51,284,397,380,396,378,379,147,46,278,283,282,394,270,296,145,36,38,224,35,37,39,66,279,40,43,162,42,399,400,156,94,230,9,3,333,77,100,78,440,172,265,199,197,161,107,317,264,261,266,336,129,160,58,126,229,7,236,155,112,340,95,238,237,154,128,119,223,159,8,122,158,273,127,193,140,116,91,118,4,168,169,6,142,123,132,120,138,135,104,97,358,136,137,133,124,106,139,111,108,113,141,131,92,313,117,411,105,341,61,318,319,99,342,274,54,408,315,314,344,148,60,62,320,268,96,316,267,356,153,351,18,57,114,121,413,134,412,130,125,115,231,56,110,5,65,72,271,67,191,87,277,355,89,68,76,370,377,374,71,17,74,275,346,371,276,55,367,73,152,357,109,75,335,59,196,343,194,63,195,220,33,70,215,166,347,64,173,170,143,401,34,354,144,151,149,222,353,150,406,407,405,227,163,192,221,190,228,226,233,82,225,235,234,352,83,85,366,84,53,232,176,303,350,86,365,189,177,345,364,302,167,362,363,219,14,175,81,11,32,10,13,174,180,31,80,181,349,348,12,218,216,217,188,361,183,179,481,79,301,182,427,16,430,487,428,429,15,0,455,445,450,19,1,448,453,260,464,484,446,442,485,439,432,456,479,431,438,451,449,447,467,470,28,436,452,458,462,465,473,422,461,20,476,433,488,257,474,437,471,256,468,459,477,454,517,457,509,259,423,444,258,480,486,482,483,506,187,508,359,21,185,22,184,23,186,24,25,360,26,498,528,30,27,425,29,322,324,489,388,325,323,510,526,527,391,503,499,490,525,390,515,321,504,505,389,507,426,434,500,435,497,523,524,529,516,424,533,101,501,511,514,513,512,102,103,519,502,518,329,327,330,494,521,326,522,520,328,2,331,534,535,495,491,492,493,531,532,536,496,530,
402,369,403,404,309,69,241,311,250,254,305,310,308,306,253,304,255,247,252,246,251,410,243,242,249,248,240,245,466,478,244,463,368,475,90,295,419,469,472,307,312,460,417,293,297,298,376,286,421,409,375,281,287,239,300,292,290,299,443,420,338,198,373,214,211,415,418,339,209,203,416,269,157,202,210,204,398,205,201,200,208,207,291,289,288,98,206,212,213,387,50,334,88,385,372,384,383,280,414,178,262,263,393,395,52,49,337,93,272,441,48,146,171,164,332,47,381,392,165,294,285,44,386,45,382,41,397,51,284,380,378,379,396,147,278,46,283,282,394,270,296,36,145,38,224,37,35,39,279,66,40,43,162,42,399,156,400,94,9,230,3,333,77,78,100,440,172,265,199,197,107,161,317,261,264,266,336,58,160,129,126,229,7,112,236,155,340,237,238,95,154,119,128,223,159,8,158,122,273,127,116,193,140,91,118,4,168,6,169,142,123,120,135,138,132,104,137,358,97,136,133,106,124,139,108,111,113,131,141,313,117,92,341,105,318,411,61,319,274,342,54,99,408,315,344,314,62,60,148,320,268,96,267,316,356,18,153,351,121,57,412,114,134,413,125,231,130,115,5,110,56,191,65,72,271,67,355,87,277,89,68,76,374,71,17,377,370,275,346,74,276,371,55,367,152,73,357,109,335,75,59,196,343,194,195,63,220,215,70,33,166,347,64,173,170,401,34,143,354,144,149,151,222,353,150,407,406,405,227,163,221,192,228,233,190,226,225,82,234,235,352,83,85,84,366,176,303,53,232,86,350,189,177,365,345,364,302,363,362,167,219,81,14,175,11,32,10,13,174,80,180,31,349,181,12,348,218,216,188,217,361,183,481,179,301,79,182,427,16,430,487,428,429,15,0,455,445,450,19,1,448,260,453,446,464,484,485,442,439,432,479,456,431,438,451,449,447,467,470,28,452,436,458,462,465,473,461,422,20,433,476,488,257,459,477,256,468,471,474,437,454,517,457,509,423,444,259,258,486,480,482,483,506,187,508,359,21,185,22,24,23,184,186,25,360,26,498,528,425,29,30,27,322,489,324,325,323,388,510,526,527,390,391,490,503,499,525,515,321,505,504,389,426,507,500,434,435,523,497,533,424,524,529,516,501,101,513,514,103,511,512,102,519,502,330,518,327,329,521,520,522,326,494,2,328,331,536,532,535,495,534,493,491,531,496,530,492,
402,369,403,404,309,69,241,311,250,254,305,310,308,306,253,304,255,247,252,246,251,410,243,242,248,249,240,245,466,478,244,463,475,368,90,295,419,469,472,307,312,460,417,293,297,298,376,286,421,409,375,281,287,239,300,292,290,299,443,420,338,198,373,214,211,415,418,339,203,209,416,269,157,210,202,398,204,205,201,200,208,207,291,289,288,206,98,212,213,387,50,334,88,385,372,384,280,383,414,178,263,262,393,395,52,49,337,93,441,272,146,48,171,164,332,47,392,165,381,294,44,285,386,41,382,45,284,51,397,380,396,378,379,147,46,278,283,282,270,394,296,145,36,38,224,37,35,39,279,40,66,43,162,42,399,400,156,94,230,9,3,333,77,100,78,440,172,265,199,197,161,107,317,261,264,266,336,160,129,58,126,229,7,236,112,155,340,237,238,95,119,128,154,223,159,8,122,273,158,127,116,140,193,91,118,168,4,6,169,142,123,135,138,104,120,132,97,133,358,136,137,124,106,111,139,108,113,131,141,92,313,117,105,411,61,341,318,319,274,54,342,99,408,315,314,344,148,60,62,320,96,356,316,268,267,351,18,153,114,134,412,121,413,57,231,115,125,130,110,5,56,271,191,67,65,72,87,277,355,89,76,68,71,370,17,377,374,74,275,346,276,371,367,55,152,73,357,109,75,335,59,196,194,343,195,63,220,33,70,215,347,166,64,173,170,401,143,34,354,144,151,149,353,222,150,407,406,405,227,163,228,190,221,192,226,233,225,82,235,234,352,366,85,83,84,232,303,176,53,350,86,365,177,189,345,364,302,167,363,219,362,175,14,81,11,32,13,10,174,31,180,80,181,349,348,12,218,217,216,188,361,183,179,481,301,79,182,427,16,430,487,429,428,15,0,455,445,19,450,448,1,453,260,484,446,464,485,442,439,432,479,456,438,451,431,447,449,467,470,28,436,452,458,462,465,473,461,422,20,433,476,488,257,471,459,437,477,468,256,474,454,517,457,509,423,259,444,258,486,482,480,483,506,187,508,359,21,185,186,22,24,184,23,25,360,26,498,528,30,425,27,29,324,489,322,323,388,325,526,510,527,391,503,490,499,525,390,515,321,504,505,389,507,426,500,434,435,523,497,533,424,529,516,524,101,501,511,512,102,103,514,513,519,502,518,327,329,330,494,326,520,521,522,2,328,331,532,493,530,495,496,531,492,535,491,536,534,
402,369,403,404,309,69,241,311,250,254,305,308,310,306,253,304,255,247,252,246,251,410,243,242,249,248,240,245,466,478,244,463,368,90,475,295,419,469,472,307,312,460,417,293,297,298,376,286,421,409,375,281,287,239,300,292,290,299,443,420,338,198,373,214,211,415,418,339,209,203,269,416,157,210,202,398,204,205,201,200,208,207,291,289,288,206,98,212,213,50,387,334,88,385,372,384,383,280,414,178,262,263,393,395,52,49,337,93,441,272,146,48,171,164,332,47,381,165,392,294,41,386,44,382,45,285,51,284,397,379,378,380,396,147,46,278,283,282,394,270,296,36,145,38,224,37,35,39,279,40,66,43,162,42,399,156,400,94,9,230,3,333,77,100,78,440,172,265,199,197,161,107,317,261,264,266,336,129,58,160,126,229,7,155,112,236,340,95,237,238,119,128,154,223,159,273,8,158,122,127,193,116,140,91,118,168,4,169,6,142,132,135,120,104,138,123,136,97,133,137,358,106,124,111,108,139,141,113,131,117,313,92,105,61,411,318,341,319,342,274,54,99,315,408,344,314,62,60,148,320,96,268,316,267,356,153,351,18,121,412,134,57,413,114,231,125,130,115,5,110,56,191,65,67,271,72,277,355,87,89,68,76,17,377,71,370,374,74,275,346,276,371,367,55,152,73,357,109,75,335,59,196,343,194,195,63,220,33,215,70,347,166,64,173,170,143,401,34,354,144,151,149,353,222,150,406,407,227,405,163,233,226,192,228,221,190,82,225,235,234,352,85,366,84,83,176,303,53,232,86,350,189,365,177,364,345,219,363,362,302,167,81,14,175,11,13,32,10,174,180,80,31,349,181,12,348,216,218,188,217,361,183,481,179,301,79,182,427,16,430,487,428,429,0,15,455,445,450,19,1,448,260,453,464,484,446,485,442,432,439,456,479,431,438,451,449,447,467,470,28,452,436,462,458,465,473,422,461,20,433,476,488,257,477,471,474,256,459,437,468,454,517,457,509,423,259,444,258,482,480,486,483,506,187,508,359,21,185,23,184,186,22,24,25,360,26,498,528,30,27,425,29,324,489,322,325,323,388,526,510,527,390,499,391,490,525,503,515,321,504,389,505,507,426,500,434,435,497,523,529,424,524,533,516,501,101,514,511,513,512,102,103,519,502,327,330,329,518,520,522,521,326,494,331,2,328,532,491,534,493,531,536,496,530,495,492,535,
402,369,403,404,309,69,241,311,250,254,305,310,308,306,253,304,255,247,252,246,251,410,243,242,249,248,240,245,466,478,244,463,475,368,90,295,419,469,472,307,312,460,417,293,297,298,376,286,421,409,375,281,287,239,300,292,290,299,443,420,338,198,373,214,211,415,418,339,209,203,269,416,157,210,202,204,398,205,201,200,207,208,291,289,288,98,206,212,213,387,50,334,88,385,372,384,383,280,414,178,262,263,393,395,52,49,337,93,272,441,48,146,171,164,332,47,381,165,392,294,285,44,386,45,382,41,51,284,397,396,379,380,378,147,278,46,283,282,270,394,296,145,36,38,224,35,37,39,66,279,40,43,162,42,399,156,400,94,9,230,3,333,77,100,78,440,172,265,199,197,107,161,317,261,264,266,336,129,160,58,126,229,7,155,112,236,340,237,238,95,154,119,128,223,159,273,8,122,158,127,116,140,193,91,118,168,4,169,6,142,104,138,135,132,123,120,358,137,133,136,97,106,124,139,108,111,113,131,141,117,92,313,105,341,61,411,318,319,99,54,274,342,408,315,314,344,62,60,148,320,96,267,316,356,268,351,18,153,57,134,413,121,114,412,125,115,231,130,5,110,56,271,65,72,191,67,277,355,87,89,76,68,377,370,71,374,17,346,74,275,371,276,55,367,152,73,357,109,335,75,59,196,194,343,63,195,220,215,33,70,166,347,64,173,170,143,34,401,354,144,149,151,222,353,406,150,407,405,227,163,233,221,190,226,228,192,225,82,234,235,352,83,366,84,85,303,232,53,176,350,86,365,177,189,345,364,363,167,302,362,219,175,81,14,11,10,13,32,174,80,180,31,181,349,348,12,218,188,216,217,361,183,179,481,301,79,182,427,16,430,487,429,428,0,15,455,445,19,450,1,448,260,453,446,484,464,485,442,439,432,479,456,431,451,438,447,449,470,467,28,452,436,458,462,465,473,461,422,20,476,488,433,257,437,256,477,474,468,459,471,454,517,457,509,444,259,423,258,486,480,482,483,506,187,508,359,21,185,184,24,22,186,23,25,360,26,528,498,27,30,29,425,324,322,489,325,323,388,526,510,527,499,490,503,525,391,390,515,321,505,504,389,507,426,434,500,435,523,497,516,533,424,529,524,501,101,512,514,103,513,511,102,519,502,327,329,330,518,522,494,520,326,521,2,331,328,491,532,492,535,496,536,530,534,531,495,493,
402,369,403,404,309,69,241,311,250,254,305,310,308,306,253,304,255,247,252,246,251,410,243,242,249,248,240,245,466,478,244,463,475,90,368,295,419,469,472,307,312,460,417,293,298,297,376,286,421,409,375,281,287,239,300,292,290,299,443,420,338,198,373,214,211,418,415,339,203,209,269,416,157,210,202,398,204,205,201,200,208,207,291,289,288,98,206,212,213,50,387,334,88,385,372,384,383,280,414,178,263,262,393,395,52,49,337,93,441,272,48,146,171,164,332,47,165,392,381,294,41,285,382,386,45,44,397,284,51,379,378,396,380,147,46,278,283,282,394,270,296,145,36,38,224,37,35,39,40,66,279,43,162,42,399,156,400,94,230,9,3,333,77,78,100,440,172,265,199,197,161,107,317,261,264,266,336,129,160,58,126,229,7,155,236,112,340,237,238,95,154,119,128,223,159,8,158,122,273,127,140,116,193,91,118,168,4,6,169,142,104,123,138,132,120,135,133,136,137,97,358,106,124,111,108,139,113,131,141,92,313,117,61,105,411,318,341,319,342,99,54,274,315,408,314,344,148,60,62,320,268,356,267,96,316,153,18,351,134,114,412,121,413,57,125,130,115,231,110,5,56,191,65,72,67,271,87,355,277,89,68,76,17,374,377,71,370,346,74,275,276,371,367,55,152,73,357,109,335,75,59,196,343,194,63,195,220,70,33,215,347,166,173,64,170,34,401,143,354,144,149,151,222,353,407,150,406,163,227,405,226,233,221,192,228,190,82,225,234,235,352,84,366,85,83,176,53,303,232,86,350,177,189,365,364,345,362,219,167,363,302,81,175,14,11,13,10,32,174,180,31,80,349,181,12,348,216,188,218,217,361,183,179,481,301,79,182,427,16,430,487,428,429,0,15,455,445,19,450,448,1,453,260,464,446,484,485,442,439,432,479,456,451,438,431,449,447,467,470,28,452,436,465,458,462,473,422,461,20,476,488,433,257,459,471,437,477,256,468,474,454,517,457,509,423,444,259,258,486,480,482,483,506,187,508,359,21,185,23,186,24,22,184,25,360,26,528,498,30,27,425,29,489,322,324,388,323,325,526,510,527,525,390,490,499,391,503,515,321,389,505,504,507,426,434,500,435,523,497,516,529,533,424,524,101,501,513,102,514,512,511,103,519,502,327,518,330,329,520,522,494,521,326,328,331,2,493,534,496,536,495,532,491,531,492,530,535,
402,369,403,404,309,69,241,311,250,254,305,310,308,306,253,304,255,247,252,246,251,410,243,242,248,249,240,245,466,478,244,463,368,475,90,295,419,469,472,307,312,460,417,293,298,297,376,286,421,409,375,281,287,239,300,292,290,299,443,420,338,198,373,214,211,418,415,339,209,203,269,416,157,202,210,398,204,205,201,200,208,207,291,289,288,98,206,212,213,387,50,334,88,385,372,384,280,383,414,178,262,263,393,395,52,49,337,93,272,441,146,48,171,164,332,47,381,165,392,294,382,386,285,45,44,41,397,284,51,380,379,396,378,147,46,278,283,282,270,394,296,145,36,38,224,37,35,39,279,40,66,43,162,42,399,400,156,94,9,230,3,333,77,100,78,440,172,265,199,197,161,107,317,264,261,266,336,129,58,160,126,229,7,236,155,112,340,95,238,237,128,119,154,223,159,158,273,122,8,127,140,193,116,91,118,4,168,169,6,142,120,104,138,123,132,135,136,97,133,137,358,106,124,108,139,111,113,141,131,117,92,313,105,318,411,61,341,319,274,54,99,342,408,315,314,344,148,60,62,320,316,96,356,267,268,18,153,351,57,412,114,134,413,121,130,125,231,115,56,110,5,72,271,67,191,65,355,277,87,89,76,68,370,17,377,374,71,275,346,74,276,371,55,367,73,152,357,109,75,335,59,196,343,194,63,195,220,215,70,33,347,166,173,64,170,34,143,401,354,144,151,149,222,353,407,150,406,163,227,405,228,233,192,190,226,221,82,225,235,234,352,84,85,83,366,232,303,53,176,350,86,365,189,177,364,345,302,167,362,219,363,175,81,14,11,13,10,32,80,174,180,31,349,181,348,12,217,218,216,188,361,183,481,179,301,79,182,427,16,430,487,428,429,15,0,455,445,450,19,448,1,260,453,484,464,446,442,485,432,439,479,456,431,438,451,447,449,467,470,28,436,452,458,462,465,473,461,422,20,433,476,488,257,459,477,471,256,474,437,468,454,517,457,509,444,259,423,258,482,480,486,483,506,187,508,359,21,185,184,23,24,22,186,25,360,26,528,498,425,30,27,29,322,489,324,388,325,323,526,510,527,525,490,391,503,499,390,515,321,504,389,505,426,507,500,434,435,497,523,516,424,533,524,529,501,101,102,511,512,103,513,514,519,502,327,329,330,518,494,326,520,522,521,2,328,331,496,492,530,493,532,536,491,531,534,535,495,
402,369,403,404,309,69,241,311,250,254,305,310,308,306,253,304,255,247,252,246,251,410,243,242,249,248,240,245,466,478,244,463,90,368,475,295,419,469,472,307,312,460,417,293,298,297,376,286,421,375,409,281,287,239,300,292,290,299,443,420,338,198,373,214,211,415,418,339,203,209,416,269,157,210,202,204,398,205,201,200,207,208,291,289,288,206,98,212,213,387,50,334,88,385,372,384,383,280,414,178,262,263,393,395,52,49,337,93,441,272,146,48,171,164,332,47,392,165,381,294,41,386,382,44,285,45,284,397,51,378,379,380,396,147,46,278,283,282,270,394,296,145,36,38,224,37,35,39,40,279,66,43,162,42,399,156,400,94,9,230,3,333,77,100,78,440,172,265,199,197,161,107,317,264,261,266,336,129,58,160,126,229,7,112,155,236,340,95,237,238,128,119,154,223,159,8,273,158,122,127,140,193,116,91,118,4,168,169,6,142,132,138,123,135,104,120,133,358,97,137,136,124,106,139,108,111,113,131,141,92,313,117,341,411,61,318,105,319,342,54,274,99,315,408,344,314,60,148,62,320,267,268,96,356,316,18,351,153,412,114,413,121,57,134,130,125,115,231,5,110,56,271,67,72,65,191,277,87,355,89,68,76,377,374,71,17,370,74,346,275,371,276,55,367,73,152,357,109,335,75,59,196,343,194,63,195,220,33,70,215,347,166,173,64,170,401,34,143,354,144,151,149,222,353,150,407,406,227,405,163,221,226,192,233,228,190,82,225,235,234,352,85,83,84,366,176,303,53,232,86,350,189,177,365,364,345,219,362,302,363,167,14,81,175,11,32,13,10,31,180,80,174,181,349,12,348,217,216,188,218,361,183,179,481,79,301,182,427,16,430,487,428,429,15,0,455,445,450,19,448,1,260,453,464,446,484,485,442,439,432,456,479,438,451,431,447,449,467,470,28,452,436,465,458,462,473,422,461,20,476,433,488,257,477,437,471,474,256,459,468,454,517,457,509,444,259,423,258,486,480,482,483,506,187,508,359,21,185,184,23,186,22,24,25,360,26,498,528,425,29,30,27,322,324,489,325,323,388,526,510,527,390,391,490,503,525,499,515,321,504,389,505,426,507,434,500,435,523,497,533,516,524,529,424,101,501,514,512,511,513,102,103,519,502,327,518,329,330,494,326,522,520,521,2,331,328,495,493,491,496,536,535,534,492,530,532,531,
402,369,403,404,309,69,241,311,250,254,305,308,310,306,253,304,255,247,252,246,251,410,243,242,249,248,240,245,466,478,244,463,368,90,475,295,419,469,472,307,312,460,417,293,298,297,376,286,421,409,375,281,287,239,300,292,290,299,443,420,338,198,373,214,211,418,415,339,203,209,269,416,157,210,202,398,204,205,201,200,208,207,291,289,288,206,98,212,213,387,50,334,88,385,372,384,280,383,414,178,262,263,393,395,52,49,337,93,441,272,48,146,171,164,332,47,381,392,165,294,44,382,41,45,285,386,397,51,284,380,379,378,396,147,46,278,283,282,270,394,296,145,36,38,224,35,37,39,279,66,40,43,162,42,399,156,400,94,230,9,3,333,77,78,100,440,172,265,199,197,107,161,317,261,264,266,336,58,129,160,126,229,7,155,112,236,340,95,238,237,154,119,128,223,159,273,8,122,158,127,193,116,140,91,118,168,4,6,169,142,132,120,104,138,123,135,137,133,136,358,97,106,124,139,108,111,113,131,141,117,313,92,411,105,318,341,61,319,99,342,274,54,315,408,314,344,148,60,62,320,268,267,356,96,316,351,18,153,121,114,412,57,134,413,130,231,125,115,110,5,56,65,67,191,72,271,87,277,355,89,68,76,374,17,71,370,377,275,346,74,276,371,55,367,73,152,357,109,335,75,59,196,343,194,63,195,220,70,33,215,166,347,173,64,170,34,401,143,354,144,151,149,353,222,406,150,407,227,405,163,190,221,228,233,192,226,82,225,234,235,352,83,84,85,366,232,53,303,176,350,86,189,177,365,345,364,219,302,167,363,362,81,175,14,11,13,32,10,31,180,80,174,349,181,348,12,217,216,188,218,361,183,179,481,79,301,182,427,16,430,487,428,429,15,0,455,445,450,19,1,448,453,260,446,464,484,442,485,432,439,456,479,451,431,438,449,447,467,470,28,436,452,465,458,462,473,461,422,20,488,476,433,257,471,468,474,459,477,256,437,454,517,457,509,444,259,423,258,480,486,482,483,506,187,508,359,21,185,186,24,184,22,23,25,360,26,498,528,425,29,30,27,489,324,322,325,388,323,526,510,527,525,391,503,390,490,499,515,321,504,389,505,426,507,434,500,435,523,497,533,524,424,529,516,101,501,514,512,102,513,103,511,519,502,327,330,329,518,326,522,520,494,521,2,328,331,530,491,493,535,496,492,532,536,495,531,534,
402,369,403,404,309,69,241,311,250,254,305,308,310,306,253,304,255,247,252,246,251,410,243,242,248,249,240,245,466,478,244,463,368,475,90,295,419,469,472,307,312,460,417,293,297,298,376,286,421,409,375,281,287,239,300,292,290,299,443,420,338,198,373,214,211,418,415,339,209,203,269,416,157,202,210,398,204,205,201,200,208,207,291,289,288,98,206,212,213,387,50,334,88,385,372,384,383,280,414,178,262,263,393,395,52,49,337,93,272,441,48,146,171,164,332,47,165,392,381,294,44,382,285,45,41,386,397,51,284,380,379,396,378,147,278,46,283,282,270,394,296,36,145,38,224,35,37,39,66,279,40,43,162,42,399,400,156,94,230,9,3,333,77,78,100,440,172,265,199,197,161,107,317,264,261,266,336,129,160,58,126,229,7,112,155,236,340,237,95,238,119,154,128,223,159,273,122,8,158,127,116,140,193,91,118,4,168,169,6,142,138,135,123,104,120,132,133,136,97,358,137,124,106,139,108,111,131,141,113,313,117,92,411,105,61,341,318,319,99,274,54,342,315,408,314,344,148,62,60,320,96,356,268,267,316,351,18,153,413,57,412,121,114,134,125,231,115,130,56,5,110,65,271,67,72,191,277,87,355,89,76,68,377,374,17,71,370,74,346,275,276,371,367,55,152,73,357,109,335,75,59,196,194,343,195,63,220,33,215,70,166,347,173,64,170,143,34,401,354,144,149,151,222,353,406,407,150,405,163,227,190,228,221,192,233,226,225,82,234,235,352,83,85,366,84,53,303,176,232,86,350,177,365,189,345,364,362,219,302,167,363,14,175,81,11,10,13,32,31,180,80,174,349,181,12,348,218,216,217,188,361,183,179,481,79,301,182,427,16,430,487,429,428,15,0,455,445,450,19,448,1,260,453,446,464,484,442,485,439,432,456,479,451,431,438,447,449,467,470,28,436,452,458,465,462,473,422,461,20,476,488,433,257,437,256,474,471,459,477,468,454,517,457,509,259,444,423,258,482,480,486,483,506,187,508,359,21,185,184,24,23,186,22,25,360,26,528,498,30,29,27,425,324,489,322,323,388,325,526,510,527,503,390,490,525,499,391,515,321,389,505,504,507,426,434,500,435,523,497,424,516,529,524,533,501,101,512,102,514,103,513,511,519,502,518,329,327,330,494,326,522,520,521,331,328,2,493,531,536,535,530,491,532,495,492,534,496,
402,369,403,404,309,69,241,311,250,254,305,310,308,306,253,304,255,247,252,246,251,410,243,242,249,248,240,245,466,478,244,463,90,475,368,295,419,469,472,307,312,460,417,293,297,298,376,286,421,409,375,281,287,239,300,292,290,299,443,420,338,198,373,214,211,415,418,339,209,203,269,416,157,210,202,204,398,205,201,200,207,208,291,289,288,206,98,212,213,50,387,334,88,385,372,384,280,383,414,178,262,263,393,395,52,49,337,93,272,441,48,146,171,164,332,47,381,165,392,294,44,285,41,382,386,45,51,284,397,379,396,380,378,147,278,46,283,282,394,270,296,36,145,38,224,35,37,39,40,279,66,43,162,42,399,156,400,94,230,9,3,333,77,100,78,440,172,265,199,197,107,161,317,264,261,266,336,160,129,58,126,229,7,112,155,236,340,238,237,95,119,154,128,223,159,158,8,122,273,127,116,193,140,91,118,4,168,169,6,142,123,120,138,132,104,135,97,136,137,358,133,106,124,139,111,108,113,141,131,92,313,117,411,341,105,318,61,319,99,342,274,54,315,408,344,314,148,62,60,320,316,267,268,96,356,18,351,153,412,114,57,413,121,134,125,115,130,231,56,5,110,67,65,72,191,271,355,87,277,89,76,68,377,370,17,374,71,275,74,346,371,276,367,55,152,73,357,109,335,75,59,196,194,343,63,195,220,215,70,33,166,347,173,64,170,401,143,34,354,144,151,149,222,353,150,407,406,227,163,405,221,233,190,228,192,226,225,82,235,234,352,83,85,366,84,176,232,303,53,350,86,177,189,365,364,345,302,362,219,363,167,175,14,81,11,32,13,10,31,180,174,80,181,349,348,12,188,217,218,216,361,183,179,481,79,301,182,427,16,430,487,429,428,0,15,455,445,19,450,1,448,453,260,446,464,484,442,485,439,432,456,479,431,451,438,447,449,470,467,28,436,452,458,465,462,473,422,461,20,433,488,476,257,459,468,437,474,471,256,477,454,517,457,509,423,444,259,258,486,482,480,483,506,187,508,359,21,185,186,184,23,24,22,25,360,26,498,528,27,29,425,30,489,322,324,323,325,388,510,526,527,490,499,525,391,503,390,515,321,505,389,504,426,507,434,500,435,523,497,533,529,516,424,524,101,501,512,102,511,514,513,103,519,502,518,327,330,329,521,494,522,326,520,331,328,2,491,532,531,493,536,492,534,530,495,496,535,
402,369,403,404,309,69,241,311,250,254,305,308,310,306,253,304,255,247,252,246,251,410,243,242,249,248,240,245,466,478,244,463,475,90,368,295,419,469,472,307,312,460,417,293,298,297,376,286,421,375,409,281,287,239,300,292,290,299,443,420,338,198,373,214,211,418,415,339,209,203,269,416,157,210,202,204,398,205,201,200,207,208,291,289,288,98,206,212,213,50,387,334,88,385,372,384,383,280,414,178,262,263,393,395,52,49,337,93,441,272,146,48,171,164,332,47,381,392,165,294,44,45,386,41,382,285,51,284,397,378,379,380,396,147,278,46,283,282,394,270,296,36,145,38,224,35,37,39,40,279,66,43,162,42,399,400,156,94,230,9,3,333,77,100,78,440,172,265,199,197,161,107,317,261,264,266,336,129,160,58,126,229,7,155,236,112,340,95,237,238,154,128,119,223,159,122,8,158,273,127,140,116,193,91,118,168,4,169,6,142,120,132,135,138,123,104,137,136,358,133,97,106,124,111,108,139,141,113,131,313,117,92,318,61,411,105,341,319,274,54,342,99,315,408,314,344,60,62,148,320,267,356,316,96,268,351,153,18,134,114,413,121,412,57,115,130,125,231,56,110,5,65,191,271,67,72,355,277,87,89,68,76,370,17,374,377,71,74,275,346,371,276,55,367,73,152,357,109,75,335,59,196,194,343,195,63,220,33,215,70,347,166,173,64,170,143,34,401,354,144,149,151,222,353,150,406,407,227,405,163,192,226,233,228,221,190,82,225,235,234,352,366,84,83,85,53,303,232,176,86,350,365,177,189,364,345,219,302,362,167,363,14,81,175,11,10,13,32,80,174,180,31,349,181,12,348,216,217,188,218,361,183,481,179,79,301,182,427,16,430,487,428,429,0,15,455,445,450,19,1,448,260,453,446,484,464,485,442,432,439,479,456,438,431,451,449,447,467,470,28,452,436,465,462,458,473,422,461,20,476,433,488,257,468,477,471,459,437,474,256,454,517,457,509,423,444,259,258,486,482,480,483,506,187,508,359,21,185,24,186,23,184,22,25,360,26,528,498,27,425,30,29,489,322,324,325,323,388,526,510,527,499,525,391,390,490,503,515,321,505,504,389,426,507,434,500,435,497,523,516,533,424,524,529,501,101,514,102,513,512,103,511,519,502,327,518,329,330,520,522,521,494,326,331,328,2,534,536,530,532,531,535,493,496,491,495,492,
402,369,403,404,309,69,241,311,250,254,305,310,308,306,253,304,255,247,252,246,251,410,243,242,249,248,240,245,466,478,244,463,90,475,368,295,419,469,472,307,312,460,417,293,298,297,376,286,421,375,409,281,287,239,300,292,290,299,443,420,338,198,373,214,211,418,415,339,209,203,269,416,157,202,210,398,204,205,201,200,208,207,291,289,288,98,206,212,213,50,387,334,88,385,372,384,383,280,414,178,262,263,393,395,52,49,337,93,441,272,146,48,171,164,332,47,381,392,165,294,382,44,45,386,41,285,51,284,397,378,380,396,379,147,46,278,283,282,270,394,296,36,145,38,224,37,35,39,279,66,40,43,162,42,399,156,400,94,9,230,3,333,77,100,78,440,172,265,199,197,161,107,317,261,264,266,336,129,160,58,126,229,7,155,112,236,340,238,95,237,128,119,154,223,159,273,158,122,8,127,116,140,193,91,118,168,4,169,6,142,104,135,138,123,120,132,133,136,137,97,358,124,106,108,139,111,131,113,141,313,117,92,61,318,105,411,341,319,54,99,274,342,408,315,344,314,148,62,60,320,96,316,267,268,356,153,351,18,413,134,114,412,121,57,115,125,130,231,56,5,110,191,67,271,65,72,87,277,355,89,68,76,374,71,17,377,370,74,346,275,276,371,55,367,152,73,357,109,335,75,59,196,343,194,195,63,220,215,70,33,347,166,173,64,170,34,143,401,354,144,149,151,222,353,406,407,150,163,227,405,228,226,192,233,221,190,82,225,234,235,352,84,85,83,366,53,176,232,303,86,350,189,365,177,345,364,363,167,302,219,362,14,81,175,11,13,32,10,80,31,174,180,181,349,12,348,217,188,218,216,361,183,179,481,79,301,182,427,16,430,487,428,429,0,15,455,445,19,450,1,448,260,453,464,446,484,485,442,439,432,479,456,451,431,438,449,447,467,470,28,452,436,465,458,462,473,461,422,20,488,476,433,257,474,477,468,459,256,471,437,454,517,457,509,444,423,259,258,480,482,486,483,506,187,508,359,21,185,24,186,22,184,23,25,360,26,498,528,30,29,27,425,322,324,489,325,388,323,510,526,527,390,499,525,490,503,391,515,321,504,389,505,507,426,500,434,435,523,497,516,529,424,524,533,101,501,513,512,102,511,103,514,519,502,518,330,329,327,522,520,494,326,521,328,331,2,491,495,532,492,531,493,496,536,534,530,535,
402,369,403,404,309,69,241,311,250,254,305,308,310,306,253,304,255,247,252,246,251,410,243,242,249,248,240,245,466,478,244,463,475,90,368,295,419,469,472,307,312,460,417,293,298,297,376,286,421,375,409,281,287,239,300,292,290,299,443,420,338,198,373,214,211,418,415,339,209,203,269,416,157,210,202,204,398,205,201,200,208,207,291,289,288,98,206,212,213,387,50,334,88,385,372,384,383,280,414,178,262,263,393,395,52,49,337,93,441,272,146,48,171,164,332,47,381,392,165,294,386,45,44,41,285,382,51,284,397,378,396,379,380,147,278,46,283,282,394,270,296,36,145,38,224,37,35,39,66,279,40,43,162,42,399,156,400,94,230,9,3,333,77,100,78,440,172,265,199,197,161,107,317,264,261,266,336,129,58,160,126,229,7,155,112,236,340,95,237,238,154,119,128,223,159,122,158,273,8,127,140,116,193,91,118,168,4,6,169,142,123,135,120,104,132,138,358,97,133,136,137,124,106,111,139,108,113,141,131,92,117,313,105,61,341,411,318,319,342,54,99,274,408,315,344,314,62,148,60,320,268,267,316,96,356,18,351,153,114,121,57,134,412,413,231,125,130,115,56,5,110,191,271,72,65,67,277,355,87,89,76,68,17,370,71,377,374,275,346,74,371,276,367,55,73,152,357,109,75,335,59,196,194,343,195,63,220,70,215,33,347,166,64,173,170,34,143,401,354,144,151,149,222,353,407,150,406,405,227,163,221,233,190,228,226,192,82,225,234,235,352,84,366,83,85,53,176,303,232,350,86,189,365,177,364,345,167,219,363,302,362,14,175,81,11,10,32,13,80,31,180,174,181,349,12,348,188,217,218,216,361,183,481,179,79,301,182,427,16,430,487,428,429,15,0,455,445,450,19,1,448,453,260,464,446,484,442,485,439,432,479,456,438,451,431,449,447,467,470,28,452,436,462,465,458,473,422,461,20,488,433,476,257,468,471,437,474,477,256,459,454,517,457,509,259,423,444,258,480,482,486,483,506,187,508,359,21,185,184,23,186,22,24,25,360,26,528,498,425,27,30,29,324,489,322,325,388,323,510,526,527,391,525,499,390,490,503,515,321,505,389,504,507,426,500,434,435,497,523,529,533,424,524,516,501,101,103,102,513,512,511,514,519,502,518,329,327,330,520,326,521,522,494,328,331,2,491,496,531,495,532,534,492,530,535,536,493,
402,369,403,404,309,69,241,311,250,254,305,308,310,306,253,304,255,247,252,246,251,410,243,242,249,248,240,245,466,478,244,463,90,475,368,295,419,469,472,307,312,460,417,293,297,298,376,286,421,375,409,281,287,239,300,292,290,299,443,420,338,198,373,214,211,418,415,339,203,209,269,416,157,210,202,398,204,205,201,200,208,207,291,289,288,206,98,212,213,387,50,334,88,385,372,384,383,280,414,178,263,262,393,395,52,49,337,93,441,272,48,146,171,164,332,47,165,381,392,294,45,382,44,386,285,41,284,51,397,396,379,380,378,147,278,46,283,282,394,270,296,36,145,38,224,35,37,39,40,279,66,43,162,42,399,400,156,94,9,230,3,333,77,100,78,440,172,265,199,197,161,107,317,261,264,266,336,160,58,129,126,229,7,155,236,112,340,237,95,238,128,154,119,223,159,273,8,122,158,127,116,140,193,91,118,168,4,6,169,142,135,123,138,132,104,120,136,137,97,358,133,106,124,139,111,108,131,141,113,92,117,313,105,341,411,61,318,319,54,274,99,342,408,315,344,314,60,62,148,320,96,268,316,267,356,351,18,153,412,114,134,413,57,121,125,130,115,231,56,5,110,191,65,72,67,271,355,277,87,89,76,68,17,374,377,370,71,275,74,346,371,276,55,367,152,73,357,109,75,335,59,196,343,194,195,63,220,215,33,70,347,166,64,173,170,143,34,401,354,144,149,151,222,353,150,407,406,405,227,163,190,221,226,228,233,192,225,82,234,235,352,85,84,366,83,53,303,232,176,86,350,365,177,189,345,364,302,167,362,363,219,175,81,14,11,10,32,13,174,80,31,180,181,349,348,12,217,188,218,216,361,183,179,481,301,79,182,427,16,430,487,429,428,0,15,455,445,19,450,448,1,453,260,484,464,446,442,485,439,432,456,479,438,451,431,449,447,470,467,28,452,436,462,458,465,473,461,422,20,476,433,488,257,437,256,474,459,471,477,468,454,517,457,509,259,423,444,258,482,486,480,483,506,187,508,359,21,185,22,184,24,186,23,25,360,26,498,528,27,30,425,29,324,322,489,323,388,325,526,510,527,390,391,503,490,525,499,515,321,389,504,505,426,507,434,500,435,523,497,533,516,529,424,524,101,501,102,513,514,512,511,103,519,502,330,327,329,518,326,520,522,494,521,328,2,331,536,493,534,492,535,532,530,531,495,491,496,
402,369,403,404,309,69,241,311,250,254,305,310,308,306,253,304,255,247,252,246,251,410,243,242,249,248,240,245,466,478,244,463,475,90,368,295,419,469,472,307,312,460,417,293,298,297,376,286,421,375,409,281,287,239,300,292,290,299,443,420,338,198,373,214,211,415,418,339,203,209,269,416,157,210,202,204,398,205,201,200,207,208,291,289,288,98,206,212,213,387,50,334,88,385,372,384,280,383,414,178,263,262,393,395,52,49,337,93,441,272,146,48,171,164,332,47,381,165,392,294,285,41,386,44,382,45,284,397,51,380,396,378,379,147,278,46,283,282,270,394,296,36,145,38,224,37,35,39,40,279,66,43,162,42,399,156,400,94,230,9,3,333,77,78,100,440,172,265,199,197,107,161,317,264,261,266,336,129,160,58,126,229,7,112,236,155,340,238,237,95,154,119,128,223,159,158,122,8,273,127,193,116,140,91,118,4,168,6,169,142,138,123,135,132,120,104,133,97,137,136,358,124,106,108,111,139,113,141,131,92,313,117,105,411,61,318,341,319,54,99,342,274,408,315,344,314,148,60,62,320,316,268,267,356,96,18,153,351,134,114,57,412,413,121,115,231,130,125,5,56,110,67,271,65,72,191,277,87,355,89,76,68,71,17,374,370,377,74,275,346,371,276,55,367,73,152,357,109,75,335,59,196,194,343,63,195,220,215,33,70,166,347,64,173,170,401,34,143,354,144,149,151,353,222,407,406,150,227,163,405,190,221,226,233,228,192,225,82,234,235,352,84,83,85,366,176,303,232,53,350,86,365,177,189,364,345,363,167,302,362,219,81,14,175,11,13,32,10,180,80,174,31,181,349,12,348,217,188,218,216,361,183,179,481,79,301,182,427,16,430,487,428,429,15,0,455,445,19,450,448,1,453,260,446,464,484,485,442,432,439,479,456,438,431,451,449,447,470,467,28,452,436,458,462,465,473,461,422,20,433,488,476,257,437,468,471,474,256,477,459,454,517,457,509,444,259,423,258,480,482,486,483,506,187,508,359,21,185,23,186,24,184,22,25,360,26,528,498,30,29,27,425,322,489,324,325,323,388,510,526,527,391,499,490,390,525,503,515,321,504,505,389,507,426,500,434,435,497,523,424,533,524,529,516,101,501,102,512,511,514,103,513,519,502,330,329,327,518,326,520,494,521,522,331,328,2,536,530,493,534,535,496,532,531,495,491,492,
402,369,403,404,309,69,241,311,250,254,305,308,310,306,253,304,255,247,252,246,251,410,243,242,248,249,240,245,466,478,244,463,90,475,368,295,419,469,472,307,312,460,417,293,298,297,376,286,421,409,375,281,287,239,300,292,290,299,443,420,338,198,373,214,211,418,415,339,203,209,269,416,157,202,210,398,204,205,201,200,207,208,291,289,288,206,98,212,213,50,387,334,88,385,372,384,280,383,414,178,263,262,393,395,52,49,337,93,272,441,146,48,171,164,332,47,381,392,165,294,386,44,382,45,41,285,284,397,51,396,380,378,379,147,46,278,283,282,394,270,296,36,145,38,224,37,35,39,40,66,279,43,162,42,399,400,156,94,9,230,3,333,77,78,100,440,172,265,199,197,107,161,317,261,264,266,336,160,129,58,126,229,7,155,112,236,340,95,238,237,154,128,119,223,159,158,122,8,273,127,193,140,116,91,118,168,4,6,169,142,104,138,120,123,132,135,137,358,133,136,97,106,124,108,111,139,141,113,131,92,117,313,411,61,105,341,318,319,274,54,342,99,315,408,344,314,62,148,60,320,316,356,268,96,267,18,153,351,134,413,412,57,114,121,231,130,115,125,56,110,5,67,72,65,271,191,355,87,277,89,68,76,374,71,377,370,17,346,74,275,276,371,55,367,152,73,357,109,75,335,59,196,343,194,63,195,220,33,70,215,347,166,173,64,170,34,143,401,354,144,151,149,353,222,406,407,150,163,405,227,226,228,221,190,233,192,82,225,234,235,352,83,84,366,85,232,53,303,176,86,350,177,189,365,364,345,167,363,362,302,219,175,81,14,11,13,10,32,80,174,31,180,349,181,12,348,218,188,217,216,361,183,179,481,79,301,182,427,16,430,487,429,428,15,0,455,445,19,450,1,448,453,260,464,446,484,442,485,439,432,456,479,431,438,451,449,447,467,470,28,436,452,458,465,462,473,461,422,20,476,488,433,257,468,477,437,256,474,471,459,454,517,457,509,444,259,423,258,486,480,482,483,506,187,508,359,21,185,186,23,24,22,184,25,360,26,528,498,30,27,29,425,489,324,322,388,325,323,526,510,527,525,391,490,499,390,503,515,321,505,504,389,426,507,434,500,435,497,523,529,424,516,533,524,101,501,512,511,102,513,103,514,519,502,518,329,327,330,521,494,326,522,520,328,331,2,536,491,531,496,530,493,535,534,492,532,495,
402,369,403,404,309,69,241,311,250,254,305,308,310,306,253,304,255,247,252,246,251,410,243,242,249,248,240,245,466,478,244,463,475,368,90,295,419,469,472,307,312,460,417,293,297,298,376,286,421,375,409,281,287,239,300,292,290,299,443,420,338,198,373,214,211,418,415,339,209,203,416,269,157,210,202,398,204,205,201,200,208,207,291,289,288,206,98,212,213,50,387,334,88,385,372,384,383,280,414,178,263,262,393,395,52,49,337,93,441,272,146,48,171,164,332,47,165,392,381,294,41,45,44,285,386,382,397,284,51,379,396,380,378,147,46,278,283,282,394,270,296,36,145,38,224,35,37,39,40,279,66,43,162,42,399,400,156,94,9,230,3,333,77,78,100,440,172,265,199,197,107,161,317,264,261,266,336,129,58,160,126,229,7,236,155,112,340,95,237,238,128,154,119,223,159,158,273,8,122,127,116,140,193,91,118,4,168,169,6,142,138,135,104,132,123,120,136,358,137,97,133,106,124,111,139,108,141,113,131,313,117,92,411,341,61,318,105,319,274,54,342,99,408,315,344,314,62,148,60,320,356,268,316,96,267,18,351,153,134,413,412,114,121,57,130,115,231,125,56,110,5,271,65,67,72,191,87,277,355,89,76,68,377,17,370,374,71,74,275,346,276,371,367,55,73,152,357,109,75,335,59,196,194,343,63,195,220,33,215,70,347,166,173,64,170,143,401,34,354,144,149,151,222,353,406,407,150,227,405,163,233,226,192,190,221,228,225,82,234,235,352,84,85,83,366,53,232,303,176,86,350,177,189,365,364,345,219,167,362,302,363,81,175,14,11,10,13,32,80,180,31,174,349,181,12,348,218,216,217,188,361,183,481,179,79,301,182,427,16,430,487,428,429,15,0,455,445,19,450,1,448,260,453,446,484,464,442,485,432,439,479,456,431,451,438,447,449,467,470,28,452,436,458,462,465,473,422,461,20,488,476,433,257,256,474,468,459,471,477,437,454,517,457,509,423,259,444,258,482,486,480,483,506,187,508,359,21,185,186,184,24,23,22,25,360,26,498,528,27,425,30,29,322,324,489,325,323,388,510,526,527,525,490,391,503,390,499,515,321,504,505,389,507,426,500,434,435,497,523,524,516,529,533,424,501,101,514,103,513,512,102,511,519,502,327,518,329,330,522,326,520,494,521,328,2,331,536,495,496,492,531,534,535,491,530,493,532,
402,369,403,404,309,69,241,311,250,254,305,310,308,306,253,304,255,247,252,246,251,410,243,242,248,249,240,245,466,478,244,463,475,90,368,295,419,469,472,307,312,460,417,293,298,297,376,286,421,409,375,281,287,239,300,292,290,299,443,420,338,198,373,214,211,415,418,339,209,203,416,269,157,210,202,398,204,205,201,200,207,208,291,289,288,206,98,212,213,387,50,334,88,385,372,384,383,280,414,178,262,263,393,395,52,49,337,93,272,441,48,146,171,164,332,47,392,381,165,294,41,382,45,44,285,386,397,284,51,379,378,380,396,147,46,278,283,282,270,394,296,36,145,38,224,35,37,39,279,40,66,43,162,42,399,400,156,94,9,230,3,333,77,78,100,440,172,265,199,197,107,161,317,261,264,266,336,58,129,160,126,229,7,112,155,236,340,95,237,238,119,128,154,223,159,122,8,273,158,127,193,140,116,91,118,4,168,6,169,142,132,135,138,104,123,120,97,133,136,137,358,124,106,139,111,108,113,131,141,92,117,313,318,105,341,411,61,319,342,99,274,54,408,315,314,344,62,148,60,320,267,96,356,316,268,153,351,18,114,134,57,412,413,121,115,125,231,130,56,110,5,67,65,72,191,271,355,87,277,89,76,68,17,370,374,377,71,275,346,74,371,276,367,55,73,152,357,109,335,75,59,196,194,343,63,195,220,33,215,70,347,166,173,64,170,401,34,143,354,144,149,151,222,353,150,407,406,163,405,227,192,221,226,190,228,233,82,225,234,235,352,366,83,84,85,232,53,303,176,350,86,189,177,365,364,345,363,219,167,302,362,175,81,14,11,10,13,32,31,180,80,174,181,349,348,12,216,188,217,218,361,183,481,179,79,301,182,427,16,430,487,429,428,0,15,455,445,19,450,448,1,453,260,464,484,446,442,485,432,439,479,456,451,438,431,447,449,467,470,28,452,436,458,465,462,473,422,461,20,476,488,433,257,459,437,477,256,468,471,474,454,517,457,509,444,423,259,258,486,482,480,483,506,187,508,359,21,185,22,186,184,23,24,25,360,26,528,498,425,27,30,29,489,322,324,325,388,323,526,510,527,525,490,499,503,390,391,515,321,505,389,504,426,507,434,500,435,523,497,533,516,424,524,529,101,501,513,512,514,511,103,102,519,502,329,327,330,518,521,520,494,522,326,2,331,328,535,491,536,532,493,492,530,531,496,534,495,
402,369,403,404,309,69,241,311,250,254,305,310,308,306,253,304,255,247,252,246,251,410,243,242,248,249,240,245,466,478,244,463,475,90,368,295,419,469,472,307,312,460,417,293,297,298,376,286,421,375,409,281,287,239,300,292,290,299,443,420,338,198,373,214,211,415,418,339,209,203,269,416,157,202,210,398,204,205,201,200,208,207,291,289,288,98,206,212,213,387,50,334,88,385,372,384,280,383,414,178,262,263,393,395,52,49,337,93,272,441,146,48,171,164,332,47,165,381,392,294,382,386,44,285,41,45,397,51,284,396,380,378,379,147,46,278,283,282,270,394,296,36,145,38,224,37,35,39,66,40,279,43,162,42,399,156,400,94,9,230,3,333,77,100,78,440,172,265,199,197,161,107,317,264,261,266,336,160,58,129,126,229,7,112,236,155,340,237,238,95,128,154,119,223,159,8,122,158,273,127,193,140,116,91,118,168,4,6,169,142,120,138,123,104,132,135,136,358,97,133,137,124,106,111,139,108,141,131,113,313,92,117,411,61,105,341,318,319,99,54,274,342,408,315,344,314,60,148,62,320,96,268,316,267,356,18,351,153,412,134,121,114,413,57,115,130,125,231,110,5,56,67,191,271,72,65,355,87,277,89,76,68,17,377,71,370,374,275,74,346,371,276,367,55,152,73,357,109,335,75,59,196,343,194,63,195,220,70,33,215,166,347,173,64,170,401,143,34,354,144,151,149,222,353,150,406,407,227,405,163,228,192,190,233,226,221,225,82,234,235,352,366,85,84,83,53,303,232,176,86,350,177,189,365,345,364,167,363,302,362,219,175,81,14,11,32,10,13,31,180,80,174,349,181,348,12,218,217,188,216,361,183,481,179,301,79,182,427,16,430,487,428,429,0,15,455,445,19,450,448,1,453,260,464,446,484,485,442,439,432,479,456,451,431,438,447,449,467,470,28,436,452,465,462,458,473,461,422,20,476,433,488,257,459,468,256,437,471,474,477,454,517,457,509,444,259,423,258,482,480,486,483,506,187,508,359,21,185,184,24,186,23,22,25,360,26,528,498,29,425,30,27,324,489,322,323,325,388,510,526,527,390,525,499,490,503,391,515,321,389,504,505,426,507,500,434,435,523,497,533,424,529,524,516,101,501,513,512,103,514,102,511,519,502,327,329,518,330,521,326,520,494,522,331,328,2,534,536,493,492,495,496,531,530,532,535,491,
402,369,403,404,309,69,241,311,250,254,305,310,308,306,253,304,255,247,252,246,251,410,243,242,248,249,240,245,466,478,244,463,90,368,475,295,419,469,472,307,312,460,417,293,297,298,376,286,421,409,375,281,287,239,300,292,290,299,443,420,338,198,373,214,211,418,415,339,209,203,269,416,157,202,210,204,398,205,201,200,208,207,291,289,288,206,98,212,213,387,50,334,88,385,372,384,280,383,414,178,262,263,393,395,52,49,337,93,272,441,146,48,171,164,332,47,392,165,381,294,382,41,45,386,285,44,284,397,51,380,378,396,379,147,278,46,283,282,394,270,296,36,145,38,224,37,35,39,40,66,279,43,162,42,399,400,156,94,9,230,3,333,77,78,100,440,172,265,199,197,107,161,317,264,261,266,336,160,58,129,126,229,7,155,112,236,340,237,95,238,128,119,154,223,159,273,158,8,122,127,193,140,116,91,118,4,168,169,6,142,135,123,132,138,104,120,133,358,97,136,137,124,106,111,139,108,113,131,141,117,92,313,105,411,341,61,318,319,342,99,274,54,315,408,344,314,148,60,62,320,356,268,316,267,96,351,153,18,121,57,114,413,134,412,130,115,125,231,56,110,5,271,72,65,191,67,355,87,277,89,76,68,374,370,71,17,377,275,74,346,371,276,55,367,73,152,357,109,75,335,59,196,194,343,195,63,220,33,70,215,347,166,173,64,170,401,34,143,354,144,149,151,222,353,406,150,407,227,405,163,192,221,228,226,233,190,82,225,234,235,352,83,84,85,366,176,232,303,53,86,350,365,189,177,364,345,167,219,302,363,362,14,81,175,11,13,32,10,180,31,174,80,349,181,12,348,218,217,216,188,361,183,179,481,301,79,182,427,16,430,487,429,428,15,0,455,445,450,19,448,1,453,260,446,464,484,442,485,439,432,479,456,451,431,438,447,449,467,470,28,436,452,465,462,458,473,422,461,20,433,488,476,257,474,468,256,471,437,477,459,454,517,457,509,444,423,259,258,480,486,482,483,506,187,508,359,21,185,22,24,184,23,186,25,360,26,528,498,29,27,30,425,489,324,322,325,388,323,526,510,527,499,503,490,390,391,525,515,321,505,389,504,507,426,500,434,435,523,497,533,529,516,524,424,501,101,103,511,102,513,512,514,519,502,330,329,327,518,494,521,520,326,522,331,2,328,534,496,536,493,531,530,535,532,491,495,492,
402,369,403,404,309,69,241,311,250,254,305,308,310,306,253,304,255,247,252,246,251,410,243,242,249,248,240,245,466,478,244,463,90,475,368,295,419,469,472,307,312,460,417,293,298,297,376,286,421,409,375,281,287,239,300,292,290,299,443,420,338,198,373,214,211,418,415,339,209,203,416,269,157,210,202,398,204,205,201,200,207,208,291,289,288,206,98,212,213,387,50,334,88,385,372,384,280,383,414,178,263,262,393,395,52,49,337,93,272,441,48,146,171,164,332,47,392,381,165,294,44,45,285,41,382,386,51,284,397,396,380,378,379,147,278,46,283,282,394,270,296,36,145,38,224,37,35,39,66,279,40,43,162,42,399,400,156,94,230,9,3,333,77,78,100,440,172,265,199,197,161,107,317,261,264,266,336,160,129,58,126,229,7,236,112,155,340,238,237,95,154,128,119,223,159,158,8,273,122,127,140,116,193,91,118,4,168,6,169,142,123,132,104,135,138,120,137,97,358,136,133,124,106,139,108,111,131,141,113,92,313,117,341,318,411,105,61,319,342,54,274,99,408,315,314,344,62,60,148,320,356,268,267,316,96,351,18,153,134,412,121,413,114,57,125,115,231,130,110,56,5,191,67,72,271,65,355,277,87,89,76,68,17,377,71,374,370,275,74,346,276,371,367,55,152,73,357,109,335,75,59,196,194,343,63,195,220,33,70,215,347,166,64,173,170,401,34,143,354,144,149,151,353,222,150,406,407,227,163,405,192,226,233,190,221,228,225,82,235,234,352,85,83,366,84,303,53,232,176,350,86,189,177,365,345,364,219,302,362,167,363,175,81,14,11,32,10,13,174,31,80,180,349,181,348,12,217,218,216,188,361,183,481,179,301,79,182,427,16,430,487,428,429,0,15,455,445,450,19,448,1,260,453,446,464,484,442,485,439,432,456,479,431,438,451,447,449,467,470,28,452,436,462,458,465,473,422,461,20,476,488,433,257,477,459,468,437,474,471,256,454,517,457,509,444,423,259,258,486,480,482,483,506,187,508,359,21,185,24,184,186,22,23,25,360,26,528,498,425,29,30,27,322,489,324,325,388,323,526,510,527,503,499,490,390,391,525,515,321,505,389,504,426,507,434,500,435,497,523,533,516,424,529,524,501,101,512,102,514,511,513,103,519,502,329,330,518,327,494,521,520,522,326,328,2,331,496,495,492,534,493,536,531,530,535,491,532,
402,369,403,404,309,69,241,311,250,254,305,308,310,306,253,304,255,247,252,246,251,410,243,242,249,248,240,245,466,478,244,463,475,368,90,295,419,469,472,307,312,460,417,293,297,298,376,286,421,375,409,281,287,239,300,292,290,299,443,420,338,198,373,214,211,415,418,339,209,203,416,269,157,210,202,398,204,205,201,200,207,208,291,289,288,206,98,212,213,387,50,334,88,385,372,384,383,280,414,178,262,263,393,395,52,49,337,93,441,272,146,48,171,164,332,47,165,392,381,294,45,382,386,41,44,285,397,51,284,380,396,378,379,147,278,46,283,282,394,270,296,145,36,38,224,35,37,39,66,279,40,43,162,42,399,400,156,94,230,9,3,333,77,100,78,440,172,265,199,197,107,161,317,261,264,266,336,129,160,58,126,229,7,112,236,155,340,95,237,238,154,128,119,223,159,273,8,158,122,127,116,193,140,91,118,168,4,6,169,142,135,138,104,123,132,120,136,97,133,137,358,124,106,111,108,139,141,131,113,117,313,92,105,411,341,61,318,319,99,274,342,54,408,315,344,314,148,60,62,320,267,356,316,96,268,351,153,18,57,121,412,134,413,114,231,130,115,125,5,56,110,72,67,271,191,65,355,87,277,89,76,68,374,71,370,377,17,74,275,346,371,276,367,55,73,152,357,109,75,335,59,196,343,194,195,63,220,33,215,70,166,347,64,173,170,143,34,401,354,144,151,149,222,353,150,406,407,227,163,405,190,221,192,228,226,233,225,82,234,235,352,83,366,84,85,303,53,232,176,350,86,365,189,177,345,364,363,167,302,362,219,175,81,14,11,13,10,32,80,174,31,180,349,181,12,348,188,218,217,216,361,183,179,481,79,301,182,427,16,430,487,428,429,0,15,455,445,450,19,1,448,260,453,446,484,464,442,485,432,439,456,479,451,438,431,449,447,470,467,28,436,452,458,462,465,473,422,461,20,476,488,433,257,477,256,437,459,471,474,468,454,517,457,509,259,444,423,258,480,486,482,483,506,187,508,359,21,185,184,23,186,22,24,25,360,26,528,498,29,27,30,425,489,324,322,388,325,323,510,526,527,490,503,525,391,390,499,515,321,504,505,389,507,426,500,434,435,497,523,524,516,529,533,424,101,501,103,512,102,514,511,513,519,502,329,327,518,330,521,522,520,326,494,2,331,328,530,492,531,496,535,536,532,493,495,534,491,
402,369,403,404,309,69,241,311,250,254,305,310,308,306,253,304,255,247,252,246,251,410,243,242,249,248,240,245,466,478,244,463,90,368,475,295,419,469,472,307,312,460,417,293,298,297,376,286,421,409,375,281,287,239,300,292,290,299,443,420,338,198,373,214,211,418,415,339,203,209,269,416,157,202,210,398,204,205,201,200,207,208,291,289,288,206,98,212,213,50,387,334,88,385,372,384,280,383,414,178,263,262,393,395,52,49,337,93,441,272,48,146,171,164,332,47,381,165,392,294,44,285,41,386,382,45,51,397,284,379,396,378,380,147,46,278,283,282,270,394,296,36,145,38,224,37,35,39,40,66,279,43,162,42,399,156,400,94,9,230,3,333,77,100,78,440,172,265,199,197,107,161,317,264,261,266,336,129,58,160,126,229,7,236,155,112,340,238,237,95,128,154,119,223,159,273,8,158,122,127,140,193,116,91,118,4,168,6,169,142,123,120,104,138,132,135,358,136,133,97,137,124,106,139,111,108,113,141,131,92,117,313,318,341,61,105,411,319,54,342,274,99,315,408,344,314,60,148,62,320,96,316,356,267,268,351,153,18,57,134,413,121,412,114,115,125,231,130,5,56,110,67,191,65,271,72,355,277,87,89,76,68,370,17,377,71,374,74,346,275,276,371,55,367,73,152,357,109,335,75,59,196,194,343,63,195,220,215,70,33,347,166,64,173,170,401,34,143,354,144,151,149,222,353,406,150,407,163,227,405,233,192,228,221,190,226,82,225,235,234,352,84,85,83,366,53,176,232,303,350,86,189,177,365,345,364,219,167,363,362,302,175,81,14,11,32,13,10,31,180,80,174,349,181,12,348,217,188,216,218,361,183,179,481,79,301,182,427,16,430,487,429,428,15,0,455,445,19,450,1,448,260,453,484,446,464,442,485,432,439,479,456,438,451,431,447,449,467,470,28,436,452,458,462,465,473,461,422,20,476,488,433,257,256,459,468,471,437,474,477,454,517,457,509,444,423,259,258,480,486,482,483,506,187,508,359,21,185,24,22,186,184,23,25,360,26,498,528,29,30,27,425,324,322,489,323,325,388,526,510,527,503,499,490,525,391,390,515,321,389,504,505,426,507,434,500,435,523,497,424,529,533,524,516,101,501,102,511,103,514,513,512,519,502,329,330,518,327,326,522,520,494,521,2,328,331,492,491,534,531,495,530,532,493,535,536,496,
402,369,403,404,309,69,241,311,250,254,305,308,310,306,253,304,255,247,252,246,251,410,243,242,249,248,240,245,466,478,244,463,475,90,368,295,419,469,472,307,312,460,417,293,297,298,376,286,421,409,375,281,287,239,300,292,290,299,443,420,338,198,373,214,211,418,415,339,209,203,416,269,157,202,210,398,204,205,201,200,208,207,291,289,288,98,206,212,213,387,50,334,88,385,372,384,280,383,414,178,263,262,393,395,52,49,337,93,441,272,146,48,171,164,332,47,381,392,165,294,44,285,41,386,45,382,284,51,397,380,396,379,378,147,278,46,283,282,270,394,296,145,36,38,224,37,35,39,279,40,66,43,162,42,399,156,400,94,230,9,3,333,77,100,78,440,172,265,199,197,161,107,317,264,261,266,336,58,160,129,126,229,7,236,155,112,340,237,238,95,119,154,128,223,159,8,122,273,158,127,193,116,140,91,118,168,4,6,169,142,123,132,135,120,138,104,133,137,136,358,97,124,106,139,108,111,141,113,131,117,313,92,61,411,341,318,105,319,274,54,99,342,315,408,314,344,148,60,62,320,267,96,356,316,268,153,18,351,121,412,114,134,57,413,231,130,115,125,56,110,5,271,65,191,67,72,87,277,355,89,68,76,374,71,377,370,17,74,275,346,371,276,55,367,152,73,357,109,75,335,59,196,343,194,63,195,220,215,70,33,347,166,64,173,170,401,143,34,354,144,151,149,222,353,407,150,406,405,227,163,192,226,190,228,221,233,225,82,235,234,352,83,366,84,85,53,176,303,232,86,350,177,189,365,345,364,219,167,363,362,302,81,14,175,11,10,32,13,174,180,80,31,181,349,348,12,217,188,218,216,361,183,481,179,301,79,182,427,16,430,487,428,429,0,15,455,445,19,450,448,1,453,260,464,484,446,442,485,432,439,479,456,438,431,451,449,447,467,470,28,452,436,458,462,465,473,461,422,20,433,476,488,257,477,256,437,474,459,468,471,454,517,457,509,259,444,423,258,480,486,482,483,506,187,508,359,21,185,23,22,186,24,184,25,360,26,528,498,27,425,30,29,324,489,322,325,323,388,510,526,527,525,499,503,490,391,390,515,321,505,504,389,426,507,500,434,435,497,523,424,529,524,533,516,101,501,512,513,102,514,103,511,519,502,329,327,330,518,326,494,522,520,521,2,331,328,492,530,493,491,532,495,531,535,496,534,536,
402,369,403,404,309,69,241,311,250,254,305,308,310,306,253,304,255,247,252,246,251,410,243,242,248,249,240,245,466,478,244,463,90,368,475,295,419,469,472,307,312,460,417,293,298,297,376,286,421,409,375,281,287,239,300,292,290,299,443,420,338,198,373,214,211,415,418,339,209,203,269,416,157,210,202,204,398,205,201,200,207,208,291,289,288,206,98,212,213,50,387,334,88,385,372,384,280,383,414,178,262,263,393,395,52,49,337,93,272,441,146,48,171,164,332,47,381,392,165,294,45,285,44,382,386,41,51,397,284,396,378,380,379,147,46,278,283,282,394,270,296,145,36,38,224,37,35,39,279,66,40,43,162,42,399,156,400,94,230,9,3,333,77,100,78,440,172,265,199,197,107,161,317,264,261,266,336,58,129,160,126,229,7,155,112,236,340,238,95,237,154,128,119,223,159,158,273,8,122,127,140,116,193,91,118,168,4,6,169,142,138,132,120,123,135,104,97,133,137,358,136,106,124,111,108,139,141,113,131,313,92,117,61,318,411,105,341,319,342,54,274,99,408,315,314,344,60,62,148,320,316,268,267,96,356,153,351,18,412,114,134,57,121,413,130,115,125,231,56,5,110,72,67,65,191,271,277,355,87,89,68,76,17,370,374,71,377,346,275,74,276,371,55,367,152,73,357,109,335,75,59,196,343,194,63,195,220,215,70,33,347,166,64,173,170,401,143,34,354,144,151,149,353,222,406,150,407,227,163,405,221,192,226,190,233,228,82,225,235,234,352,83,366,85,84,176,53,303,232,350,86,177,365,189,345,364,167,363,362,302,219,14,175,81,11,32,13,10,31,80,174,180,181,349,12,348,218,217,216,188,361,183,179,481,79,301,182,427,16,430,487,429,428,15,0,455,445,19,450,1,448,260,453,446,484,464,485,442,439,432,456,479,451,438,431,449,447,467,470,28,452,436,462,465,458,473,422,461,20,433,488,476,257,477,459,437,474,471,468,256,454,517,457,509,259,444,423,258,482,486,480,483,506,187,508,359,21,185,186,184,22,24,23,25,360,26,498,528,29,30,27,425,324,322,489,388,325,323,526,510,527,503,525,390,499,490,391,515,321,504,389,505,507,426,500,434,435,497,523,524,424,516,533,529,101,501,103,513,511,102,514,512,519,502,327,518,329,330,494,521,520,326,522,2,328,331,491,496,495,530,531,493,534,536,535,492,532,
402,369,403,404,309,69,241,311,250,254,305,308,310,306,253,304,255,247,252,246,251,410,243,242,249,248,240,245,466,478,244,463,475,368,90,295,419,469,472,307,312,460,417,293,297,298,376,286,421,409,375,281,287,239,300,292,290,299,443,420,338,198,373,214,211,415,418,339,203,209,269,416,157,202,210,204,398,205,201,200,207,208,291,289,288,98,206,212,213,387,50,334,88,385,372,384,280,383,414,178,262,263,393,395,52,49,337,93,441,272,146,48,171,164,332,47,165,392,381,294,41,386,382,285,45,44,397,284,51,396,378,380,379,147,278,46,283,282,394,270,296,36,145,38,224,35,37,39,40,279,66,43,162,42,399,156,400,94,9,230,3,333,77,100,78,440,172,265,199,197,107,161,317,264,261,266,336,129,58,160,126,229,7,236,155,112,340,237,238,95,128,119,154,223,159,122,158,273,8,127,116,193,140,91,118,4,168,6,169,142,104,132,123,135,120,138,358,133,136,137,97,106,124,139,108,111,141,131,113,92,313,117,318,105,411,341,61,319,342,99,54,274,315,408,344,314,148,60,62,320,268,316,267,356,96,18,351,153,412,57,134,114,413,121,130,125,231,115,110,56,5,72,67,191,271,65,277,87,355,89,76,68,71,374,377,17,370,74,275,346,276,371,55,367,73,152,357,109,335,75,59,196,194,343,195,63,220,70,33,215,166,347,173,64,170,143,34,401,354,144,149,151,222,353,150,406,407,227,405,163,190,228,233,221,226,192,82,225,234,235,352,83,366,85,84,53,176,303,232,350,86,177,365,189,364,345,362,302,363,167,219,81,14,175,11,32,13,10,31,174,80,180,349,181,348,12,216,188,217,218,361,183,481,179,301,79,182,427,16,430,487,429,428,0,15,455,445,19,450,448,1,453,260,484,464,446,485,442,439,432,456,479,431,451,438,449,447,467,470,28,452,436,462,458,465,473,461,422,20,476,488,433,257,256,474,477,437,459,468,471,454,517,457,509,259,423,444,258,486,482,480,483,506,187,508,359,21,185,184,23,186,22,24,25,360,26,498,528,30,425,29,27,324,322,489,325,323,388,510,526,527,525,391,490,390,503,499,515,321,389,505,504,426,507,500,434,435,523,497,529,424,524,516,533,101,501,103,102,513,512,511,514,519,502,518,330,329,327,521,326,522,520,494,331,328,2,530,493,492,495,532,534,536,496,491,535,531,
402,369,403,404,309,69,241,311,250,254,305,310,308,306,253,304,255,247,252,246,251,410,243,242,249,248,240,245,466,478,244,463,368,475,90,295,419,469,472,307,312,460,417,293,298,297,376,286,421,375,409,281,287,239,300,292,290,299,443,420,338,198,373,214,211,415,418,339,209,203,269,416,157,210,202,204,398,205,201,200,207,208,291,289,288,98,206,212,213,387,50,334,88,385,372,384,383,280,414,178,262,263,393,395,52,49,337,93,441,272,48,146,171,164,332,47,165,392,381,294,41,45,285,386,44,382,284,51,397,378,379,396,380,147,46,278,283,282,394,270,296,145,36,38,224,35,37,39,40,279,66,43,162,42,399,400,156,94,9,230,3,333,77,100,78,440,172,265,199,197,107,161,317,264,261,266,336,160,129,58,126,229,7,236,155,112,340,95,238,237,154,119,128,223,159,122,8,273,158,127,116,193,140,91,118,4,168,169,6,142,120,123,138,135,104,132,97,133,137,358,136,106,124,139,108,111,131,113,141,92,313,117,411,341,105,318,61,319,54,274,342,99,408,315,344,314,60,62,148,320,268,267,356,316,96,153,18,351,57,121,413,114,134,412,231,125,115,130,110,56,5,191,271,72,65,67,355,87,277,89,68,76,71,377,374,370,17,346,275,74,276,371,367,55,152,73,357,109,335,75,59,196,194,343,195,63,220,215,70,33,166,347,64,173,170,34,143,401,354,144,149,151,222,353,406,150,407,227,163,405,233,228,190,192,226,221,225,82,234,235,352,83,366,84,85,232,176,303,53,86,350,177,189,365,345,364,363,302,219,167,362,175,81,14,11,32,13,10,174,80,31,180,349,181,12,348,217,218,216,188,361,183,179,481,79,301,182,427,16,430,487,429,428,0,15,455,445,19,450,1,448,260,453,484,464,446,442,485,432,439,456,479,438,451,431,447,449,467,470,28,436,452,458,462,465,473,422,461,20,433,488,476,257,474,471,459,437,256,477,468,454,517,457,509,423,259,444,258,482,486,480,483,506,187,508,359,21,185,184,186,23,24,22,25,360,26,528,498,30,29,425,27,324,322,489,325,388,323,526,510,527,391,503,525,390,499,490,515,321,389,505,504,426,507,500,434,435,523,497,424,516,524,533,529,501,101,512,102,513,511,514,103,519,502,327,518,329,330,520,522,521,326,494,2,331,328,491,535,495,534,530,532,493,531,492,496,536,
402,369,403,404,309,69,241,311,250,254,305,308,310,306,253,304,255,247,252,246,251,410,243,242,248,249,240,245,466,478,244,463,368,90,475,295,419,469,472,307,312,460,417,293,298,297,376,286,421,375,409,281,287,239,300,292,290,299,443,420,338,198,373,214,211,415,418,339,203,209,269,416,157,210,202,204,398,205,201,200,208,207,291,289,288,206,98,212,213,50,387,334,88,385,372,384,383,280,414,178,262,263,393,395,52,49,337,93,272,441,48,146,171,164,332,47,381,392,165,294,382,386,44,41,285,45,284,397,51,378,396,379,380,147,46,278,283,282,394,270,296,145,36,38,224,35,37,39,66,40,279,43,162,42,399,156,400,94,9,230,3,333,77,78,100,440,172,265,199,197,161,107,317,264,261,266,336,58,160,129,126,229,7,236,112,155,340,95,238,237,119,128,154,223,159,273,158,8,122,127,116,140,193,91,118,168,4,169,6,142,123,120,132,104,138,135,358,136,133,137,97,124,106,139,108,111,113,141,131,92,313,117,105,61,411,318,341,319,54,99,274,342,315,408,314,344,62,60,148,320,267,96,268,356,316,351,153,18,114,121,413,57,412,134,115,231,125,130,5,56,110,72,65,271,67,191,277,87,355,89,76,68,71,17,374,370,377,275,346,74,371,276,367,55,73,152,357,109,335,75,59,196,343,194,195,63,220,215,70,33,166,347,64,173,170,34,401,143,354,144,151,149,353,222,406,407,150,163,405,227,192,233,221,228,190,226,82,225,235,234,352,366,83,85,84,232,53,303,176,350,86,189,365,177,364,345,363,302,167,219,362,81,175,14,11,13,10,32,31,174,180,80,181,349,348,12,217,218,216,188,361,183,481,179,79,301,182,427,16,430,487,429,428,15,0,455,445,19,450,1,448,260,453,484,464,446,485,442,432,439,456,479,431,451,438,449,447,470,467,28,436,452,465,462,458,473,422,461,20,488,476,433,257,468,459,477,471,474,256,437,454,517,457,509,423,259,444,258,486,480,482,483,506,187,508,359,21,185,184,24,22,186,23,25,360,26,498,528,29,425,27,30,322,324,489,325,388,323,526,510,527,525,503,490,391,499,390,515,321,505,389,504,426,507,434,500,435,497,523,524,533,424,529,516,501,101,514,511,512,513,102,103,519,502,327,329,330,518,520,522,521,326,494,2,331,328,531,534,495,536,530,496,532,491,493,535,492,
402,369,403,404,309,69,241,311,250,254,305,310,308,306,253,304,255,247,252,246,251,410,243,242,249,248,240,245,466,478,244,463,475,368,90,295,419,469,472,307,312,460,417,293,298,297,376,286,421,375,409,281,287,239,300,292,290,299,443,420,338,198,373,214,211,418,415,339,203,209,416,269,157,210,202,398,204,205,201,200,207,208,291,289,288,206,98,212,213,387,50,334,88,385,372,384,383,280,414,178,262,263,393,395,52,49,337,93,441,272,48,146,171,164,332,47,165,392,381,294,386,41,44,285,45,382,284,397,51,379,380,396,378,147,46,278,283,282,394,270,296,145,36,38,224,35,37,39,40,66,279,43,162,42,399,400,156,94,9,230,3,333,77,100,78,440,172,265,199,197,161,107,317,261,264,266,336,129,58,160,126,229,7,236,112,155,340,95,237,238,154,128,119,223,159,122,273,8,158,127,193,140,116,91,118,168,4,169,6,142,132,135,123,138,104,120,136,137,133,97,358,124,106,139,111,108,141,113,131,313,117,92,105,411,318,61,341,319,99,54,274,342,408,315,344,314,60,148,62,320,316,268,267,96,356,351,18,153,134,412,57,114,413,121,130,115,125,231,110,56,5,271,191,65,67,72,277,355,87,89,76,68,377,17,370,71,374,74,275,346,276,371,55,367,152,73,357,109,335,75,59,196,194,343,195,63,220,33,215,70,347,166,64,173,170,143,401,34,354,144,149,151,222,353,406,150,407,405,227,163,192,228,233,190,221,226,82,225,234,235,352,84,85,366,83,176,53,303,232,350,86,189,177,365,364,345,362,302,363,167,219,81,175,14,11,13,10,32,174,31,80,180,349,181,12,348,188,218,216,217,361,183,481,179,301,79,182,427,16,430,487,429,428,0,15,455,445,450,19,448,1,453,260,464,484,446,442,485,439,432,479,456,451,438,431,449,447,467,470,28,452,436,462,458,465,473,461,422,20,433,476,488,257,477,437,474,468,471,256,459,454,517,457,509,259,423,444,258,480,486,482,483,506,187,508,359,21,185,24,184,23,186,22,25,360,26,528,498,27,30,29,425,324,322,489,388,325,323,526,510,527,503,391,525,390,490,499,515,321,504,505,389,507,426,434,500,435,497,523,424,533,529,516,524,501,101,514,512,511,103,102,513,519,502,330,518,329,327,494,521,326,520,522,328,331,2,534,491,495,493,530,496,536,532,531,535,492,
402,369,403,404,309,69,241,311,250,254,305,310,308,306,253,304,255,247,252,246,251,410,243,242,248,249,240,245,466,478,244,463,368,475,90,295,419,469,472,307,312,460,417,293,297,298,376,286,421,409,375,281,287,239,300,292,290,299,443,420,338,198,373,214,211,418,415,339,209,203,269,416,157,210,202,398,204,205,201,200,207,208,291,289,288,98,206,212,213,50,387,334,88,385,372,384,383,280,414,178,262,263,393,395,52,49,337,93,441,272,146,48,171,164,332,47,392,165,381,294,386,285,44,45,41,382,284,397,51,396,379,380,378,147,278,46,283,282,394,270,296,145,36,38,224,35,37,39,279,40,66,43,162,42,399,156,400,94,230,9,3,333,77,100,78,440,172,265,199,197,107,161,317,264,261,266,336,58,160,129,126,229,7,112,236,155,340,95,238,237,128,154,119,223,159,8,122,158,273,127,193,140,116,91,118,4,168,6,169,142,104,132,138,120,135,123,97,136,358,137,133,124,106,139,108,111,131,113,141,117,92,313,318,341,61,411,105,319,342,99,274,54,315,408,314,344,60,148,62,320,267,96,356,268,316,351,18,153,114,121,57,413,412,134,125,115,130,231,56,5,110,72,191,67,271,65,355,277,87,89,68,76,374,71,17,370,377,74,275,346,371,276,367,55,73,152,357,109,335,75,59,196,194,343,63,195,220,70,215,33,166,347,173,64,170,34,143,401,354,144,149,151,222,353,407,150,406,163,227,405,192,228,226,190,233,221,82,225,234,235,352,83,366,84,85,176,232,303,53,86,350,189,177,365,345,364,363,302,167,219,362,14,81,175,11,13,10,32,174,180,31,80,181,349,348,12,218,188,216,217,361,183,481,179,301,79,182,427,16,430,487,428,429,0,15,455,445,450,19,448,1,453,260,464,446,484,442,485,439,432,479,456,431,438,451,449,447,470,467,28,452,436,462,458,465,473,461,422,20,488,433,476,257,459,468,437,477,474,256,471,454,517,457,509,259,444,423,258,482,486,480,483,506,187,508,359,21,185,22,24,186,23,184,25,360,26,528,498,30,425,29,27,322,489,324,323,388,325,526,510,527,490,390,503,391,525,499,515,321,504,389,505,426,507,500,434,435,523,497,524,533,516,424,529,101,501,512,102,513,103,511,514,519,502,518,329,327,330,520,494,326,522,521,331,2,328,534,492,532,491,535,495,493,530,536,496,531,
402,369,403,404,309,69,241,311,250,254,305,310,308,306,253,304,255,247,252,246,251,410,243,242,249,248,240,245,466,478,244,463,368,90,475,295,419,469,472,307,312,460,417,293,297,298,376,286,421,375,409,281,287,239,300,292,290,299,443,420,338,198,373,214,211,415,418,339,203,209,269,416,157,210,202,204,398,205,201,200,208,207,291,289,288,98,206,212,213,50,387,334,88,385,372,384,383,280,414,178,262,263,393,395,52,49,337,93,441,272,146,48,171,164,332,47,392,165,381,294,285,382,44,45,386,41,51,284,397,380,396,378,379,147,278,46,283,282,394,270,296,36,145,38,224,37,35,39,279,40,66,43,162,42,399,156,400,94,9,230,3,333,77,78,100,440,172,265,199,197,107,161,317,264,261,266,336,160,129,58,126,229,7,155,236,112,340,238,237,95,119,154,128,223,159,8,122,158,273,127,116,140,193,91,118,168,4,169,6,142,104,120,135,138,123,132,136,133,358,137,97,124,106,111,139,108,113,131,141,313,92,117,341,105,318,411,61,319,54,342,99,274,408,315,314,344,60,62,148,320,268,316,356,267,96,153,351,18,134,121,413,57,412,114,130,231,115,125,110,56,5,72,67,65,271,191,277,355,87,89,76,68,370,374,71,17,377,275,346,74,371,276,55,367,73,152,357,109,335,75,59,196,343,194,63,195,220,215,33,70,166,347,173,64,170,34,143,401,354,144,149,151,222,353,407,150,406,227,405,163,228,226,233,190,221,192,82,225,234,235,352,84,85,83,366,176,303,53,232,86,350,189,177,365,364,345,167,219,363,302,362,81,14,175,11,32,10,13,80,31,180,174,181,349,12,348,218,216,217,188,361,183,481,179,301,79,182,427,16,430,487,429,428,15,0,455,445,19,450,448,1,453,260,464,446,484,485,442,432,439,456,479,451,431,438,447,449,470,467,28,452,436,465,462,458,473,422,461,20,488,433,476,257,437,256,468,477,459,474,471,454,517,457,509,423,259,444,258,480,482,486,483,506,187,508,359,21,185,186,22,24,184,23,25,360,26,498,528,30,425,29,27,324,489,322,388,325,323,526,510,527,390,525,391,499,503,490,515,321,389,504,505,426,507,434,500,435,523,497,424,524,533,529,516,501,101,102,511,513,512,103,514,519,502,518,330,327,329,326,494,521,522,520,331,2,328,492,535,495,493,491,536,534,530,531,532,496,
402,369,403,404,309,69,241,311,250,254,305,310,308,306,253,304,255,247,252,246,251,410,243,242,248,249,240,245,466,478,244,463,475,90,368,295,419,469,472,307,312,460,417,293,298,297,376,286,421,409,375,281,287,239,300,292,290,299,443,420,338,198,373,214,211,418,415,339,209,203,416,269,157,210,202,204,398,205,201,200,207,208,291,289,288,98,206,212,213,50,387,334,88,385,372,384,280,383,414,178,262,263,393,395,52,49,337,93,441,272,146,48,171,164,332,47,392,165,381,294,285,386,45,382,44,41,284,51,397,380,396,379,378,147,278,46,283,282,270,394,296,145,36,38,224,35,37,39,279,66,40,43,162,42,399,400,156,94,230,9,3,333,77,78,100,440,172,265,199,197,107,161,317,261,264,266,336,58,129,160,126,229,7,112,155,236,340,238,237,95,154,128,119,223,159,273,8,122,158,127,140,193,116,91,118,4,168,6,169,142,123,132,120,104,138,135,358,133,97,136,137,106,124,111,139,108,131,141,113,313,92,117,61,105,318,411,341,319,274,54,342,99,408,315,314,344,62,60,148,320,316,267,96,356,268,18,351,153,57,121,413,134,412,114,231,130,115,125,5,56,110,271,67,191,65,72,355,277,87,89,76,68,370,374,17,71,377,346,275,74,371,276,55,367,152,73,357,109,335,75,59,196,194,343,63,195,220,215,33,70,347,166,64,173,170,34,143,401,354,144,151,149,222,353,407,150,406,227,405,163,190,221,226,233,228,192,225,82,234,235,352,83,366,84,85,176,53,303,232,86,350,177,189,365,364,345,302,363,167,362,219,14,81,175,11,10,13,32,180,80,31,174,181,349,12,348,217,216,218,188,361,183,481,179,301,79,182,427,16,430,487,428,429,15,0,455,445,450,19,1,448,260,453,446,464,484,485,442,439,432,456,479,438,451,431,447,449,470,467,28,452,436,465,458,462,473,422,461,20,488,433,476,257,474,468,459,477,256,471,437,454,517,457,509,444,423,259,258,482,486,480,483,506,187,508,359,21,185,184,22,24,186,23,25,360,26,498,528,29,425,27,30,324,489,322,388,323,325,526,510,527,490,391,525,499,390,503,515,321,504,389,505,426,507,500,434,435,523,497,524,424,533,516,529,101,501,512,103,102,514,511,513,519,502,329,518,327,330,520,494,326,521,522,2,328,331,493,530,531,532,534,536,496,491,495,492,535,
402,369,403,404,309,69,241,311,250,254,305,310,308,306,253,304,255,247,252,246,251,410,243,242,249,248,240,245,466,478,244,463,90,368,475,295,419,469,472,307,312,460,417,293,298,297,376,286,421,375,409,281,287,239,300,292,290,299,443,420,338,198,373,214,211,415,418,339,209,203,416,269,157,210,202,398,204,205,201,200,208,207,291,289,288,98,206,212,213,50,387,334,88,385,372,384,383,280,414,178,263,262,393,395,52,49,337,93,272,441,48,146,171,164,332,47,165,392,381,294,45,44,285,41,386,382,284,51,397,378,380,379,396,147,46,278,283,282,270,394,296,36,145,38,224,37,35,39,40,66,279,43,162,42,399,400,156,94,9,230,3,333,77,100,78,440,172,265,199,197,107,161,317,264,261,266,336,160,129,58,126,229,7,112,236,155,340,237,238,95,128,119,154,223,159,8,273,122,158,127,116,193,140,91,118,168,4,169,6,142,132,138,120,135,104,123,133,97,137,136,358,124,106,139,111,108,113,141,131,92,117,313,341,105,411,61,318,319,99,274,342,54,408,315,344,314,60,62,148,320,268,316,267,96,356,153,351,18,413,114,57,412,121,134,231,115,125,130,56,110,5,65,72,191,67,271,87,355,277,89,68,76,377,370,374,71,17,74,346,275,371,276,367,55,152,73,357,109,75,335,59,196,194,343,63,195,220,215,70,33,347,166,64,173,170,401,34,143,354,144,149,151,222,353,407,406,150,227,405,163,192,226,233,228,190,221,225,82,235,234,352,366,84,83,85,176,303,232,53,86,350,189,177,365,364,345,363,167,362,302,219,81,175,14,11,10,13,32,31,180,80,174,181,349,12,348,217,188,218,216,361,183,481,179,301,79,182,427,16,430,487,429,428,15,0,455,445,19,450,1,448,260,453,464,484,446,485,442,439,432,456,479,451,438,431,449,447,470,467,28,452,436,458,465,462,473,422,461,20,433,476,488,257,256,474,471,477,468,459,437,454,517,457,509,259,444,423,258,482,486,480,483,506,187,508,359,21,185,24,22,23,184,186,25,360,26,528,498,425,27,30,29,489,324,322,323,325,388,526,510,527,391,499,490,503,390,525,515,321,389,505,504,426,507,434,500,435,497,523,529,516,524,424,533,501,101,511,102,103,514,512,513,519,502,327,518,329,330,521,522,520,494,326,331,2,328,536,535,532,495,491,492,496,493,534,531,530,
402,369,403,404,309,69,241,311,250,254,305,310,308,306,253,304,255,247,252,246,251,410,243,242,248,249,240,245,466,478,244,463,90,368,475,295,419,469,472,307,312,460,417,293,298,297,376,286,421,375,409,281,287,239,300,292,290,299,443,420,338,198,373,214,211,418,415,339,209,203,269,416,157,202,210,398,204,205,201,200,207,208,291,289,288,206,98,212,213,387,50,334,88,385,372,384,280,383,414,178,263,262,393,395,52,49,337,93,272,441,48,146,171,164,332,47,392,381,165,294,382,45,44,285,386,41,284,51,397,378,379,380,396,147,46,278,283,282,394,270,296,36,145,38,224,37,35,39,66,40,279,43,162,42,399,156,400,94,9,230,3,333,77,78,100,440,172,265,199,197,161,107,317,264,261,266,336,58,129,160,126,229,7,112,155,236,340,237,238,95,119,128,154,223,159,158,8,122,273,127,140,116,193,91,118,4,168,6,169,142,104,120,138,135,123,132,97,136,137,133,358,106,124,111,108,139,131,113,141,117,313,92,341,105,318,61,411,319,274,99,54,342,408,315,344,314,60,148,62,320,356,96,268,316,267,153,351,18,134,412,114,57,413,121,115,231,130,125,5,56,110,65,191,271,72,67,87,355,277,89,68,76,377,370,71,17,374,74,275,346,371,276,55,367,73,152,357,109,75,335,59,196,343,194,63,195,220,215,70,33,166,347,173,64,170,401,34,143,354,144,149,151,222,353,407,150,406,227,163,405,190,228,192,226,233,221,225,82,234,235,352,84,85,366,83,176,303,232,53,86,350,365,177,189,345,364,363,219,167,362,302,81,14,175,11,13,32,10,180,31,80,174,349,181,348,12,218,216,217,188,361,183,481,179,79,301,182,427,16,430,487,428,429,15,0,455,445,19,450,1,448,260,453,464,484,446,485,442,439,432,456,479,451,431,438,449,447,470,467,28,436,452,462,465,458,473,461,422,20,476,488,433,257,256,468,474,477,459,437,471,454,517,457,509,444,423,259,258,486,482,480,483,506,187,508,359,21,185,24,23,184,22,186,25,360,26,528,498,29,27,425,30,322,324,489,323,388,325,526,510,527,390,503,490,525,499,391,515,321,389,505,504,507,426,434,500,435,523,497,524,516,533,529,424,101,501,514,103,513,512,102,511,519,502,518,327,330,329,521,520,326,494,522,331,2,328,535,534,492,491,495,532,530,531,496,536,493,
402,369,403,404,309,69,241,311,250,254,305,310,308,306,253,304,255,247,252,246,251,410,243,242,249,248,240,245,466,478,244,463,90,475,368,295,419,469,472,307,312,460,417,293,297,298,376,286,421,375,409,281,287,239,300,292,290,299,443,420,338,198,373,214,211,415,418,339,209,203,416,269,157,202,210,204,398,205,201,200,208,207,291,289,288,206,98,212,213,50,387,334,88,385,372,384,280,383,414,178,263,262,393,395,52,49,337,93,272,441,146,48,171,164,332,47,165,381,392,294,41,382,45,285,44,386,397,284,51,380,396,379,378,147,278,46,283,282,270,394,296,145,36,38,224,35,37,39,40,66,279,43,162,42,399,156,400,94,9,230,3,333,77,100,78,440,172,265,199,197,161,107,317,261,264,266,336,129,58,160,126,229,7,112,155,236,340,237,238,95,128,119,154,223,159,158,122,273,8,127,116,193,140,91,118,168,4,6,169,142,135,132,138,104,123,120,358,136,97,137,133,106,124,139,111,108,131,113,141,117,313,92,105,341,318,61,411,319,99,274,342,54,315,408,314,344,148,60,62,320,268,356,267,96,316,18,153,351,114,57,134,121,413,412,125,130,115,231,5,110,56,65,72,271,191,67,277,87,355,89,68,76,377,374,17,71,370,346,74,275,371,276,367,55,152,73,357,109,335,75,59,196,194,343,63,195,220,33,70,215,347,166,173,64,170,401,34,143,354,144,149,151,222,353,407,406,150,227,163,405,233,221,190,192,228,226,82,225,235,234,352,85,84,83,366,176,53,303,232,86,350,177,189,365,364,345,363,302,219,362,167,81,175,14,11,32,10,13,174,31,80,180,349,181,348,12,188,216,218,217,361,183,179,481,301,79,182,427,16,430,487,429,428,0,15,455,445,450,19,1,448,260,453,484,464,446,485,442,432,439,479,456,438,451,431,447,449,470,467,28,452,436,462,458,465,473,461,422,20,433,476,488,257,468,437,477,471,256,459,474,454,517,457,509,423,444,259,258,480,482,486,483,506,187,508,359,21,185,24,23,184,22,186,25,360,26,498,528,27,29,30,425,489,322,324,323,325,388,526,510,527,503,490,499,391,390,525,515,321,504,389,505,507,426,500,434,435,497,523,533,424,529,516,524,501,101,511,102,513,103,514,512,519,502,330,329,327,518,521,522,326,494,520,331,2,328,535,495,491,531,492,530,493,536,534,496,532,
402,369,403,404,309,69,241,311,250,254,305,310,308,306,253,304,255,247,252,246,251,410,243,242,248,249,240,245,466,478,244,463,368,475,90,295,419,469,472,307,312,460,417,293,297,298,376,286,421,409,375,281,287,239,300,292,290,299,443,420,338,198,373,214,211,418,415,339,209,203,269,416,157,202,210,204,398,205,201,200,207,208,291,289,288,98,206,212,213,387,50,334,88,385,372,384,383,280,414,178,263,262,393,395,52,49,337,93,441,272,48,146,171,164,332,47,165,392,381,294,45,44,41,382,386,285,51,284,397,379,380,378,396,147,46,278,283,282,270,394,296,36,145,38,224,35,37,39,279,66,40,43,162,42,399,156,400,94,230,9,3,333,77,78,100,440,172,265,199,197,161,107,317,261,264,266,336,129,160,58,126,229,7,155,112,236,340,238,237,95,128,154,119,223,159,122,158,273,8,127,140,193,116,91,118,168,4,6,169,142,132,135,120,138,123,104,97,358,133,137,136,106,124,108,139,111,131,113,141,92,117,313,318,61,341,411,105,319,99,54,274,342,315,408,344,314,62,60,148,320,356,96,267,316,268,351,153,18,134,412,114,57,121,413,130,231,115,125,5,110,56,271,65,191,72,67,87,355,277,89,76,68,17,71,377,370,374,74,275,346,371,276,55,367,73,152,357,109,75,335,59,196,343,194,195,63,220,215,33,70,347,166,64,173,170,34,401,143,354,144,151,149,222,353,406,407,150,163,405,227,226,192,190,221,233,228,225,82,235,234,352,84,366,83,85,53,176,232,303,350,86,189,365,177,345,364,363,219,302,167,362,81,175,14,11,13,10,32,31,174,180,80,349,181,12,348,218,188,216,217,361,183,481,179,79,301,182,427,16,430,487,428,429,15,0,455,445,450,19,448,1,453,260,446,464,484,442,485,439,432,456,479,431,451,438,447,449,470,467,28,436,452,462,465,458,473,461,422,20,433,488,476,257,471,437,477,474,256,468,459,454,517,457,509,259,423,444,258,486,480,482,483,506,187,508,359,21,185,23,24,22,184,186,25,360,26,528,498,425,29,27,30,322,324,489,325,388,323,510,526,527,525,503,499,390,391,490,515,321,504,505,389,507,426,500,434,435,497,523,533,529,424,524,516,101,501,102,513,514,511,103,512,519,502,327,518,329,330,521,522,326,494,520,331,2,328,491,496,535,536,495,532,531,493,492,530,534,
402,369,403,404,309,69,241,311,250,254,305,308,310,306,253,304,255,247,252,246,251,410,243,242,249,248,240,245,466,478,244,463,90,368,475,295,419,469,472,307,312,460,417,293,298,297,376,286,421,409,375,281,287,239,300,292,290,299,443,420,338,198,373,214,211,418,415,339,209,203,416,269,157,202,210,398,204,205,201,200,207,208,291,289,288,206,98,212,213,50,387,334,88,385,372,384,280,383,414,178,263,262,393,395,52,49,337,93,441,272,48,146,171,164,332,47,165,381,392,294,45,386,44,382,285,41,51,284,397,379,378,380,396,147,46,278,283,282,270,394,296,36,145,38,224,37,35,39,279,40,66,43,162,42,399,400,156,94,9,230,3,333,77,78,100,440,172,265,199,197,107,161,317,264,261,266,336,58,160,129,126,229,7,155,112,236,340,237,238,95,119,154,128,223,159,122,158,273,8,127,140,116,193,91,118,4,168,169,6,142,104,138,135,120,123,132,133,137,358,97,136,106,124,111,139,108,113,131,141,117,92,313,61,105,411,341,318,319,54,274,99,342,315,408,314,344,60,62,148,320,356,96,267,268,316,153,351,18,413,121,134,57,114,412,130,231,115,125,110,5,56,271,191,67,72,65,87,355,277,89,68,76,17,374,377,370,71,346,74,275,276,371,55,367,73,152,357,109,335,75,59,196,343,194,195,63,220,33,70,215,166,347,173,64,170,143,401,34,354,144,149,151,353,222,150,407,406,227,405,163,190,192,228,221,226,233,225,82,234,235,352,84,85,83,366,303,176,232,53,350,86,189,177,365,364,345,219,363,362,302,167,14,175,81,11,32,13,10,180,174,31,80,181,349,348,12,216,188,218,217,361,183,481,179,301,79,182,427,16,430,487,429,428,15,0,455,445,19,450,448,1,453,260,484,464,446,442,485,439,432,479,456,438,431,451,449,447,470,467,28,436,452,458,462,465,473,461,422,20,488,433,476,257,459,437,468,474,471,477,256,454,517,457,509,259,423,444,258,480,486,482,483,506,187,508,359,21,185,22,24,23,186,184,25,360,26,498,528,29,27,30,425,324,322,489,323,325,388,526,510,527,503,525,490,391,499,390,515,321,505,389,504,426,507,434,500,435,523,497,516,524,533,529,424,101,501,102,514,512,103,513,511,519,502,330,518,327,329,326,522,521,494,520,328,2,331,493,495,530,534,536,535,491,492,531,532,496,
402,369,403,404,309,69,241,311,250,254,305,308,310,306,253,304,255,247,252,246,251,410,243,242,248,249,240,245,466,478,244,463,475,368,90,295,419,469,472,307,312,460,417,293,297,298,376,286,421,409,375,281,287,239,300,292,290,299,443,420,338,198,373,214,211,418,415,339,203,209,269,416,157,202,210,204,398,205,201,200,207,208,291,289,288,206,98,212,213,50,387,334,88,385,372,384,280,383,414,178,262,263,393,395,52,49,337,93,272,441,146,48,171,164,332,47,381,165,392,294,382,285,386,45,44,41,51,397,284,380,378,396,379,147,278,46,283,282,394,270,296,145,36,38,224,37,35,39,40,66,279,43,162,42,399,156,400,94,230,9,3,333,77,100,78,440,172,265,199,197,107,161,317,264,261,266,336,160,129,58,126,229,7,112,236,155,340,238,237,95,119,154,128,223,159,273,158,8,122,127,193,140,116,91,118,168,4,169,6,142,135,123,120,104,138,132,133,97,136,137,358,124,106,111,139,108,113,141,131,92,313,117,341,61,318,411,105,319,274,342,99,54,315,408,344,314,62,148,60,320,316,356,96,267,268,153,351,18,114,121,412,57,413,134,115,130,231,125,110,56,5,72,65,191,67,271,277,355,87,89,68,76,71,370,377,374,17,275,74,346,371,276,367,55,152,73,357,109,335,75,59,196,343,194,63,195,220,33,70,215,347,166,173,64,170,143,34,401,354,144,151,149,222,353,406,150,407,227,405,163,190,221,228,226,192,233,82,225,234,235,352,85,83,84,366,53,176,232,303,86,350,177,189,365,364,345,302,219,363,167,362,175,14,81,11,32,10,13,80,174,180,31,181,349,348,12,216,218,188,217,361,183,481,179,79,301,182,427,16,430,487,428,429,0,15,455,445,19,450,1,448,453,260,446,484,464,442,485,432,439,456,479,431,438,451,447,449,470,467,28,452,436,458,462,465,473,422,461,20,433,488,476,257,474,468,437,477,459,256,471,454,517,457,509,423,259,444,258,480,482,486,483,506,187,508,359,21,185,23,24,184,186,22,25,360,26,528,498,27,29,425,30,324,489,322,388,325,323,526,510,527,499,525,391,503,390,490,515,321,389,505,504,507,426,434,500,435,523,497,529,424,516,524,533,101,501,103,102,512,511,514,513,519,502,518,327,329,330,522,520,521,494,326,331,328,2,495,536,491,531,496,534,532,535,493,530,492,
402,369,403,404,309,69,241,311,250,254,305,308,310,306,253,304,255,247,252,246,251,410,243,242,249,248,240,245,466,478,244,463,90,368,475,295,419,469,472,307,312,460,417,293,297,298,376,286,421,409,375,281,287,239,300,292,290,299,443,420,338,198,373,214,211,415,418,339,209,203,416,269,157,210,202,204,398,205,201,200,207,208,291,289,288,98,206,212,213,387,50,334,88,385,372,384,383,280,414,178,262,263,393,395,52,49,337,93,441,272,146,48,171,164,332,47,381,165,392,294,45,386,285,382,41,44,51,284,397,380,378,396,379,147,46,278,283,282,270,394,296,145,36,38,224,37,35,39,40,279,66,43,162,42,399,156,400,94,230,9,3,333,77,78,100,440,172,265,199,197,107,161,317,261,264,266,336,58,160,129,126,229,7,155,112,236,340,238,95,237,154,128,119,223,159,273,122,8,158,127,116,193,140,91,118,168,4,6,169,142,123,132,135,120,138,104,137,358,136,133,97,106,124,111,108,139,113,141,131,117,92,313,341,61,318,105,411,319,99,274,54,342,315,408,314,344,148,60,62,320,316,356,268,96,267,351,153,18,413,412,134,121,57,114,125,115,231,130,56,110,5,67,191,65,72,271,87,277,355,89,76,68,17,71,370,374,377,275,346,74,371,276,55,367,152,73,357,109,75,335,59,196,343,194,195,63,220,215,33,70,166,347,64,173,170,401,143,34,354,144,149,151,353,222,407,150,406,163,227,405,190,192,233,226,221,228,82,225,235,234,352,85,83,84,366,232,176,53,303,350,86,189,177,365,364,345,302,363,362,167,219,14,81,175,11,10,13,32,31,174,80,180,349,181,348,12,188,218,217,216,361,183,481,179,301,79,182,427,16,430,487,428,429,15,0,455,445,450,19,448,1,453,260,464,446,484,485,442,439,432,479,456,438,431,451,449,447,467,470,28,436,452,458,462,465,473,461,422,20,488,433,476,257,256,471,459,468,477,474,437,454,517,457,509,444,423,259,258,486,480,482,483,506,187,508,359,21,185,24,184,23,186,22,25,360,26,528,498,27,29,30,425,324,322,489,323,325,388,510,526,527,390,503,391,490,499,525,515,321,505,504,389,426,507,500,434,435,523,497,516,533,424,529,524,101,501,511,102,513,512,514,103,519,502,327,330,329,518,521,494,326,522,520,328,2,331,531,530,493,492,535,532,534,491,536,496,495,
402,369,403,404,309,69,241,311,250,254,305,310,308,306,253,304,255,247,252,246,251,410,243,242,248,249,240,245,466,478,244,463,368,475,90,295,419,469,472,307,312,460,417,293,297,298,376,286,421,409,375,281,287,239,300,292,290,299,443,420,338,198,373,214,211,418,415,339,209,203,416,269,157,210,202,398,204,205,201,200,207,208,291,289,288,98,206,212,213,50,387,334,88,385,372,384,383,280,414,178,262,263,393,395,52,49,337,93,272,441,146,48,171,164,332,47,392,381,165,294,285,45,44,386,382,41,51,284,397,379,396,378,380,147,278,46,283,282,270,394,296,145,36,38,224,37,35,39,40,279,66,43,162,42,399,400,156,94,230,9,3,333,77,100,78,440,172,265,199,197,107,161,317,264,261,266,336,129,160,58,126,229,7,112,236,155,340,95,237,238,128,119,154,223,159,122,8,158,273,127,193,140,116,91,118,4,168,6,169,142,135,132,104,123,138,120,358,133,136,97,137,124,106,108,111,139,141,113,131,117,92,313,318,61,411,105,341,319,342,54,99,274,315,408,314,344,148,60,62,320,96,356,268,316,267,18,153,351,114,121,134,413,57,412,115,231,125,130,110,56,5,271,65,191,72,67,277,355,87,89,76,68,17,370,71,374,377,275,346,74,276,371,367,55,152,73,357,109,75,335,59,196,343,194,195,63,220,215,70,33,347,166,173,64,170,143,401,34,354,144,151,149,222,353,406,407,150,163,405,227,233,228,221,192,226,190,82,225,234,235,352,85,366,84,83,303,53,232,176,350,86,365,177,189,345,364,302,363,167,362,219,81,14,175,11,13,10,32,80,174,180,31,181,349,348,12,188,218,216,217,361,183,481,179,301,79,182,427,16,430,487,429,428,15,0,455,445,450,19,1,448,260,453,484,446,464,442,485,439,432,479,456,431,438,451,447,449,470,467,28,436,452,458,462,465,473,422,461,20,433,488,476,257,459,471,477,474,437,468,256,454,517,457,509,259,444,423,258,482,480,486,483,506,187,508,359,21,185,184,22,186,24,23,25,360,26,498,528,30,29,27,425,322,324,489,323,388,325,526,510,527,490,499,390,391,525,503,515,321,389,504,505,426,507,434,500,435,497,523,529,516,424,533,524,501,101,102,514,511,103,513,512,519,502,327,330,518,329,521,494,326,522,520,2,328,331,496,492,493,535,530,531,532,534,491,536,495,
402,369,403,404,309,69,241,311,250,254,305,308,310,306,253,304,255,247,252,246,251,410,243,242,249,248,240,245,466,478,244,463,368,475,90,295,419,469,472,307,312,460,417,293,298,297,376,286,421,409,375,281,287,239,300,292,290,299,443,420,338,198,373,214,211,415,418,339,209,203,269,416,157,202,210,398,204,205,201,200,207,208,291,289,288,206,98,212,213,387,50,334,88,385,372,384,383,280,414,178,262,263,393,395,52,49,337,93,272,441,48,146,171,164,332,47,392,381,165,294,285,45,386,41,44,382,284,397,51,378,380,396,379,147,278,46,283,282,394,270,296,145,36,38,224,35,37,39,66,40,279,43,162,42,399,156,400,94,9,230,3,333,77,100,78,440,172,265,199,197,161,107,317,261,264,266,336,129,160,58,126,229,7,236,112,155,340,95,238,237,128,154,119,223,159,122,158,273,8,127,140,193,116,91,118,4,168,169,6,142,138,104,135,120,132,123,136,137,358,133,97,106,124,111,108,139,141,113,131,117,92,313,341,411,318,61,105,319,274,342,99,54,315,408,344,314,62,148,60,320,267,316,268,96,356,153,18,351,413,121,412,57,134,114,130,231,115,125,110,5,56,271,191,65,67,72,355,277,87,89,68,76,377,71,17,374,370,275,74,346,371,276,55,367,73,152,357,109,75,335,59,196,343,194,63,195,220,70,33,215,347,166,173,64,170,143,34,401,354,144,149,151,353,222,406,150,407,163,405,227,190,233,226,228,221,192,225,82,234,235,352,83,85,84,366,53,176,303,232,86,350,365,177,189,364,345,167,363,219,302,362,175,14,81,11,13,10,32,80,31,180,174,349,181,12,348,216,218,217,188,361,183,179,481,79,301,182,427,16,430,487,428,429,15,0,455,445,19,450,1,448,260,453,484,464,446,485,442,432,439,456,479,451,438,431,447,449,467,470,28,452,436,462,465,458,473,461,422,20,476,488,433,257,437,474,468,477,256,471,459,454,517,457,509,444,423,259,258,486,480,482,483,506,187,508,359,21,185,24,23,186,184,22,25,360,26,498,528,27,425,30,29,322,489,324,388,323,325,526,510,527,525,503,391,490,390,499,515,321,389,504,505,507,426,434,500,435,497,523,424,533,516,529,524,101,501,103,102,513,514,511,512,519,502,330,329,518,327,520,522,494,521,326,2,331,328,536,532,530,534,496,535,531,491,495,492,493,
402,369,403,404,309,69,241,311,250,254,305,308,310,306,253,304,255,247,252,246,251,410,243,242,248,249,240,245,466,478,244,463,475,368,90,295,419,469,472,307,312,460,417,293,297,298,376,286,421,375,409,281,287,239,300,292,290,299,443,420,338,198,373,214,211,415,418,339,209,203,269,416,157,202,210,204,398,205,201,200,208,207,291,289,288,206,98,212,213,387,50,334,88,385,372,384,383,280,414,178,262,263,393,395,52,49,337,93,272,441,48,146,171,164,332,47,381,392,165,294,41,386,44,382,285,45,284,397,51,378,379,396,380,147,278,46,283,282,394,270,296,145,36,38,224,37,35,39,279,66,40,43,162,42,399,400,156,94,9,230,3,333,77,78,100,440,172,265,199,197,161,107,317,261,264,266,336,160,58,129,126,229,7,112,155,236,340,237,95,238,119,154,128,223,159,8,158,122,273,127,116,193,140,91,118,4,168,169,6,142,120,123,135,132,138,104,133,137,136,97,358,106,124,111,108,139,113,141,131,92,313,117,105,341,61,411,318,319,342,99,54,274,408,315,344,314,148,60,62,320,267,356,268,316,96,153,18,351,413,121,57,412,114,134,231,130,125,115,56,110,5,191,65,67,72,271,277,355,87,89,76,68,377,17,374,71,370,74,346,275,371,276,367,55,152,73,357,109,75,335,59,196,343,194,63,195,220,70,215,33,347,166,64,173,170,34,401,143,354,144,149,151,353,222,150,406,407,163,405,227,226,190,228,221,192,233,82,225,235,234,352,83,366,84,85,232,176,53,303,350,86,177,365,189,345,364,302,362,363,219,167,81,175,14,11,10,32,13,174,180,31,80,181,349,12,348,188,218,216,217,361,183,481,179,301,79,182,427,16,430,487,428,429,15,0,455,445,450,19,1,448,453,260,484,446,464,485,442,439,432,479,456,431,438,451,449,447,467,470,28,436,452,465,462,458,473,461,422,20,476,433,488,257,474,437,468,256,471,477,459,454,517,457,509,423,259,444,258,486,482,480,483,506,187,508,359,21,185,184,186,22,23,24,25,360,26,498,528,29,30,27,425,322,324,489,323,325,388,526,510,527,490,391,525,499,390,503,515,321,504,389,505,507,426,434,500,435,523,497,533,529,424,516,524,501,101,512,102,103,514,513,511,519,502,330,329,327,518,522,494,326,520,521,331,328,2,536,532,531,534,535,495,496,492,493,491,530,
402,369,403,404,309,69,241,311,250,254,305,308,310,306,253,304,255,247,252,246,251,410,243,242,249,248,240,245,466,478,244,463,475,90,368,295,419,469,472,307,312,460,417,293,298,297,376,286,421,375,409,281,287,239,300,292,290,299,443,420,338,198,373,214,211,415,418,339,203,209,416,269,157,202,210,398,204,205,201,200,208,207,291,289,288,98,206,212,213,387,50,334,88,385,372,384,280,383,414,178,262,263,393,395,52,49,337,93,272,441,48,146,171,164,332,47,381,392,165,294,285,41,44,386,382,45,51,284,397,378,379,396,380,147,46,278,283,282,270,394,296,145,36,38,224,35,37,39,40,279,66,43,162,42,399,400,156,94,230,9,3,333,77,100,78,440,172,265,199,197,107,161,317,261,264,266,336,160,58,129,126,229,7,155,236,112,340,95,238,237,154,128,119,223,159,122,273,158,8,127,116,140,193,91,118,168,4,6,169,142,132,104,135,138,123,120,136,97,133,358,137,106,124,108,111,139,131,113,141,313,92,117,318,105,61,341,411,319,99,274,342,54,408,315,314,344,148,60,62,320,268,267,356,316,96,351,153,18,57,121,114,134,412,413,130,231,125,115,110,5,56,72,271,65,67,191,355,87,277,89,76,68,374,370,377,17,71,346,74,275,371,276,55,367,152,73,357,109,75,335,59,196,343,194,63,195,220,70,215,33,347,166,64,173,170,401,143,34,354,144,149,151,353,222,407,150,406,405,227,163,226,228,233,192,221,190,82,225,234,235,352,84,366,85,83,176,53,232,303,350,86,177,365,189,364,345,219,363,167,362,302,81,14,175,11,10,32,13,80,180,174,31,181,349,348,12,216,188,218,217,361,183,481,179,79,301,182,427,16,430,487,428,429,0,15,455,445,19,450,448,1,260,453,446,464,484,442,485,439,432,456,479,438,451,431,447,449,470,467,28,436,452,465,458,462,473,422,461,20,476,488,433,257,474,459,471,256,437,477,468,454,517,457,509,259,423,444,258,482,486,480,483,506,187,508,359,21,185,184,22,24,23,186,25,360,26,498,528,30,425,29,27,324,489,322,323,325,388,510,526,527,525,391,490,499,503,390,515,321,389,505,504,426,507,434,500,435,523,497,516,533,524,424,529,101,501,512,102,513,511,514,103,519,502,327,329,518,330,494,522,520,326,521,2,331,328,491,536,535,496,532,534,493,531,530,495,492,
402,369,403,404,309,69,241,311,250,254,305,308,310,306,253,304,255,247,252,246,251,410,243,242,248,249,240,245,466,478,244,463,475,90,368,295,419,469,472,307,312,460,417,293,297,298,376,286,421,409,375,281,287,239,300,292,290,299,443,420,338,198,373,214,211,415,418,339,209,203,269,416,157,202,210,398,204,205,201,200,207,208,291,289,288,206,98,212,213,387,50,334,88,385,372,384,280,383,414,178,263,262,393,395,52,49,337,93,272,441,146,48,171,164,332,47,392,165,381,294,382,45,386,285,44,41,51,284,397,379,380,396,378,147,46,278,283,282,394,270,296,145,36,38,224,37,35,39,66,279,40,43,162,42,399,400,156,94,9,230,3,333,77,78,100,440,172,265,199,197,107,161,317,264,261,266,336,129,58,160,126,229,7,155,236,112,340,95,237,238,154,128,119,223,159,8,273,158,122,127,116,140,193,91,118,4,168,6,169,142,123,120,132,104,138,135,136,97,358,133,137,124,106,139,108,111,113,141,131,313,92,117,318,341,411,105,61,319,342,54,99,274,408,315,314,344,62,60,148,320,356,268,316,267,96,18,153,351,413,134,114,412,57,121,125,115,130,231,110,5,56,72,271,67,191,65,355,277,87,89,68,76,71,374,377,17,370,346,74,275,371,276,367,55,73,152,357,109,75,335,59,196,194,343,63,195,220,33,70,215,166,347,173,64,170,401,143,34,354,144,151,149,222,353,407,150,406,227,405,163,192,233,221,228,190,226,225,82,235,234,352,366,84,83,85,232,303,176,53,86,350,189,177,365,345,364,363,302,362,219,167,81,14,175,11,10,13,32,31,180,80,174,181,349,348,12,188,217,218,216,361,183,179,481,79,301,182,427,16,430,487,429,428,15,0,455,445,19,450,448,1,260,453,484,446,464,485,442,432,439,456,479,451,431,438,447,449,467,470,28,452,436,458,462,465,473,422,461,20,476,433,488,257,437,459,474,471,468,477,256,454,517,457,509,423,444,259,258,482,480,486,483,506,187,508,359,21,185,24,23,184,22,186,25,360,26,498,528,425,30,29,27,489,324,322,323,388,325,510,526,527,391,490,499,503,390,525,515,321,504,389,505,426,507,434,500,435,523,497,516,424,533,529,524,101,501,513,514,102,511,103,512,519,502,518,327,329,330,494,520,521,326,522,331,328,2,532,496,495,534,536,493,530,535,491,492,531,
402,369,403,404,309,69,241,311,250,254,305,310,308,306,253,304,255,247,252,246,251,410,243,242,248,249,240,245,466,478,244,463,475,90,368,295,419,469,472,307,312,460,417,293,297,298,376,286,421,375,409,281,287,239,300,292,290,299,443,420,338,198,373,214,211,415,418,339,209,203,416,269,157,202,210,204,398,205,201,200,208,207,291,289,288,98,206,212,213,50,387,334,88,385,372,384,383,280,414,178,262,263,393,395,52,49,337,93,441,272,48,146,171,164,332,47,381,392,165,294,386,41,285,382,45,44,51,397,284,380,396,378,379,147,46,278,283,282,394,270,296,145,36,38,224,35,37,39,66,40,279,43,162,42,399,400,156,94,9,230,3,333,77,100,78,440,172,265,199,197,107,161,317,264,261,266,336,129,160,58,126,229,7,112,236,155,340,238,237,95,128,119,154,223,159,122,158,8,273,127,140,116,193,91,118,168,4,169,6,142,132,138,104,120,135,123,97,137,133,136,358,124,106,139,111,108,141,131,113,313,117,92,341,411,318,105,61,319,54,274,342,99,315,408,314,344,148,62,60,320,267,96,268,356,316,153,351,18,114,134,121,57,413,412,125,115,231,130,56,5,110,67,191,65,72,271,87,277,355,89,76,68,370,71,17,374,377,74,346,275,276,371,55,367,152,73,357,109,75,335,59,196,343,194,63,195,220,215,70,33,347,166,173,64,170,401,143,34,354,144,151,149,222,353,150,406,407,163,405,227,192,190,228,226,233,221,225,82,235,234,352,366,85,83,84,232,303,53,176,86,350,177,189,365,345,364,167,363,219,362,302,175,14,81,11,13,10,32,180,80,174,31,181,349,12,348,217,188,216,218,361,183,179,481,79,301,182,427,16,430,487,429,428,15,0,455,445,19,450,1,448,453,260,464,484,446,442,485,432,439,456,479,451,431,438,449,447,467,470,28,436,452,458,462,465,473,461,422,20,476,488,433,257,468,474,477,256,459,437,471,454,517,457,509,423,444,259,258,486,482,480,483,506,187,508,359,21,185,23,24,186,22,184,25,360,26,528,498,29,27,425,30,489,322,324,323,388,325,510,526,527,390,499,490,391,525,503,515,321,389,504,505,507,426,434,500,435,497,523,516,424,533,524,529,501,101,103,102,513,512,511,514,519,502,330,327,518,329,522,494,520,521,326,2,328,331,491,530,496,495,532,493,535,536,531,492,534,
402,369,403,404,309,69,241,311,250,254,305,308,310,306,253,304,255,247,252,246,251,410,243,242,248,249,240,245,466,478,244,463,90,475,368,295,419,469,472,307,312,460,417,293,298,297,376,286,421,409,375,281,287,239,300,292,290,299,443,420,338,198,373,214,211,415,418,339,209,203,416,269,157,202,210,204,398,205,201,200,208,207,291,289,288,206,98,212,213,387,50,334,88,385,372,384,280,383,414,178,263,262,393,395,52,49,337,93,272,441,48,146,171,164,332,47,165,381,392,294,41,285,45,44,382,386,284,397,51,379,396,378,380,147,278,46,283,282,270,394,296,145,36,38,224,37,35,39,66,40,279,43,162,42,399,156,400,94,9,230,3,333,77,78,100,440,172,265,199,197,161,107,317,261,264,266,336,58,160,129,126,229,7,155,112,236,340,237,238,95,128,119,154,223,159,273,158,8,122,127,140,116,193,91,118,168,4,6,169,142,138,135,104,132,123,120,358,136,97,137,133,124,106,108,111,139,131,141,113,117,313,92,411,105,341,61,318,319,54,99,274,342,315,408,344,314,62,60,148,320,96,268,356,316,267,153,351,18,134,114,412,57,413,121,130,125,115,231,5,56,110,67,65,191,271,72,87,277,355,89,76,68,377,71,370,374,17,74,346,275,276,371,55,367,73,152,357,109,75,335,59,196,343,194,195,63,220,215,33,70,347,166,173,64,170,34,401,143,354,144,151,149,222,353,150,407,406,163,227,405,221,190,228,192,226,233,225,82,235,234,352,84,85,83,366,176,232,53,303,86,350,177,189,365,345,364,363,302,167,362,219,14,175,81,11,10,32,13,174,80,31,180,181,349,348,12,188,217,218,216,361,183,481,179,301,79,182,427,16,430,487,429,428,15,0,455,445,19,450,448,1,260,453,464,446,484,485,442,439,432,479,456,451,438,431,447,449,467,470,28,452,436,458,465,462,473,461,422,20,433,476,488,257,471,459,477,256,468,474,437,454,517,457,509,259,423,444,258,480,486,482,483,506,187,508,359,21,185,184,186,23,24,22,25,360,26,498,528,30,27,425,29,489,322,324,325,323,388,526,510,527,525,499,490,503,390,391,515,321,505,504,389,507,426,434,500,435,523,497,524,529,516,533,424,101,501,103,511,514,513,512,102,519,502,329,327,330,518,520,521,326,494,522,331,2,328,534,535,531,532,536,495,530,491,493,492,496,
402,369,403,404,309,69,241,311,250,254,305,308,310,306,253,304,255,247,252,246,251,410,243,242,249,248,240,245,466,478,244,463,368,475,90,295,419,469,472,307,312,460,417,293,298,297,376,286,421,409,375,281,287,239,300,292,290,299,443,420,338,198,373,214,211,415,418,339,209,203,269,416,157,210,202,204,398,205,201,200,208,207,291,289,288,98,206,212,213,50,387,334,88,385,372,384,280,383,414,178,263,262,393,395,52,49,337,93,441,272,48,146,171,164,332,47,165,381,392,294,382,285,45,41,386,44,284,397,51,396,379,380,378,147,278,46,283,282,394,270,296,36,145,38,224,35,37,39,66,40,279,43,162,42,399,400,156,94,9,230,3,333,77,78,100,440,172,265,199,197,161,107,317,261,264,266,336,129,58,160,126,229,7,155,236,112,340,95,237,238,119,154,128,223,159,122,8,158,273,127,116,193,140,91,118,168,4,169,6,142,132,123,104,138,135,120,97,137,136,133,358,124,106,139,111,108,113,141,131,313,92,117,61,105,411,318,341,319,342,54,274,99,408,315,344,314,62,148,60,320,316,268,356,96,267,153,351,18,134,412,114,57,121,413,231,125,115,130,5,110,56,67,65,191,72,271,355,277,87,89,68,76,17,71,377,370,374,74,346,275,276,371,367,55,152,73,357,109,75,335,59,196,194,343,195,63,220,70,33,215,166,347,173,64,170,401,143,34,354,144,149,151,222,353,150,406,407,227,405,163,221,233,190,192,226,228,82,225,234,235,352,84,366,85,83,232,53,303,176,86,350,365,177,189,345,364,362,302,363,167,219,14,81,175,11,10,32,13,80,31,174,180,181,349,348,12,216,218,188,217,361,183,179,481,79,301,182,427,16,430,487,428,429,0,15,455,445,450,19,448,1,453,260,446,464,484,442,485,432,439,479,456,438,451,431,447,449,467,470,28,452,436,458,465,462,473,422,461,20,488,433,476,257,477,468,256,474,459,437,471,454,517,457,509,423,259,444,258,486,482,480,483,506,187,508,359,21,185,184,24,22,186,23,25,360,26,528,498,27,30,29,425,324,322,489,323,388,325,526,510,527,390,391,503,490,525,499,515,321,504,505,389,426,507,434,500,435,497,523,529,424,516,533,524,501,101,513,103,511,514,102,512,519,502,518,329,327,330,521,520,494,326,522,2,331,328,491,530,535,531,536,495,496,492,532,534,493,
402,369,403,404,309,69,241,311,250,254,305,310,308,306,253,304,255,247,252,246,251,410,243,242,248,249,240,245,466,478,244,463,475,90,368,295,419,469,472,307,312,460,417,293,298,297,376,286,421,409,375,281,287,239,300,292,290,299,443,420,338,198,373,214,211,415,418,339,209,203,269,416,157,210,202,398,204,205,201,200,208,207,291,289,288,206,98,212,213,387,50,334,88,385,372,384,383,280,414,178,262,263,393,395,52,49,337,93,441,272,48,146,171,164,332,47,392,165,381,294,382,45,386,41,44,285,397,284,51,380,396,379,378,147,278,46,283,282,394,270,296,145,36,38,224,37,35,39,66,40,279,43,162,42,399,156,400,94,9,230,3,333,77,78,100,440,172,265,199,197,107,161,317,264,261,266,336,58,160,129,126,229,7,112,155,236,340,237,238,95,154,128,119,223,159,158,122,8,273,127,140,193,116,91,118,168,4,169,6,142,138,104,132,135,120,123,358,133,137,97,136,106,124,108,139,111,141,113,131,313,92,117,61,341,411,105,318,319,54,274,342,99,408,315,314,344,62,148,60,320,268,267,356,316,96,18,153,351,121,412,57,114,134,413,115,231,130,125,110,5,56,271,67,72,191,65,277,87,355,89,68,76,374,370,17,377,71,346,275,74,276,371,367,55,73,152,357,109,335,75,59,196,343,194,63,195,220,33,215,70,166,347,173,64,170,143,34,401,354,144,151,149,222,353,150,406,407,405,163,227,190,233,226,192,221,228,225,82,235,234,352,85,83,84,366,53,232,176,303,86,350,177,189,365,345,364,302,167,362,219,363,175,14,81,11,10,13,32,180,174,80,31,181,349,348,12,216,188,218,217,361,183,481,179,79,301,182,427,16,430,487,428,429,15,0,455,445,19,450,1,448,453,260,464,484,446,442,485,439,432,456,479,438,431,451,447,449,470,467,28,436,452,462,465,458,473,461,422,20,488,433,476,257,437,477,468,459,256,471,474,454,517,457,509,259,423,444,258,480,486,482,483,506,187,508,359,21,185,24,184,22,186,23,25,360,26,498,528,30,425,29,27,322,324,489,388,325,323,526,510,527,391,503,525,390,490,499,515,321,504,389,505,507,426,500,434,435,523,497,524,516,533,529,424,101,501,511,102,103,514,512,513,519,502,518,327,329,330,520,494,326,521,522,2,328,331,491,531,532,493,535,536,496,495,492,534,530,
402,369,403,404,309,69,241,311,250,254,305,308,310,306,253,304,255,247,252,246,251,410,243,242,249,248,240,245,466,478,244,463,90,368,475,295,419,469,472,307,312,460,417,293,298,297,376,286,421,409,375,281,287,239,300,292,290,299,443,420,338,198,373,214,211,415,418,339,209,203,416,269,157,210,202,398,204,205,201,200,207,208,291,289,288,206,98,212,213,50,387,334,88,385,372,384,280,383,414,178,262,263,393,395,52,49,337,93,272,441,48,146,171,164,332,47,165,392,381,294,44,285,41,45,386,382,51,397,284,380,379,396,378,147,46,278,283,282,394,270,296,36,145,38,224,37,35,39,66,279,40,43,162,42,399,400,156,94,230,9,3,333,77,100,78,440,172,265,199,197,107,161,317,261,264,266,336,160,58,129,126,229,7,112,236,155,340,237,238,95,154,128,119,223,159,158,273,122,8,127,193,116,140,91,118,168,4,6,169,142,135,138,104,132,120,123,137,358,133,136,97,106,124,108,111,139,113,141,131,92,117,313,105,318,341,411,61,319,99,274,54,342,408,315,344,314,60,62,148,320,316,267,96,268,356,153,18,351,134,121,114,413,412,57,231,130,115,125,5,56,110,65,72,191,271,67,355,87,277,89,76,68,17,377,370,71,374,275,346,74,371,276,367,55,73,152,357,109,75,335,59,196,343,194,195,63,220,70,33,215,166,347,64,173,170,143,401,34,354,144,151,149,222,353,150,406,407,163,227,405,190,221,192,226,233,228,82,225,235,234,352,366,84,83,85,53,303,232,176,86,350,189,177,365,345,364,302,219,362,363,167,14,81,175,11,10,13,32,174,80,180,31,349,181,12,348,216,217,188,218,361,183,179,481,301,79,182,427,16,430,487,428,429,0,15,455,445,450,19,1,448,260,453,484,464,446,485,442,439,432,456,479,431,451,438,449,447,467,470,28,452,436,458,465,462,473,461,422,20,488,433,476,257,468,459,477,471,256,437,474,454,517,457,509,259,423,444,258,482,486,480,483,506,187,508,359,21,185,22,24,23,186,184,25,360,26,498,528,29,30,27,425,322,489,324,388,325,323,510,526,527,390,490,499,503,391,525,515,321,505,504,389,507,426,434,500,435,523,497,529,533,524,516,424,501,101,103,511,514,513,102,512,519,502,330,327,329,518,520,521,494,522,326,2,328,331,493,495,535,534,491,531,496,532,492,530,536,
402,369,403,404,309,69,241,311,250,254,305,308,310,306,253,304,255,247,252,246,251,410,243,242,249,248,240,245,466,478,244,463,368,90,475,295,419,469,472,307,312,460,417,293,298,297,376,286,421,375,409,281,287,239,300,292,290,299,443,420,338,198,373,214,211,418,415,339,203,209,416,269,157,202,210,204,398,205,201,200,207,208,291,289,288,206,98,212,213,387,50,334,88,385,372,384,383,280,414,178,262,263,393,395,52,49,337,93,272,441,48,146,171,164,332,47,165,392,381,294,44,285,41,45,382,386,284,51,397,380,378,379,396,147,46,278,283,282,270,394,296,145,36,38,224,37,35,39,279,66,40,43,162,42,399,156,400,94,9,230,3,333,77,100,78,440,172,265,199,197,161,107,317,264,261,266,336,58,129,160,126,229,7,112,155,236,340,238,95,237,119,128,154,223,159,273,8,122,158,127,116,140,193,91,118,168,4,6,169,142,104,120,138,123,135,132,133,137,136,358,97,124,106,108,111,139,113,141,131,117,92,313,411,341,61,105,318,319,274,54,342,99,315,408,344,314,148,60,62,320,316,267,268,356,96,351,18,153,121,413,412,134,114,57,130,231,115,125,110,56,5,72,191,67,271,65,355,87,277,89,76,68,377,71,374,370,17,346,275,74,371,276,55,367,73,152,357,109,335,75,59,196,194,343,195,63,220,70,33,215,347,166,173,64,170,143,34,401,354,144,151,149,353,222,407,150,406,405,227,163,192,190,221,228,226,233,82,225,235,234,352,83,366,84,85,176,232,303,53,86,350,177,365,189,364,345,167,219,362,302,363,175,14,81,11,32,10,13,174,80,180,31,181,349,12,348,216,217,218,188,361,183,179,481,301,79,182,427,16,430,487,429,428,0,15,455,445,19,450,448,1,453,260,464,484,446,485,442,439,432,456,479,438,451,431,447,449,470,467,28,452,436,465,462,458,473,461,422,20,488,433,476,257,459,256,468,437,471,477,474,454,517,457,509,259,444,423,258,482,480,486,483,506,187,508,359,21,185,23,186,24,184,22,25,360,26,528,498,425,27,29,30,324,489,322,388,325,323,526,510,527,525,503,390,391,499,490,515,321,504,505,389,426,507,434,500,435,523,497,424,524,516,529,533,501,101,512,513,514,103,102,511,519,502,327,329,330,518,522,521,326,494,520,2,328,331,531,495,530,534,491,536,496,532,492,535,493,
402,369,403,404,309,69,241,311,250,254,305,308,310,306,253,304,255,247,252,246,251,410,243,242,249,248,240,245,466,478,244,463,90,368,475,295,419,469,472,307,312,460,417,293,297,298,376,286,421,409,375,281,287,239,300,292,290,299,443,420,338,198,373,214,211,415,418,339,209,203,416,269,157,210,202,398,204,205,201,200,208,207,291,289,288,206,98,212,213,387,50,334,88,385,372,384,383,280,414,178,263,262,393,395,52,49,337,93,272,441,48,146,171,164,332,47,392,165,381,294,41,386,285,382,44,45,397,51,284,379,396,380,378,147,46,278,283,282,394,270,296,145,36,38,224,35,37,39,279,40,66,43,162,42,399,156,400,94,230,9,3,333,77,100,78,440,172,265,199,197,161,107,317,264,261,266,336,58,129,160,126,229,7,236,155,112,340,238,237,95,119,154,128,223,159,8,122,158,273,127,140,193,116,91,118,4,168,169,6,142,132,135,120,123,104,138,137,358,136,133,97,124,106,108,139,111,113,141,131,117,313,92,105,341,61,411,318,319,342,99,54,274,315,408,314,344,62,60,148,320,267,96,356,268,316,351,18,153,412,134,114,121,413,57,231,130,125,115,5,110,56,67,65,191,72,271,355,277,87,89,76,68,370,377,71,374,17,346,275,74,276,371,55,367,73,152,357,109,335,75,59,196,343,194,63,195,220,70,215,33,347,166,173,64,170,143,401,34,354,144,151,149,353,222,407,406,150,227,163,405,221,192,228,226,190,233,82,225,235,234,352,84,366,83,85,176,53,232,303,350,86,189,177,365,345,364,302,219,363,167,362,175,81,14,11,32,13,10,174,31,80,180,181,349,348,12,216,217,188,218,361,183,179,481,301,79,182,427,16,430,487,429,428,15,0,455,445,19,450,1,448,453,260,464,484,446,485,442,432,439,456,479,451,438,431,447,449,467,470,28,452,436,462,465,458,473,422,461,20,488,433,476,257,468,437,471,477,474,256,459,454,517,457,509,259,423,444,258,486,480,482,483,506,187,508,359,21,185,22,23,186,184,24,25,360,26,498,528,30,27,29,425,489,324,322,325,323,388,510,526,527,390,503,525,499,490,391,515,321,505,504,389,426,507,434,500,435,523,497,516,424,533,529,524,501,101,102,514,512,511,513,103,519,502,329,327,518,330,520,521,522,494,326,328,2,331,536,492,531,534,535,495,532,491,493,530,496,
402,369,403,404,309,69,241,311,250,254,305,308,310,306,253,304,255,247,252,246,251,410,243,242,248,249,240,245,466,478,244,463,368,475,90,295,419,469,472,307,312,460,417,293,298,297,376,286,421,375,409,281,287,239,300,292,290,299,443,420,338,198,373,214,211,418,415,339,209,203,269,416,157,202,210,398,204,205,201,200,208,207,291,289,288,98,206,212,213,387,50,334,88,385,372,384,383,280,414,178,262,263,393,395,52,49,337,93,441,272,48,146,171,164,332,47,165,392,381,294,382,44,285,45,386,41,284,51,397,379,378,380,396,147,278,46,283,282,394,270,296,36,145,38,224,37,35,39,279,66,40,43,162,42,399,400,156,94,230,9,3,333,77,100,78,440,172,265,199,197,161,107,317,264,261,266,336,58,160,129,126,229,7,236,112,155,340,237,95,238,154,128,119,223,159,273,158,8,122,127,140,193,116,91,118,168,4,6,169,142,138,135,123,132,120,104,133,358,136,137,97,106,124,108,111,139,113,131,141,313,117,92,341,411,318,61,105,319,342,99,274,54,315,408,314,344,148,62,60,320,268,96,356,267,316,18,153,351,121,413,412,114,134,57,115,130,125,231,56,5,110,271,65,67,191,72,277,355,87,89,76,68,370,71,377,17,374,346,74,275,371,276,367,55,73,152,357,109,335,75,59,196,194,343,63,195,220,33,215,70,166,347,64,173,170,143,34,401,354,144,151,149,353,222,406,407,150,405,163,227,228,221,192,190,233,226,82,225,234,235,352,83,85,84,366,232,303,53,176,86,350,365,177,189,345,364,219,302,362,363,167,175,81,14,11,13,10,32,180,31,80,174,181,349,12,348,217,188,216,218,361,183,481,179,79,301,182,427,16,430,487,429,428,15,0,455,445,450,19,1,448,260,453,484,464,446,485,442,439,432,479,456,451,438,431,449,447,470,467,28,436,452,465,458,462,473,461,422,20,488,433,476,257,477,437,471,474,459,256,468,454,517,457,509,423,259,444,258,482,480,486,483,506,187,508,359,21,185,186,24,184,22,23,25,360,26,498,528,27,425,30,29,322,489,324,325,323,388,510,526,527,390,490,525,391,503,499,515,321,504,389,505,426,507,500,434,435,523,497,529,516,524,533,424,501,101,512,511,514,513,103,102,519,502,329,330,518,327,494,522,520,521,326,328,2,331,496,531,534,530,495,532,535,491,492,536,493,
402,369,403,404,309,69,241,311,250,254,305,310,308,306,253,304,255,247,252,246,251,410,243,242,248,249,240,245,466,478,244,463,90,475,368,295,419,469,472,307,312,460,417,293,298,297,376,286,421,375,409,281,287,239,300,292,290,299,443,420,338,198,373,214,211,418,415,339,209,203,416,269,157,202,210,398,204,205,201,200,207,208,291,289,288,98,206,212,213,387,50,334,88,385,372,384,383,280,414,178,263,262,393,395,52,49,337,93,441,272,48,146,171,164,332,47,392,165,381,294,285,382,386,45,44,41,51,397,284,380,379,378,396,147,46,278,283,282,394,270,296,36,145,38,224,35,37,39,40,279,66,43,162,42,399,156,400,94,9,230,3,333,77,78,100,440,172,265,199,197,107,161,317,264,261,266,336,160,58,129,126,229,7,112,155,236,340,237,238,95,154,119,128,223,159,122,158,273,8,127,140,116,193,91,118,4,168,169,6,142,138,120,135,123,132,104,97,137,358,133,136,124,106,108,139,111,141,113,131,313,92,117,318,341,61,411,105,319,342,99,54,274,408,315,344,314,62,148,60,320,267,316,96,268,356,153,351,18,134,413,412,114,121,57,231,125,130,115,56,5,110,67,72,65,271,191,277,355,87,89,76,68,377,17,370,374,71,74,346,275,371,276,367,55,152,73,357,109,75,335,59,196,343,194,63,195,220,70,215,33,166,347,173,64,170,401,143,34,354,144,151,149,222,353,406,150,407,227,405,163,192,226,228,190,233,221,225,82,234,235,352,366,85,83,84,232,176,53,303,86,350,189,365,177,345,364,219,167,302,363,362,81,14,175,11,13,10,32,180,80,31,174,181,349,12,348,217,216,188,218,361,183,179,481,301,79,182,427,16,430,487,429,428,15,0,455,445,19,450,448,1,453,260,446,464,484,442,485,432,439,479,456,438,451,431,447,449,467,470,28,436,452,458,462,465,473,461,422,20,476,433,488,257,471,474,256,477,468,437,459,454,517,457,509,423,444,259,258,480,482,486,483,506,187,508,359,21,185,184,22,186,24,23,25,360,26,528,498,27,30,29,425,324,489,322,325,388,323,526,510,527,525,499,390,503,490,391,515,321,389,505,504,507,426,434,500,435,523,497,524,533,516,424,529,101,501,513,511,103,102,512,514,519,502,327,518,330,329,521,326,494,522,520,328,331,2,491,493,531,530,536,492,495,532,496,535,534,
402,369,403,404,309,69,241,311,250,254,305,310,308,306,253,304,255,247,252,246,251,410,243,242,248,249,240,245,466,478,244,463,475,90,368,295,419,469,472,307,312,460,417,293,298,297,376,286,421,375,409,281,287,239,300,292,290,299,443,420,338,198,373,214,211,418,415,339,209,203,269,416,157,210,202,204,398,205,201,200,207,208,291,289,288,206,98,212,213,387,50,334,88,385,372,384,280,383,414,178,263,262,393,395,52,49,337,93,272,441,146,48,171,164,332,47,392,381,165,294,45,382,285,44,386,41,397,284,51,396,380,378,379,147,278,46,283,282,394,270,296,36,145,38,224,35,37,39,40,66,279,43,162,42,399,400,156,94,9,230,3,333,77,78,100,440,172,265,199,197,161,107,317,261,264,266,336,58,129,160,126,229,7,112,155,236,340,238,237,95,154,128,119,223,159,158,122,273,8,127,193,140,116,91,118,168,4,6,169,142,132,138,135,123,120,104,358,136,133,137,97,124,106,111,108,139,141,131,113,313,117,92,341,318,105,411,61,319,342,54,99,274,315,408,344,314,60,62,148,320,356,96,267,316,268,18,153,351,57,412,413,114,121,134,130,125,231,115,110,56,5,271,67,191,72,65,87,277,355,89,76,68,377,374,71,17,370,346,74,275,276,371,367,55,152,73,357,109,75,335,59,196,343,194,195,63,220,215,33,70,166,347,173,64,170,34,401,143,354,144,149,151,222,353,150,407,406,405,163,227,221,228,233,226,192,190,82,225,235,234,352,85,366,83,84,232,53,176,303,86,350,365,189,177,345,364,219,363,167,302,362,14,175,81,11,13,10,32,180,80,174,31,349,181,12,348,218,217,216,188,361,183,179,481,79,301,182,427,16,430,487,428,429,15,0,455,445,19,450,448,1,453,260,484,446,464,442,485,432,439,479,456,438,431,451,449,447,470,467,28,452,436,462,465,458,473,422,461,20,433,476,488,257,468,474,471,459,477,437,256,454,517,457,509,423,444,259,258,480,486,482,483,506,187,508,359,21,185,23,24,22,186,184,25,360,26,498,528,29,27,30,425,489,322,324,325,323,388,510,526,527,490,525,503,390,499,391,515,321,389,505,504,426,507,434,500,435,497,523,529,524,516,424,533,501,101,102,103,511,513,514,512,519,502,327,518,330,329,522,520,521,494,326,328,331,2,534,495,536,496,491,535,531,530,532,493,492,
402,369,403,404,309,69,241,311,250,254,305,310,308,306,253,304,255,247,252,246,251,410,243,242,249,248,240,245,466,478,244,463,475,90,368,295,419,469,472,307,312,460,417,293,297,298,376,286,421,409,375,281,287,239,300,292,290,299,443,420,338,198,373,214,211,415,418,339,203,209,416,269,157,210,202,398,204,205,201,200,207,208,291,289,288,206,98,212,213,50,387,334,88,385,372,384,383,280,414,178,262,263,393,395,52,49,337,93,272,441,146,48,171,164,332,47,381,392,165,294,285,44,41,382,386,45,284,397,51,378,379,380,396,147,46,278,283,282,394,270,296,145,36,38,224,35,37,39,279,66,40,43,162,42,399,400,156,94,230,9,3,333,77,78,100,440,172,265,199,197,107,161,317,261,264,266,336,160,58,129,126,229,7,236,112,155,340,237,238,95,119,154,128,223,159,122,158,8,273,127,140,193,116,91,118,168,4,6,169,142,123,135,138,104,132,120,97,136,133,137,358,106,124,108,139,111,141,131,113,117,92,313,411,61,341,105,318,319,342,274,54,99,408,315,344,314,60,62,148,320,96,268,267,356,316,18,153,351,412,134,121,413,57,114,231,130,125,115,5,56,110,72,67,271,65,191,355,277,87,89,68,76,377,374,370,71,17,346,74,275,371,276,367,55,152,73,357,109,335,75,59,196,343,194,195,63,220,215,70,33,166,347,64,173,170,401,34,143,354,144,151,149,353,222,407,150,406,163,227,405,190,233,226,221,228,192,82,225,234,235,352,83,84,366,85,303,232,176,53,350,86,365,177,189,364,345,362,363,302,219,167,175,14,81,11,10,13,32,80,174,31,180,349,181,12,348,217,188,218,216,361,183,481,179,301,79,182,427,16,430,487,428,429,0,15,455,445,450,19,448,1,453,260,446,464,484,485,442,439,432,479,456,451,431,438,447,449,470,467,28,436,452,465,462,458,473,461,422,20,476,488,433,257,459,477,471,474,437,468,256,454,517,457,509,444,259,423,258,480,482,486,483,506,187,508,359,21,185,186,22,23,184,24,25,360,26,528,498,30,425,29,27,324,322,489,388,325,323,526,510,527,499,503,391,390,525,490,515,321,505,504,389,507,426,500,434,435,523,497,533,424,529,516,524,501,101,103,514,513,511,102,512,519,502,518,327,330,329,522,494,326,520,521,331,2,328,535,530,491,532,493,492,534,496,495,531,536,
402,369,403,404,309,69,241,311,250,254,305,308,310,306,253,304,255,247,252,246,251,410,243,242,248,249,240,245,466,478,244,463,90,368,475,295,419,469,472,307,312,460,417,293,297,298,376,286,421,375,409,281,287,239,300,292,290,299,443,420,338,198,373,214,211,415,418,339,209,203,269,416,157,202,210,204,398,205,201,200,208,207,291,289,288,98,206,212,213,387,50,334,88,385,372,384,280,383,414,178,263,262,393,395,52,49,337,93,272,441,48,146,171,164,332,47,165,381,392,294,382,45,386,44,41,285,397,284,51,380,379,396,378,147,46,278,283,282,270,394,296,145,36,38,224,37,35,39,279,66,40,43,162,42,399,156,400,94,230,9,3,333,77,100,78,440,172,265,199,197,161,107,317,264,261,266,336,129,58,160,126,229,7,155,112,236,340,238,237,95,119,154,128,223,159,273,8,122,158,127,116,193,140,91,118,168,4,6,169,142,123,104,120,135,132,138,137,136,358,97,133,106,124,108,111,139,141,131,113,92,313,117,318,341,105,61,411,319,54,342,274,99,315,408,344,314,62,60,148,320,316,267,96,268,356,351,18,153,134,114,57,413,412,121,231,125,115,130,56,110,5,271,191,67,72,65,355,277,87,89,76,68,17,377,370,71,374,346,275,74,276,371,367,55,152,73,357,109,75,335,59,196,194,343,195,63,220,70,215,33,347,166,64,173,170,401,143,34,354,144,151,149,222,353,150,407,406,405,163,227,221,228,233,190,226,192,82,225,235,234,352,83,85,366,84,53,176,303,232,86,350,189,177,365,364,345,362,302,167,219,363,14,175,81,11,10,13,32,31,80,180,174,181,349,12,348,216,188,218,217,361,183,481,179,79,301,182,427,16,430,487,428,429,15,0,455,445,19,450,448,1,453,260,464,484,446,485,442,432,439,456,479,438,451,431,449,447,470,467,28,436,452,462,465,458,473,461,422,20,476,433,488,257,474,477,437,471,256,468,459,454,517,457,509,444,259,423,258,480,482,486,483,506,187,508,359,21,185,23,24,186,22,184,25,360,26,528,498,27,30,425,29,489,324,322,323,388,325,510,526,527,390,499,391,503,525,490,515,321,389,504,505,426,507,500,434,435,523,497,529,524,516,424,533,501,101,514,511,102,513,512,103,519,502,518,330,327,329,522,326,520,494,521,2,331,328,531,534,492,536,530,495,535,493,532,496,491,
402,369,403,404,309,69,241,311,250,254,305,310,308,306,253,304,255,247,252,246,251,410,243,242,248,249,240,245,466,478,244,463,368,90,475,295,419,469,472,307,312,460,417,293,298,297,376,286,421,375,409,281,287,239,300,292,290,299,443,420,338,198,373,214,211,418,415,339,203,209,416,269,157,202,210,204,398,205,201,200,207,208,291,289,288,98,206,212,213,50,387,334,88,385,372,384,383,280,414,178,263,262,393,395,52,49,337,93,441,272,48,146,171,164,332,47,165,392,381,294,41,285,45,382,44,386,284,51,397,396,378,380,379,147,46,278,283,282,394,270,296,145,36,38,224,35,37,39,40,279,66,43,162,42,399,400,156,94,9,230,3,333,77,78,100,440,172,265,199,197,107,161,317,264,261,266,336,129,58,160,126,229,7,112,155,236,340,237,95,238,154,128,119,223,159,122,158,273,8,127,193,116,140,91,118,4,168,169,6,142,123,104,138,135,132,120,137,358,97,136,133,124,106,139,111,108,113,131,141,117,92,313,411,318,61,341,105,319,342,274,99,54,408,315,314,344,60,148,62,320,268,96,316,356,267,18,351,153,114,57,134,413,121,412,125,130,231,115,5,56,110,72,67,271,65,191,277,355,87,89,68,76,17,374,71,370,377,74,275,346,371,276,55,367,152,73,357,109,75,335,59,196,194,343,195,63,220,70,215,33,166,347,64,173,170,401,34,143,354,144,149,151,353,222,406,407,150,163,405,227,226,228,233,190,221,192,225,82,235,234,352,83,366,84,85,176,303,53,232,350,86,189,177,365,345,364,363,219,362,302,167,14,175,81,11,13,32,10,180,174,80,31,349,181,348,12,218,188,217,216,361,183,179,481,301,79,182,427,16,430,487,428,429,15,0,455,445,19,450,1,448,453,260,484,446,464,442,485,432,439,456,479,451,438,431,447,449,470,467,28,452,436,462,458,465,473,422,461,20,476,433,488,257,477,459,437,474,256,471,468,454,517,457,509,444,423,259,258,482,486,480,483,506,187,508,359,21,185,23,24,186,184,22,25,360,26,498,528,425,29,30,27,489,322,324,323,325,388,510,526,527,503,525,499,391,390,490,515,321,505,504,389,426,507,434,500,435,497,523,516,529,424,533,524,101,501,513,103,102,512,511,514,519,502,329,327,330,518,326,494,521,520,522,331,2,328,495,535,534,531,491,496,492,493,530,532,536,
402,369,403,404,309,69,241,311,250,254,305,308,310,306,253,304,255,247,252,246,251,410,243,242,248,249,240,245,466,478,244,463,368,475,90,295,419,469,472,307,312,460,417,293,298,297,376,286,421,409,375,281,287,239,300,292,290,299,443,420,338,198,373,214,211,415,418,339,209,203,269,416,157,210,202,204,398,205,201,200,208,207,291,289,288,98,206,212,213,50,387,334,88,385,372,384,383,280,414,178,263,262,393,395,52,49,337,93,272,441,48,146,171,164,332,47,392,165,381,294,386,45,285,41,44,382,284,397,51,380,378,396,379,147,278,46,283,282,394,270,296,36,145,38,224,37,35,39,66,40,279,43,162,42,399,156,400,94,230,9,3,333,77,100,78,440,172,265,199,197,161,107,317,261,264,266,336,160,129,58,126,229,7,112,236,155,340,95,238,237,128,119,154,223,159,8,122,273,158,127,193,140,116,91,118,4,168,6,169,142,123,132,135,138,104,120,133,358,97,137,136,124,106,108,111,139,131,113,141,313,92,117,341,318,411,105,61,319,342,274,54,99,408,315,314,344,60,148,62,320,96,316,267,356,268,18,351,153,134,413,121,57,412,114,231,130,125,115,110,56,5,67,65,271,191,72,355,87,277,89,68,76,71,370,17,374,377,74,346,275,276,371,55,367,152,73,357,109,75,335,59,196,343,194,63,195,220,215,70,33,166,347,64,173,170,143,401,34,354,144,149,151,353,222,407,150,406,227,405,163,226,233,190,228,221,192,225,82,235,234,352,84,83,85,366,176,303,53,232,86,350,365,189,177,364,345,219,363,362,167,302,14,175,81,11,13,10,32,180,31,80,174,181,349,12,348,217,216,188,218,361,183,179,481,301,79,182,427,16,430,487,428,429,15,0,455,445,450,19,1,448,260,453,446,464,484,442,485,432,439,456,479,438,451,431,447,449,470,467,28,436,452,465,462,458,473,422,461,20,476,433,488,257,256,477,474,437,459,468,471,454,517,457,509,259,444,423,258,482,480,486,483,506,187,508,359,21,185,22,24,23,184,186,25,360,26,498,528,30,27,425,29,322,489,324,323,388,325,510,526,527,490,525,390,503,499,391,515,321,389,505,504,507,426,434,500,435,497,523,524,533,529,516,424,501,101,511,103,514,512,102,513,519,502,327,518,330,329,522,326,520,521,494,331,2,328,532,535,536,496,534,491,530,531,493,492,495,
402,369,403,404,309,69,241,311,250,254,305,310,308,306,253,304,255,247,252,246,251,410,243,242,248,249,240,245,466,478,244,463,90,475,368,295,419,469,472,307,312,460,417,293,298,297,376,286,421,409,375,281,287,239,300,292,290,299,443,420,338,198,373,214,211,418,415,339,203,209,416,269,157,210,202,398,204,205,201,200,208,207,291,289,288,98,206,212,213,50,387,334,88,385,372,384,280,383,414,178,263,262,393,395,52,49,337,93,441,272,48,146,171,164,332,47,381,165,392,294,382,41,45,285,386,44,51,284,397,379,396,380,378,147,278,46,283,282,394,270,296,36,145,38,224,35,37,39,40,66,279,43,162,42,399,156,400,94,230,9,3,333,77,100,78,440,172,265,199,197,161,107,317,261,264,266,336,58,129,160,126,229,7,112,236,155,340,238,237,95,128,154,119,223,159,8,273,158,122,127,140,193,116,91,118,4,168,169,6,142,120,135,138,104,123,132,133,137,358,97,136,124,106,139,108,111,131,113,141,92,117,313,318,341,105,411,61,319,54,99,342,274,315,408,344,314,62,148,60,320,267,268,316,356,96,18,153,351,121,57,114,412,413,134,130,125,115,231,5,110,56,191,65,67,72,271,355,87,277,89,68,76,17,374,370,71,377,275,346,74,371,276,55,367,152,73,357,109,75,335,59,196,343,194,195,63,220,70,33,215,166,347,64,173,170,143,34,401,354,144,149,151,222,353,407,406,150,227,163,405,233,190,221,192,226,228,225,82,235,234,352,83,366,84,85,176,232,53,303,350,86,365,177,189,364,345,363,362,219,167,302,175,81,14,11,13,32,10,80,31,174,180,181,349,348,12,188,218,217,216,361,183,179,481,301,79,182,427,16,430,487,429,428,0,15,455,445,19,450,1,448,260,453,464,484,446,442,485,439,432,479,456,451,431,438,447,449,467,470,28,436,452,465,458,462,473,422,461,20,488,433,476,257,256,468,437,459,474,471,477,454,517,457,509,423,259,444,258,480,486,482,483,506,187,508,359,21,185,23,184,24,22,186,25,360,26,528,498,27,30,425,29,489,324,322,388,325,323,526,510,527,503,391,390,525,499,490,515,321,505,504,389,507,426,434,500,435,497,523,524,533,424,516,529,501,101,512,513,511,102,103,514,519,502,330,327,518,329,494,520,522,326,521,2,331,328,495,492,535,493,532,530,496,534,536,531,491,
402,369,403,404,309,69,241,311,250,254,305,308,310,306,253,304,255,247,252,246,251,410,243,242,249,248,240,245,466,478,244,463,90,475,368,295,419,469,472,307,312,460,417,293,297,298,376,286,421,409,375,281,287,239,300,292,290,299,443,420,338,198,373,214,211,415,418,339,203,209,269,416,157,202,210,204,398,205,201,200,207,208,291,289,288,206,98,212,213,387,50,334,88,385,372,384,280,383,414,178,262,263,393,395,52,49,337,93,272,441,48,146,171,164,332,47,392,165,381,294,41,285,45,386,44,382,397,51,284,378,396,379,380,147,46,278,283,282,394,270,296,145,36,38,224,37,35,39,279,66,40,43,162,42,399,156,400,94,9,230,3,333,77,78,100,440,172,265,199,197,107,161,317,264,261,266,336,160,129,58,126,229,7,155,236,112,340,238,95,237,128,119,154,223,159,158,273,122,8,127,193,116,140,91,118,4,168,6,169,142,120,138,123,132,135,104,97,133,136,137,358,124,106,139,111,108,131,113,141,92,313,117,105,411,341,61,318,319,342,99,274,54,315,408,314,344,148,62,60,320,316,267,356,96,268,153,351,18,121,134,413,114,412,57,115,130,125,231,56,110,5,191,72,271,65,67,277,355,87,89,68,76,370,17,71,377,374,346,74,275,371,276,55,367,152,73,357,109,75,335,59,196,343,194,195,63,220,215,33,70,166,347,173,64,170,34,143,401,354,144,149,151,222,353,150,407,406,163,405,227,228,192,233,221,226,190,225,82,234,235,352,85,83,84,366,176,53,232,303,86,350,189,365,177,364,345,362,219,302,167,363,175,14,81,11,10,13,32,31,174,80,180,349,181,12,348,218,217,188,216,361,183,481,179,79,301,182,427,16,430,487,428,429,0,15,455,445,450,19,448,1,453,260,446,464,484,442,485,439,432,456,479,431,451,438,447,449,470,467,28,436,452,465,458,462,473,422,461,20,488,476,433,257,256,477,468,471,437,474,459,454,517,457,509,259,423,444,258,486,482,480,483,506,187,508,359,21,185,186,23,184,24,22,25,360,26,498,528,27,29,30,425,324,322,489,388,323,325,510,526,527,525,490,390,503,391,499,515,321,504,505,389,507,426,500,434,435,497,523,424,529,524,533,516,101,501,513,511,102,512,514,103,519,502,330,518,327,329,326,521,494,522,520,331,2,328,496,536,532,531,534,530,491,535,495,493,492,
402,369,403,404,309,69,241,311,250,254,305,310,308,306,253,304,255,247,252,246,251,410,243,242,248,249,240,245,466,478,244,463,90,475,368,295,419,469,472,307,312,460,417,293,298,297,376,286,421,375,409,281,287,239,300,292,290,299,443,420,338,198,373,214,211,415,418,339,203,209,416,269,157,210,202,204,398,205,201,200,208,207,291,289,288,206,98,212,213,387,50,334,88,385,372,384,383,280,414,178,263,262,393,395,52,49,337,93,272,441,146,48,171,164,332,47,392,381,165,294,44,386,382,285,41,45,397,284,51,396,378,379,380,147,46,278,283,282,270,394,296,36,145,38,224,37,35,39,279,40,66,43,162,42,399,400,156,94,230,9,3,333,77,100,78,440,172,265,199,197,161,107,317,261,264,266,336,129,160,58,126,229,7,236,112,155,340,237,95,238,128,154,119,223,159,273,122,8,158,127,140,193,116,91,118,168,4,6,169,142,135,123,120,138,132,104,97,133,358,136,137,124,106,111,108,139,113,131,141,92,117,313,411,318,341,61,105,319,99,274,54,342,315,408,344,314,62,148,60,320,96,356,268,267,316,153,351,18,114,134,412,57,413,121,115,231,130,125,5,56,110,191,67,271,72,65,277,87,355,89,76,68,17,374,377,370,71,275,346,74,276,371,55,367,73,152,357,109,335,75,59,196,343,194,195,63,220,215,70,33,166,347,173,64,170,401,34,143,354,144,151,149,222,353,407,150,406,227,163,405,228,226,190,233,192,221,225,82,234,235,352,366,83,85,84,232,176,53,303,86,350,177,365,189,345,364,302,167,362,219,363,175,81,14,11,32,13,10,180,80,31,174,349,181,12,348,218,216,217,188,361,183,179,481,301,79,182,427,16,430,487,428,429,0,15,455,445,19,450,448,1,453,260,464,446,484,442,485,439,432,479,456,431,438,451,447,449,467,470,28,452,436,458,465,462,473,461,422,20,433,476,488,257,477,474,471,256,437,459,468,454,517,457,509,444,259,423,258,482,486,480,483,506,187,508,359,21,185,186,23,184,22,24,25,360,26,498,528,425,30,27,29,324,489,322,325,323,388,526,510,527,391,503,490,525,390,499,515,321,504,389,505,507,426,500,434,435,523,497,424,516,533,524,529,501,101,512,514,511,103,513,102,519,502,518,327,330,329,522,494,520,521,326,328,2,331,493,535,492,495,531,530,536,496,491,534,532,
402,369,403,404,309,69,241,311,250,254,305,310,308,306,253,304,255,247,252,246,251,410,243,242,249,248,240,245,466,478,244,463,475,90,368,295,419,469,472,307,312,460,417,293,297,298,376,286,421,375,409,281,287,239,300,292,290,299,443,420,338,198,373,214,211,415,418,339,209,203,416,269,157,210,202,398,204,205,201,200,208,207,291,289,288,98,206,212,213,387,50,334,88,385,372,384,383,280,414,178,263,262,393,395,52,49,337,93,272,441,48,146,171,164,332,47,165,381,392,294,285,44,41,45,386,382,284,397,51,379,378,396,380,147,278,46,283,282,394,270,296,145,36,38,224,35,37,39,279,40,66,43,162,42,399,156,400,94,9,230,3,333,77,100,78,440,172,265,199,197,161,107,317,264,261,266,336,58,160,129,126,229,7,236,112,155,340,237,95,238,119,154,128,223,159,122,8,158,273,127,193,116,140,91,118,4,168,6,169,142,120,104,132,123,135,138,137,97,136,358,133,124,106,139,111,108,131,141,113,92,313,117,105,411,61,341,318,319,99,342,274,54,408,315,344,314,148,62,60,320,267,268,356,96,316,153,351,18,413,412,57,114,121,134,231,125,115,130,5,56,110,67,72,191,65,271,355,277,87,89,76,68,377,374,17,71,370,346,275,74,276,371,55,367,73,152,357,109,335,75,59,196,343,194,63,195,220,215,70,33,347,166,64,173,170,401,143,34,354,144,149,151,353,222,406,150,407,163,405,227,228,233,221,190,226,192,82,225,234,235,352,366,84,85,83,53,176,303,232,86,350,365,177,189,345,364,362,167,302,219,363,14,81,175,11,13,10,32,174,80,31,180,181,349,348,12,218,216,217,188,361,183,179,481,301,79,182,427,16,430,487,428,429,0,15,455,445,450,19,448,1,260,453,446,464,484,485,442,439,432,479,456,438,451,431,447,449,470,467,28,452,436,465,462,458,473,422,461,20,476,488,433,257,474,437,477,468,471,459,256,454,517,457,509,444,423,259,258,486,482,480,483,506,187,508,359,21,185,24,22,184,186,23,25,360,26,498,528,27,29,30,425,489,322,324,388,323,325,510,526,527,390,490,391,503,525,499,515,321,389,504,505,507,426,434,500,435,523,497,516,524,533,529,424,101,501,512,511,102,514,103,513,519,502,327,329,518,330,522,520,521,326,494,331,2,328,534,531,535,492,536,493,532,495,496,491,530,
402,369,403,404,309,69,241,311,250,254,305,310,308,306,253,304,255,247,252,246,251,410,243,242,248,249,240,245,466,478,244,463,368,475,90,295,419,469,472,307,312,460,417,293,298,297,376,286,421,409,375,281,287,239,300,292,290,299,443,420,338,198,373,214,211,415,418,339,209,203,269,416,157,202,210,398,204,205,201,200,207,208,291,289,288,206,98,212,213,387,50,334,88,385,372,384,383,280,414,178,263,262,393,395,52,49,337,93,272,441,48,146,171,164,332,47,381,392,165,294,44,285,386,45,41,382,284,51,397,396,380,379,378,147,278,46,283,282,394,270,296,36,145,38,224,37,35,39,279,40,66,43,162,42,399,156,400,94,230,9,3,333,77,100,78,440,172,265,199,197,161,107,317,261,264,266,336,58,160,129,126,229,7,236,155,112,340,238,95,237,119,154,128,223,159,273,158,122,8,127,193,140,116,91,118,4,168,6,169,142,123,120,138,132,135,104,137,133,97,358,136,124,106,139,108,111,113,131,141,117,92,313,61,411,341,318,105,319,54,99,342,274,315,408,344,314,148,62,60,320,356,96,316,268,267,351,153,18,57,114,121,412,134,413,115,231,130,125,5,110,56,67,191,271,72,65,355,87,277,89,76,68,370,377,17,374,71,74,275,346,276,371,55,367,152,73,357,109,335,75,59,196,343,194,63,195,220,70,215,33,347,166,173,64,170,143,34,401,354,144,149,151,353,222,150,407,406,163,405,227,233,192,221,226,190,228,225,82,235,234,352,366,84,85,83,53,176,232,303,86,350,177,189,365,364,345,362,302,167,219,363,14,81,175,11,10,32,13,174,80,31,180,181,349,348,12,218,217,188,216,361,183,179,481,79,301,182,427,16,430,487,428,429,15,0,455,445,450,19,1,448,260,453,446,484,464,485,442,432,439,456,479,451,438,431,447,449,467,470,28,452,436,465,458,462,473,422,461,20,488,476,433,257,477,437,459,256,474,468,471,454,517,457,509,259,423,444,258,486,480,482,483,506,187,508,359,21,185,22,186,23,184,24,25,360,26,498,528,29,425,27,30,322,489,324,325,323,388,526,510,527,391,503,490,390,525,499,515,321,504,389,505,426,507,500,434,435,523,497,533,529,524,424,516,101,501,514,102,103,512,513,511,519,502,330,329,518,327,494,326,520,521,522,331,2,328,492,530,536,493,532,534,491,496,495,535,531,
402,369,403,404,309,69,241,311,250,254,305,308,310,306,253,304,255,247,252,246,251,410,243,242,248,249,240,245,466,478,244,463,475,368,90,295,419,469,472,307,312,460,417,293,297,298,376,286,421,375,409,281,287,239,300,292,290,299,443,420,338,198,373,214,211,415,418,339,203,209,269,416,157,202,210,204,398,205,201,200,208,207,291,289,288,98,206,212,213,387,50,334,88,385,372,384,280,383,414,178,262,263,393,395,52,49,337,93,441,272,48,146,171,164,332,47,165,392,381,294,41,44,386,382,45,285,397,51,284,396,380,379,378,147,46,278,283,282,394,270,296,145,36,38,224,35,37,39,40,66,279,43,162,42,399,400,156,94,9,230,3,333,77,100,78,440,172,265,199,197,161,107,317,264,261,266,336,160,129,58,126,229,7,155,112,236,340,237,238,95,154,119,128,223,159,273,8,122,158,127,116,140,193,91,118,4,168,6,169,142,138,132,123,104,135,120,133,137,136,97,358,106,124,139,111,108,141,113,131,117,92,313,318,341,105,61,411,319,99,54,274,342,408,315,314,344,62,148,60,320,356,267,96,316,268,351,18,153,57,114,121,134,413,412,125,130,115,231,56,5,110,271,72,65,67,191,277,87,355,89,76,68,374,71,370,377,17,74,346,275,276,371,55,367,73,152,357,109,75,335,59,196,343,194,195,63,220,70,33,215,347,166,173,64,170,34,401,143,354,144,149,151,222,353,406,407,150,227,405,163,221,190,228,233,192,226,225,82,234,235,352,83,84,366,85,176,53,303,232,350,86,365,177,189,345,364,302,167,362,219,363,175,81,14,11,32,10,13,180,80,174,31,181,349,12,348,188,218,217,216,361,183,481,179,79,301,182,427,16,430,487,429,428,0,15,455,445,450,19,448,1,453,260,464,446,484,442,485,432,439,479,456,451,431,438,447,449,470,467,28,452,436,458,462,465,473,422,461,20,433,476,488,257,437,477,471,468,474,459,256,454,517,457,509,423,259,444,258,480,482,486,483,506,187,508,359,21,185,24,186,184,22,23,25,360,26,498,528,30,425,29,27,489,324,322,325,323,388,510,526,527,525,390,499,503,490,391,515,321,505,504,389,507,426,500,434,435,497,523,524,516,424,533,529,501,101,513,103,102,511,512,514,519,502,330,329,327,518,521,522,326,520,494,331,328,2,530,536,532,492,491,495,496,534,531,493,535,
402,369,403,404,309,69,241,311,250,254,305,308,310,306,253,304,255,247,252,246,251,410,243,242,248,249,240,245,466,478,244,463,368,475,90,295,419,469,472,307,312,460,417,293,297,298,376,286,421,409,375,281,287,239,300,292,290,299,443,420,338,198,373,214,211,418,415,339,209,203,416,269,157,202,210,204,398,205,201,200,207,208,291,289,288,98,206,212,213,50,387,334,88,385,372,384,383,280,414,178,263,262,393,395,52,49,337,93,441,272,48,146,171,164,332,47,165,392,381,294,45,41,382,285,44,386,397,51,284,378,379,380,396,147,46,278,283,282,394,270,296,36,145,38,224,35,37,39,279,66,40,43,162,42,399,156,400,94,9,230,3,333,77,100,78,440,172,265,199,197,107,161,317,264,261,266,336,129,58,160,126,229,7,236,112,155,340,95,237,238,119,128,154,223,159,122,158,8,273,127,140,116,193,91,118,4,168,169,6,142,123,132,104,138,135,120,133,137,97,136,358,106,124,139,111,108,113,141,131,92,313,117,411,341,318,61,105,319,54,99,274,342,315,408,344,314,60,148,62,320,267,268,356,96,316,153,18,351,121,134,412,114,57,413,115,130,231,125,110,5,56,67,271,65,191,72,355,87,277,89,76,68,374,17,377,370,71,275,74,346,371,276,367,55,152,73,357,109,335,75,59,196,194,343,63,195,220,215,70,33,347,166,173,64,170,401,143,34,354,144,151,149,353,222,407,150,406,227,163,405,233,190,221,228,226,192,82,225,234,235,352,366,85,83,84,232,53,176,303,350,86,177,189,365,345,364,167,363,302,219,362,14,81,175,11,13,32,10,174,180,31,80,181,349,12,348,216,218,217,188,361,183,179,481,79,301,182,427,16,430,487,429,428,0,15,455,445,19,450,1,448,260,453,484,446,464,442,485,439,432,479,456,438,451,431,447,449,467,470,28,436,452,458,465,462,473,461,422,20,433,488,476,257,256,474,468,471,459,477,437,454,517,457,509,423,444,259,258,482,486,480,483,506,187,508,359,21,185,184,24,22,186,23,25,360,26,498,528,27,29,30,425,322,324,489,325,323,388,510,526,527,391,490,525,503,390,499,515,321,505,389,504,426,507,500,434,435,497,523,529,533,424,524,516,101,501,103,102,512,511,513,514,519,502,330,518,327,329,520,522,326,521,494,331,2,328,536,493,534,535,495,491,492,496,530,531,532,
402,369,403,404,309,69,241,311,250,254,305,310,308,306,253,304,255,247,252,246,251,410,243,242,249,248,240,245,466,478,244,463,90,475,368,295,419,469,472,307,312,460,417,293,297,298,376,286,421,375,409,281,287,239,300,292,290,299,443,420,338,198,373,214,211,415,418,339,209,203,416,269,157,210,202,398,204,205,201,200,208,207,291,289,288,206,98,212,213,50,387,334,88,385,372,384,383,280,414,178,263,262,393,395,52,49,337,93,441,272,48,146,171,164,332,47,381,392,165,294,382,285,45,41,386,44,397,284,51,379,380,378,396,147,46,278,283,282,394,270,296,36,145,38,224,37,35,39,40,66,279,43,162,42,399,156,400,94,230,9,3,333,77,100,78,440,172,265,199,197,161,107,317,264,261,266,336,129,160,58,126,229,7,155,112,236,340,237,238,95,154,128,119,223,159,122,158,8,273,127,116,140,193,91,118,168,4,6,169,142,135,132,138,123,104,120,97,358,133,136,137,124,106,108,139,111,131,141,113,117,92,313,411,318,61,105,341,319,342,274,54,99,408,315,344,314,60,148,62,320,96,316,268,267,356,18,351,153,413,412,57,114,121,134,125,130,231,115,110,56,5,191,72,67,65,271,355,277,87,89,76,68,377,374,17,370,71,74,275,346,371,276,367,55,152,73,357,109,335,75,59,196,194,343,195,63,220,215,70,33,166,347,173,64,170,34,143,401,354,144,151,149,353,222,150,406,407,405,163,227,221,192,226,190,233,228,225,82,235,234,352,83,84,85,366,232,303,176,53,350,86,189,177,365,364,345,219,302,167,362,363,14,81,175,11,13,10,32,174,31,180,80,349,181,348,12,218,216,217,188,361,183,481,179,301,79,182,427,16,430,487,428,429,0,15,455,445,450,19,1,448,453,260,464,446,484,485,442,432,439,456,479,438,451,431,447,449,470,467,28,436,452,462,458,465,473,461,422,20,433,488,476,257,459,471,437,256,468,474,477,454,517,457,509,423,259,444,258,480,486,482,483,506,187,508,359,21,185,186,184,24,22,23,25,360,26,528,498,30,27,29,425,324,489,322,325,323,388,510,526,527,525,499,503,391,390,490,515,321,389,504,505,507,426,500,434,435,497,523,424,524,516,533,529,101,501,103,514,102,513,511,512,519,502,518,330,329,327,520,522,521,494,326,2,331,328,492,493,496,530,535,532,536,495,491,534,531,
402,369,403,404,309,69,241,311,250,254,305,308,310,306,253,304,255,247,252,246,251,410,243,242,248,249,240,245,466,478,244,463,368,475,90,295,419,469,472,307,312,460,417,293,297,298,376,286,421,375,409,281,287,239,300,292,290,299,443,420,338,198,373,214,211,415,418,339,203,209,416,269,157,202,210,204,398,205,201,200,207,208,291,289,288,206,98,212,213,387,50,334,88,385,372,384,383,280,414,178,263,262,393,395,52,49,337,93,441,272,48,146,171,164,332,47,165,381,392,294,44,382,41,45,285,386,51,284,397,378,379,396,380,147,278,46,283,282,270,394,296,145,36,38,224,37,35,39,66,40,279,43,162,42,399,400,156,94,230,9,3,333,77,100,78,440,172,265,199,197,161,107,317,261,264,266,336,129,58,160,126,229,7,155,112,236,340,95,237,238,119,128,154,223,159,158,122,8,273,127,116,140,193,91,118,4,168,169,6,142,123,104,135,132,138,120,133,137,97,136,358,106,124,108,139,111,131,141,113,313,92,117,341,411,61,318,105,319,54,342,274,99,408,315,314,344,60,62,148,320,316,356,267,268,96,18,153,351,413,412,121,57,134,114,125,130,231,115,110,5,56,72,271,191,67,65,355,87,277,89,68,76,370,374,17,71,377,346,275,74,276,371,367,55,73,152,357,109,335,75,59,196,194,343,63,195,220,70,33,215,166,347,173,64,170,143,401,34,354,144,151,149,353,222,407,406,150,163,227,405,233,221,192,190,228,226,82,225,234,235,352,83,366,84,85,232,176,303,53,350,86,189,177,365,364,345,219,167,362,302,363,175,14,81,11,13,10,32,174,180,31,80,181,349,12,348,188,217,216,218,361,183,179,481,79,301,182,427,16,430,487,428,429,15,0,455,445,450,19,448,1,453,260,464,446,484,485,442,432,439,456,479,431,451,438,447,449,470,467,28,436,452,462,465,458,473,461,422,20,476,433,488,257,256,468,474,471,437,477,459,454,517,457,509,444,259,423,258,480,486,482,483,506,187,508,359,21,185,184,22,186,23,24,25,360,26,528,498,29,27,425,30,322,489,324,325,323,388,510,526,527,525,390,503,499,391,490,515,321,505,389,504,507,426,434,500,435,497,523,529,533,424,524,516,101,501,103,102,512,511,513,514,519,502,330,518,329,327,521,522,520,494,326,331,2,328,491,535,530,534,531,492,495,496,536,493,532,
402,369,403,404,309,69,241,311,250,254,305,308,310,306,253,304,255,247,252,246,251,410,243,242,249,248,240,245,466,478,244,463,368,475,90,295,419,469,472,307,312,460,417,293,298,297,376,286,421,375,409,281,287,239,300,292,290,299,443,420,338,198,373,214,211,418,415,339,209,203,416,269,157,202,210,204,398,205,201,200,207,208,291,289,288,98,206,212,213,50,387,334,88,385,372,384,383,280,414,178,262,263,393,395,52,49,337,93,441,272,146,48,171,164,332,47,392,381,165,294,386,45,285,41,382,44,51,397,284,379,396,378,380,147,46,278,283,282,394,270,296,36,145,38,224,35,37,39,66,279,40,43,162,42,399,156,400,94,230,9,3,333,77,78,100,440,172,265,199,197,107,161,317,264,261,266,336,160,58,129,126,229,7,236,112,155,340,237,95,238,128,154,119,223,159,122,158,8,273,127,193,140,116,91,118,168,4,169,6,142,138,135,123,132,104,120,136,133,358,97,137,106,124,108,139,111,113,131,141,92,313,117,105,318,411,61,341,319,99,342,54,274,315,408,314,344,62,148,60,320,316,96,356,267,268,153,18,351,57,413,412,134,114,121,130,115,125,231,56,5,110,65,191,67,271,72,277,87,355,89,76,68,377,374,71,370,17,74,275,346,276,371,367,55,73,152,357,109,75,335,59,196,194,343,195,63,220,33,70,215,347,166,173,64,170,34,143,401,354,144,149,151,222,353,150,407,406,163,405,227,190,192,228,226,233,221,82,225,234,235,352,366,84,85,83,232,53,176,303,86,350,189,365,177,364,345,167,219,363,362,302,175,81,14,11,13,10,32,180,80,31,174,349,181,12,348,217,218,188,216,361,183,481,179,79,301,182,427,16,430,487,428,429,15,0,455,445,450,19,1,448,453,260,464,484,446,442,485,432,439,479,456,451,431,438,447,449,467,470,28,436,452,458,465,462,473,461,422,20,433,488,476,257,471,468,437,459,477,256,474,454,517,457,509,423,444,259,258,482,480,486,483,506,187,508,359,21,185,184,23,22,186,24,25,360,26,528,498,29,27,30,425,489,322,324,325,388,323,510,526,527,490,390,391,503,525,499,515,321,504,389,505,426,507,434,500,435,497,523,529,516,424,524,533,101,501,103,512,511,514,513,102,519,502,330,327,518,329,521,520,494,326,522,2,328,331,536,531,535,492,496,495,530,491,493,534,532,
402,369,403,404,309,69,241,311,250,254,305,308,310,306,253,304,255,247,252,246,251,410,243,242,249,248,240,245,466,478,244,463,90,368,475,295,419,469,472,307,312,460,417,293,297,298,376,286,421,375,409,281,287,239,300,292,290,299,443,420,338,198,373,214,211,415,418,339,209,203,416,269,157,202,210,398,204,205,201,200,208,207,291,289,288,98,206,212,213,50,387,334,88,385,372,384,383,280,414,178,262,263,393,395,52,49,337,93,441,272,48,146,171,164,332,47,165,392,381,294,45,41,44,382,285,386,51,397,284,378,396,379,380,147,278,46,283,282,394,270,296,145,36,38,224,35,37,39,279,66,40,43,162,42,399,156,400,94,230,9,3,333,77,78,100,440,172,265,199,197,107,161,317,261,264,266,336,58,160,129,126,229,7,112,155,236,340,95,237,238,128,154,119,223,159,122,158,273,8,127,116,193,140,91,118,4,168,169,6,142,135,132,123,120,104,138,133,358,137,97,136,106,124,139,111,108,141,113,131,117,92,313,411,341,105,318,61,319,342,99,274,54,315,408,314,344,148,60,62,320,96,268,356,267,316,18,153,351,121,57,413,134,412,114,115,231,125,130,110,5,56,67,191,65,72,271,87,277,355,89,68,76,370,374,17,71,377,346,275,74,371,276,55,367,152,73,357,109,75,335,59,196,194,343,63,195,220,33,215,70,347,166,64,173,170,401,34,143,354,144,151,149,353,222,407,406,150,163,405,227,221,226,190,228,192,233,82,225,235,234,352,83,84,366,85,232,303,53,176,86,350,177,189,365,345,364,167,219,302,362,363,175,81,14,11,10,32,13,180,174,80,31,349,181,12,348,188,217,218,216,361,183,481,179,79,301,182,427,16,430,487,428,429,15,0,455,445,19,450,1,448,453,260,446,464,484,442,485,432,439,456,479,451,438,431,449,447,467,470,28,436,452,462,465,458,473,461,422,20,433,476,488,257,471,477,459,256,468,474,437,454,517,457,509,423,444,259,258,482,486,480,483,506,187,508,359,21,185,23,186,22,24,184,25,360,26,528,498,30,27,425,29,489,324,322,388,325,323,526,510,527,391,525,503,499,490,390,515,321,505,389,504,426,507,434,500,435,523,497,529,424,524,533,516,101,501,513,512,103,102,514,511,519,502,330,329,518,327,326,521,494,520,522,328,331,2,493,496,495,531,532,535,530,536,492,534,491,
402,369,403,404,309,69,241,311,250,254,305,310,308,306,253,304,255,247,252,246,251,410,243,242,248,249,240,245,466,478,244,463,475,90,368,295,419,469,472,307,312,460,417,293,298,297,376,286,421,409,375,281,287,239,300,292,290,299,443,420,338,198,373,214,211,418,415,339,209,203,269,416,157,210,202,204,398,205,201,200,207,208,291,289,288,206,98,212,213,387,50,334,88,385,372,384,383,280,414,178,263,262,393,395,52,49,337,93,441,272,48,146,171,164,332,47,165,392,381,294,44,285,386,45,382,41,284,51,397,379,378,380,396,147,46,278,283,282,394,270,296,36,145,38,224,35,37,39,40,66,279,43,162,42,399,400,156,94,230,9,3,333,77,78,100,440,172,265,199,197,107,161,317,261,264,266,336,129,58,160,126,229,7,236,155,112,340,238,95,237,154,119,128,223,159,273,158,8,122,127,116,140,193,91,118,4,168,169,6,142,123,132,135,138,120,104,358,133,137,97,136,124,106,139,108,111,113,141,131,92,313,117,341,61,411,318,105,319,99,342,274,54,315,408,344,314,60,62,148,320,268,316,96,356,267,153,18,351,57,121,114,413,134,412,130,115,125,231,5,56,110,191,271,72,67,65,87,277,355,89,68,76,71,377,370,17,374,275,346,74,276,371,55,367,152,73,357,109,75,335,59,196,343,194,195,63,220,215,70,33,347,166,173,64,170,143,401,34,354,144,151,149,222,353,150,406,407,163,227,405,190,192,228,233,226,221,225,82,234,235,352,83,85,366,84,303,232,176,53,350,86,189,365,177,345,364,362,363,302,167,219,175,14,81,11,32,13,10,180,174,80,31,181,349,348,12,188,218,217,216,361,183,179,481,79,301,182,427,16,430,487,429,428,15,0,455,445,450,19,448,1,260,453,446,484,464,485,442,432,439,456,479,438,431,451,449,447,467,470,28,452,436,465,458,462,473,422,461,20,433,488,476,257,437,459,256,471,468,474,477,454,517,457,509,423,259,444,258,486,480,482,483,506,187,508,359,21,185,186,23,22,24,184,25,360,26,498,528,27,425,30,29,324,489,322,388,323,325,510,526,527,525,503,390,499,391,490,515,321,505,389,504,507,426,434,500,435,523,497,524,516,424,529,533,101,501,511,102,512,513,514,103,519,502,329,330,518,327,494,326,522,521,520,331,328,2,535,532,493,531,530,534,492,495,491,496,536,
402,369,403,404,309,69,241,311,250,254,305,308,310,306,253,304,255,247,252,246,251,410,243,242,248,249,240,245,466,478,244,463,475,368,90,295,419,469,472,307,312,460,417,293,298,297,376,286,421,409,375,281,287,239,300,292,290,299,443,420,338,198,373,214,211,415,418,339,209,203,416,269,157,202,210,204,398,205,201,200,208,207,291,289,288,98,206,212,213,387,50,334,88,385,372,384,280,383,414,178,263,262,393,395,52,49,337,93,441,272,48,146,171,164,332,47,381,165,392,294,45,44,285,386,41,382,284,397,51,396,378,380,379,147,278,46,283,282,394,270,296,145,36,38,224,35,37,39,40,279,66,43,162,42,399,400,156,94,230,9,3,333,77,100,78,440,172,265,199,197,161,107,317,264,261,266,336,160,129,58,126,229,7,112,236,155,340,95,237,238,119,128,154,223,159,8,273,122,158,127,116,140,193,91,118,4,168,6,169,142,104,135,132,123,120,138,133,97,137,358,136,106,124,111,108,139,141,113,131,117,313,92,318,105,341,411,61,319,274,99,342,54,315,408,344,314,60,148,62,320,316,356,96,267,268,153,351,18,412,114,57,121,134,413,125,231,130,115,56,110,5,191,271,72,67,65,277,355,87,89,76,68,71,370,374,377,17,275,346,74,276,371,55,367,73,152,357,109,335,75,59,196,194,343,63,195,220,70,33,215,347,166,173,64,170,401,143,34,354,144,149,151,353,222,150,406,407,227,405,163,233,192,190,226,228,221,225,82,234,235,352,85,84,83,366,176,232,303,53,350,86,365,177,189,364,345,167,362,219,363,302,175,81,14,11,32,13,10,80,31,174,180,349,181,12,348,218,216,188,217,361,183,481,179,79,301,182,427,16,430,487,429,428,15,0,455,445,19,450,448,1,453,260,464,484,446,442,485,432,439,479,456,451,438,431,449,447,470,467,28,452,436,465,458,462,473,422,461,20,488,433,476,257,471,459,437,474,477,256,468,454,517,457,509,259,444,423,258,482,486,480,483,506,187,508,359,21,185,23,22,184,24,186,25,360,26,498,528,27,29,30,425,324,489,322,323,388,325,526,510,527,390,499,490,391,525,503,515,321,389,504,505,507,426,434,500,435,497,523,516,533,524,529,424,101,501,511,514,513,512,102,103,519,502,518,330,327,329,326,494,521,520,522,2,328,331,531,530,492,495,535,493,532,491,496,534,536,
402,369,403,404,309,69,241,311,250,254,305,310,308,306,253,304,255,247,252,246,251,410,243,242,248,249,240,245,466,478,244,463,368,475,90,295,419,469,472,307,312,460,417,293,297,298,376,286,421,375,409,281,287,239,300,292,290,299,443,420,338,198,373,214,211,418,415,339,203,209,416,269,157,202,210,398,204,205,201,200,207,208,291,289,288,206,98,212,213,50,387,334,88,385,372,384,280,383,414,178,262,263,393,395,52,49,337,93,272,441,146,48,171,164,332,47,392,165,381,294,285,386,44,41,382,45,397,284,51,378,396,380,379,147,46,278,283,282,394,270,296,36,145,38,224,37,35,39,279,66,40,43,162,42,399,400,156,94,230,9,3,333,77,100,78,440,172,265,199,197,107,161,317,264,261,266,336,58,160,129,126,229,7,112,236,155,340,238,95,237,119,128,154,223,159,158,122,273,8,127,116,140,193,91,118,4,168,6,169,142,123,132,138,104,135,120,358,97,137,136,133,106,124,111,108,139,141,131,113,313,92,117,411,341,318,61,105,319,99,342,274,54,315,408,314,344,148,60,62,320,96,316,268,267,356,18,351,153,121,134,413,114,412,57,125,130,231,115,5,56,110,72,67,271,191,65,355,277,87,89,68,76,17,377,374,71,370,346,74,275,371,276,367,55,73,152,357,109,75,335,59,196,343,194,63,195,220,70,33,215,166,347,64,173,170,401,143,34,354,144,149,151,353,222,406,407,150,405,227,163,228,221,190,233,192,226,225,82,234,235,352,83,84,85,366,53,303,232,176,86,350,177,189,365,345,364,219,363,362,167,302,175,81,14,11,32,10,13,80,174,180,31,181,349,348,12,216,188,217,218,361,183,179,481,301,79,182,427,16,430,487,428,429,0,15,455,445,19,450,448,1,260,453,484,446,464,485,442,432,439,479,456,451,431,438,447,449,470,467,28,452,436,465,458,462,473,422,461,20,488,476,433,257,471,256,477,468,459,474,437,454,517,457,509,259,444,423,258,486,482,480,483,506,187,508,359,21,185,23,22,184,24,186,25,360,26,528,498,29,425,27,30,324,322,489,325,388,323,510,526,527,391,503,525,499,490,390,515,321,505,504,389,507,426,434,500,435,523,497,424,516,533,524,529,101,501,102,511,103,513,514,512,519,502,329,330,327,518,520,326,522,494,521,328,2,331,534,530,496,493,495,492,535,531,532,536,491,
402,369,403,404,309,69,241,311,250,254,305,308,310,306,253,304,255,247,252,246,251,410,243,242,249,248,240,245,466,478,244,463,90,475,368,295,419,469,472,307,312,460,417,293,298,297,376,286,421,375,409,281,287,239,300,292,290,299,443,420,338,198,373,214,211,415,418,339,209,203,416,269,157,202,210,398,204,205,201,200,207,208,291,289,288,206,98,212,213,50,387,334,88,385,372,384,383,280,414,178,263,262,393,395,52,49,337,93,272,441,48,146,171,164,332,47,392,381,165,294,44,386,41,285,45,382,51,397,284,396,378,380,379,147,278,46,283,282,394,270,296,36,145,38,224,37,35,39,40,66,279,43,162,42,399,400,156,94,9,230,3,333,77,100,78,440,172,265,199,197,107,161,317,264,261,266,336,58,160,129,126,229,7,112,155,236,340,237,238,95,128,154,119,223,159,8,122,273,158,127,193,116,140,91,118,168,4,169,6,142,132,123,138,135,120,104,136,358,97,133,137,106,124,108,111,139,131,141,113,92,117,313,318,105,341,61,411,319,274,342,54,99,315,408,314,344,60,148,62,320,316,267,268,356,96,351,18,153,134,57,412,413,114,121,231,130,115,125,110,56,5,65,191,271,72,67,355,277,87,89,76,68,17,374,71,377,370,346,275,74,276,371,367,55,152,73,357,109,75,335,59,196,343,194,63,195,220,33,70,215,166,347,64,173,170,401,34,143,354,144,149,151,222,353,407,150,406,405,163,227,226,192,221,228,190,233,225,82,234,235,352,83,366,85,84,232,53,303,176,350,86,177,189,365,345,364,219,362,302,363,167,14,175,81,11,32,10,13,174,80,180,31,181,349,12,348,217,216,188,218,361,183,179,481,301,79,182,427,16,430,487,429,428,0,15,455,445,19,450,1,448,260,453,446,484,464,485,442,439,432,456,479,451,438,431,447,449,470,467,28,452,436,458,462,465,473,461,422,20,476,433,488,257,459,477,468,256,437,471,474,454,517,457,509,259,423,444,258,482,486,480,483,506,187,508,359,21,185,184,23,186,24,22,25,360,26,498,528,30,29,425,27,322,489,324,325,388,323,526,510,527,499,390,391,525,490,503,515,321,504,505,389,507,426,434,500,435,523,497,524,529,516,424,533,101,501,512,511,514,103,513,102,519,502,329,327,518,330,326,494,520,521,522,2,331,328,491,492,495,536,496,493,534,535,530,531,532,
402,369,403,404,309,69,241,311,250,254,305,310,308,306,253,304,255,247,252,246,251,410,243,242,248,249,240,245,466,478,244,463,368,90,475,295,419,469,472,307,312,460,417,293,298,297,376,286,421,409,375,281,287,239,300,292,290,299,443,420,338,198,373,214,211,415,418,339,209,203,416,269,157,210,202,204,398,205,201,200,207,208,291,289,288,206,98,212,213,50,387,334,88,385,372,384,280,383,414,178,262,263,393,395,52,49,337,93,441,272,146,48,171,164,332,47,381,165,392,294,44,382,45,386,285,41,397,51,284,396,380,378,379,147,46,278,283,282,394,270,296,36,145,38,224,37,35,39,66,279,40,43,162,42,399,400,156,94,9,230,3,333,77,100,78,440,172,265,199,197,161,107,317,264,261,266,336,58,160,129,126,229,7,112,155,236,340,238,95,237,119,128,154,223,159,273,158,122,8,127,193,140,116,91,118,4,168,169,6,142,104,132,123,138,135,120,358,133,97,137,136,106,124,111,108,139,141,113,131,117,92,313,105,341,61,318,411,319,342,274,54,99,315,408,314,344,148,62,60,320,316,268,96,267,356,351,153,18,134,114,413,57,412,121,115,231,125,130,56,5,110,72,67,191,271,65,87,277,355,89,76,68,370,374,17,377,71,275,74,346,276,371,55,367,73,152,357,109,75,335,59,196,343,194,63,195,220,215,33,70,347,166,173,64,170,143,34,401,354,144,149,151,353,222,150,406,407,405,163,227,192,221,226,233,228,190,225,82,234,235,352,84,85,366,83,53,176,303,232,350,86,177,365,189,364,345,363,167,219,302,362,81,175,14,11,13,10,32,31,80,180,174,181,349,348,12,216,217,188,218,361,183,179,481,79,301,182,427,16,430,487,429,428,0,15,455,445,19,450,448,1,453,260,464,446,484,442,485,432,439,479,456,438,451,431,447,449,470,467,28,452,436,462,458,465,473,422,461,20,488,433,476,257,459,477,437,474,468,471,256,454,517,457,509,423,259,444,258,482,480,486,483,506,187,508,359,21,185,184,186,23,24,22,25,360,26,528,498,29,30,425,27,489,324,322,325,323,388,526,510,527,490,499,525,391,390,503,515,321,505,504,389,507,426,434,500,435,523,497,524,516,533,424,529,501,101,512,514,102,511,513,103,519,502,329,327,330,518,520,521,522,326,494,2,331,328,496,492,495,536,532,530,531,534,535,491,493,
402,369,403,404,309,69,241,311,250,254,305,308,310,306,253,304,255,247,252,246,251,410,243,242,249,248,240,245,466,478,244,463,90,475,368,295,419,469,472,307,312,460,417,293,297,298,376,286,421,375,409,281,287,239,300,292,290,299,443,420,338,198,373,214,211,415,418,339,203,209,269,416,157,210,202,204,398,205,201,200,207,208,291,289,288,98,206,212,213,50,387,334,88,385,372,384,280,383,414,178,262,263,393,395,52,49,337,93,441,272,146,48,171,164,332,47,392,165,381,294,285,382,41,45,386,44,51,284,397,378,396,380,379,147,278,46,283,282,270,394,296,36,145,38,224,37,35,39,40,66,279,43,162,42,399,156,400,94,9,230,3,333,77,100,78,440,172,265,199,197,107,161,317,261,264,266,336,160,129,58,126,229,7,236,155,112,340,95,238,237,119,154,128,223,159,122,8,158,273,127,193,116,140,91,118,4,168,6,169,142,135,123,132,120,138,104,137,136,97,133,358,124,106,111,108,139,113,131,141,117,313,92,105,318,61,341,411,319,54,342,99,274,315,408,344,314,148,60,62,320,316,267,268,96,356,153,18,351,412,134,121,57,114,413,115,125,231,130,5,110,56,191,65,67,271,72,277,355,87,89,68,76,71,374,370,377,17,275,74,346,371,276,367,55,73,152,357,109,75,335,59,196,194,343,195,63,220,70,33,215,166,347,173,64,170,401,34,143,354,144,151,149,222,353,406,407,150,405,227,163,190,228,233,192,221,226,225,82,235,234,352,84,83,366,85,53,176,232,303,350,86,365,189,177,364,345,363,302,219,362,167,14,81,175,11,13,32,10,80,174,31,180,349,181,348,12,188,217,216,218,361,183,481,179,301,79,182,427,16,430,487,428,429,15,0,455,445,450,19,1,448,453,260,484,464,446,442,485,432,439,479,456,431,438,451,447,449,470,467,28,436,452,465,458,462,473,422,461,20,476,433,488,257,459,468,477,437,474,256,471,454,517,457,509,423,259,444,258,482,480,486,483,506,187,508,359,21,185,22,186,184,23,24,25,360,26,528,498,29,30,27,425,489,322,324,323,325,388,510,526,527,391,499,503,525,490,390,515,321,389,505,504,507,426,434,500,435,497,523,516,424,529,524,533,501,101,513,514,102,103,511,512,519,502,518,327,329,330,522,521,326,494,520,331,328,2,535,491,496,531,492,532,536,534,530,493,495,
402,369,403,404,309,69,241,311,250,254,305,310,308,306,253,304,255,247,252,246,251,410,243,242,249,248,240,245,466,478,244,463,475,90,368,295,419,469,472,307,312,460,417,293,297,298,376,286,421,409,375,281,287,239,300,292,290,299,443,420,338,198,373,214,211,418,415,339,209,203,416,269,157,210,202,398,204,205,201,200,207,208,291,289,288,206,98,212,213,387,50,334,88,385,372,384,383,280,414,178,262,263,393,395,52,49,337,93,441,272,48,146,171,164,332,47,392,165,381,294,382,285,44,41,45,386,51,397,284,379,396,378,380,147,46,278,283,282,394,270,296,145,36,38,224,35,37,39,66,40,279,43,162,42,399,400,156,94,9,230,3,333,77,78,100,440,172,265,199,197,107,161,317,261,264,266,336,129,160,58,126,229,7,112,155,236,340,237,238,95,154,128,119,223,159,158,8,273,122,127,116,193,140,91,118,4,168,6,169,142,123,120,132,138,135,104,358,137,97,136,133,124,106,108,111,139,131,113,141,313,117,92,61,318,341,411,105,319,54,99,342,274,408,315,314,344,148,62,60,320,356,267,316,268,96,18,153,351,412,114,57,413,121,134,130,115,125,231,5,110,56,72,271,67,191,65,277,87,355,89,76,68,17,377,71,370,374,74,275,346,371,276,55,367,73,152,357,109,75,335,59,196,194,343,195,63,220,33,215,70,347,166,173,64,170,401,143,34,354,144,151,149,353,222,406,407,150,163,227,405,190,228,233,226,192,221,225,82,234,235,352,84,85,366,83,232,53,176,303,350,86,189,177,365,345,364,219,302,167,362,363,14,175,81,11,13,10,32,174,180,31,80,181,349,348,12,217,216,218,188,361,183,179,481,79,301,182,427,16,430,487,428,429,0,15,455,445,19,450,1,448,453,260,464,446,484,485,442,439,432,456,479,451,438,431,447,449,470,467,28,452,436,465,458,462,473,422,461,20,433,476,488,257,437,471,459,256,468,474,477,454,517,457,509,259,423,444,258,482,486,480,483,506,187,508,359,21,185,24,22,23,186,184,25,360,26,528,498,29,27,30,425,489,324,322,388,323,325,526,510,527,503,490,499,525,391,390,515,321,505,389,504,507,426,434,500,435,523,497,516,524,424,529,533,101,501,513,511,102,103,512,514,519,502,518,327,330,329,326,522,521,494,520,331,2,328,534,496,491,532,530,531,495,492,535,493,536,
402,369,403,404,309,69,241,311,250,254,305,310,308,306,253,304,255,247,252,246,251,410,243,242,248,249,240,245,466,478,244,463,90,368,475,295,419,469,472,307,312,460,417,293,297,298,376,286,421,409,375,281,287,239,300,292,290,299,443,420,338,198,373,214,211,418,415,339,203,209,269,416,157,202,210,204,398,205,201,200,207,208,291,289,288,98,206,212,213,387,50,334,88,385,372,384,383,280,414,178,262,263,393,395,52,49,337,93,272,441,48,146,171,164,332,47,165,392,381,294,285,45,386,41,382,44,51,284,397,380,379,378,396,147,278,46,283,282,270,394,296,36,145,38,224,35,37,39,66,279,40,43,162,42,399,156,400,94,9,230,3,333,77,100,78,440,172,265,199,197,107,161,317,264,261,266,336,129,58,160,126,229,7,155,236,112,340,237,238,95,128,154,119,223,159,8,273,158,122,127,193,116,140,91,118,168,4,6,169,142,123,104,132,120,138,135,136,137,358,97,133,106,124,139,108,111,131,141,113,92,117,313,105,411,318,61,341,319,342,274,99,54,408,315,314,344,62,148,60,320,356,96,268,267,316,351,18,153,121,413,412,57,134,114,231,125,130,115,56,5,110,67,271,72,191,65,277,87,355,89,76,68,377,374,17,370,71,346,74,275,371,276,367,55,152,73,357,109,75,335,59,196,194,343,195,63,220,33,215,70,166,347,64,173,170,401,34,143,354,144,151,149,353,222,407,406,150,163,227,405,226,221,192,190,233,228,225,82,234,235,352,85,84,366,83,176,232,303,53,350,86,189,177,365,364,345,167,302,362,219,363,81,14,175,11,10,32,13,80,174,180,31,349,181,12,348,218,216,217,188,361,183,481,179,79,301,182,427,16,430,487,428,429,15,0,455,445,19,450,1,448,453,260,464,484,446,442,485,432,439,456,479,438,431,451,447,449,470,467,28,452,436,458,465,462,473,422,461,20,433,488,476,257,477,437,459,468,474,256,471,454,517,457,509,444,259,423,258,482,486,480,483,506,187,508,359,21,185,186,22,184,23,24,25,360,26,528,498,30,29,425,27,322,324,489,323,325,388,510,526,527,503,499,490,390,525,391,515,321,504,505,389,507,426,500,434,435,497,523,524,424,533,516,529,501,101,513,512,511,514,102,103,519,502,329,518,330,327,520,326,494,522,521,2,331,328,534,530,492,535,496,493,495,531,536,532,491,
402,369,403,404,309,69,241,311,250,254,305,310,308,306,253,304,255,247,252,246,251,410,243,242,249,248,240,245,466,478,244,463,90,475,368,295,419,469,472,307,312,460,417,293,298,297,376,286,421,409,375,281,287,239,300,292,290,299,443,420,338,198,373,214,211,418,415,339,203,209,269,416,157,210,202,398,204,205,201,200,207,208,291,289,288,98,206,212,213,387,50,334,88,385,372,384,280,383,414,178,263,262,393,395,52,49,337,93,272,441,146,48,171,164,332,47,165,381,392,294,45,386,285,41,44,382,51,397,284,378,379,380,396,147,46,278,283,282,270,394,296,36,145,38,224,35,37,39,66,40,279,43,162,42,399,400,156,94,230,9,3,333,77,78,100,440,172,265,199,197,161,107,317,261,264,266,336,129,58,160,126,229,7,155,112,236,340,238,95,237,154,128,119,223,159,8,273,122,158,127,193,116,140,91,118,168,4,6,169,142,135,132,104,120,138,123,133,358,97,136,137,124,106,111,139,108,141,131,113,92,117,313,411,105,318,341,61,319,274,342,54,99,408,315,314,344,62,148,60,320,267,356,96,268,316,351,18,153,121,412,114,57,134,413,115,125,231,130,56,5,110,72,191,67,65,271,355,87,277,89,76,68,370,17,377,374,71,346,74,275,371,276,367,55,152,73,357,109,75,335,59,196,194,343,195,63,220,70,33,215,166,347,173,64,170,143,401,34,354,144,151,149,222,353,406,150,407,163,405,227,190,233,221,226,192,228,225,82,234,235,352,83,366,84,85,303,232,176,53,86,350,189,365,177,364,345,362,219,363,167,302,81,14,175,11,13,10,32,174,80,180,31,349,181,348,12,218,216,217,188,361,183,481,179,79,301,182,427,16,430,487,429,428,15,0,455,445,450,19,448,1,260,453,484,464,446,485,442,432,439,456,479,438,451,431,447,449,470,467,28,436,452,462,458,465,473,422,461,20,488,433,476,257,477,468,459,471,256,474,437,454,517,457,509,259,423,444,258,486,480,482,483,506,187,508,359,21,185,24,184,186,23,22,25,360,26,528,498,27,29,425,30,324,322,489,323,325,388,510,526,527,499,525,503,490,390,391,515,321,505,389,504,507,426,500,434,435,523,497,533,516,524,529,424,101,501,102,512,513,514,511,103,519,502,330,327,329,518,522,494,520,326,521,331,328,2,492,534,532,536,535,493,496,495,531,491,530,
402,369,403,404,309,69,241,311,250,254,305,310,308,306,253,304,255,247,252,246,251,410,243,242,249,248,240,245,466,478,244,463,475,90,368,295,419,469,472,307,312,460,417,293,298,297,376,286,421,375,409,281,287,239,300,292,290,299,443,420,338,198,373,214,211,418,415,339,209,203,416,269,157,202,210,398,204,205,201,200,208,207,291,289,288,206,98,212,213,387,50,334,88,385,372,384,383,280,414,178,262,263,393,395,52,49,337,93,441,272,48,146,171,164,332,47,165,381,392,294,382,41,285,45,44,386,51,397,284,378,379,380,396,147,46,278,283,282,394,270,296,145,36,38,224,37,35,39,66,279,40,43,162,42,399,400,156,94,9,230,3,333,77,78,100,440,172,265,199,197,161,107,317,261,264,266,336,160,129,58,126,229,7,236,155,112,340,238,95,237,154,128,119,223,159,273,8,122,158,127,193,116,140,91,118,4,168,6,169,142,104,135,138,120,123,132,133,136,97,137,358,106,124,108,111,139,131,113,141,117,313,92,411,105,318,61,341,319,99,54,274,342,408,315,314,344,60,148,62,320,356,268,267,96,316,18,351,153,121,413,57,134,412,114,125,231,115,130,56,5,110,65,72,191,67,271,277,87,355,89,68,76,374,377,17,71,370,74,346,275,276,371,367,55,73,152,357,109,75,335,59,196,343,194,195,63,220,215,33,70,347,166,173,64,170,143,401,34,354,144,151,149,353,222,406,407,150,227,163,405,221,226,190,228,233,192,82,225,234,235,352,366,85,84,83,53,232,303,176,350,86,189,177,365,364,345,219,167,302,363,362,81,14,175,11,13,10,32,31,80,180,174,181,349,12,348,216,218,217,188,361,183,481,179,301,79,182,427,16,430,487,429,428,0,15,455,445,450,19,448,1,260,453,484,464,446,485,442,432,439,456,479,438,431,451,449,447,467,470,28,436,452,462,458,465,473,461,422,20,433,476,488,257,256,474,459,471,468,477,437,454,517,457,509,444,259,423,258,480,486,482,483,506,187,508,359,21,185,24,22,23,184,186,25,360,26,498,528,29,30,425,27,324,489,322,325,388,323,510,526,527,390,525,499,391,503,490,515,321,504,505,389,507,426,500,434,435,523,497,424,516,533,529,524,101,501,102,103,514,511,512,513,519,502,329,330,518,327,494,326,521,520,522,2,331,328,491,534,492,531,532,496,493,495,535,530,536,
402,369,403,404,309,69,241,311,250,254,305,308,310,306,253,304,255,247,252,246,251,410,243,242,248,249,240,245,466,478,244,463,368,90,475,295,419,469,472,307,312,460,417,293,297,298,376,286,421,409,375,281,287,239,300,292,290,299,443,420,338,198,373,214,211,418,415,339,203,209,416,269,157,202,210,204,398,205,201,200,207,208,291,289,288,206,98,212,213,387,50,334,88,385,372,384,383,280,414,178,263,262,393,395,52,49,337,93,441,272,146,48,171,164,332,47,392,381,165,294,285,382,44,41,45,386,51,397,284,380,396,379,378,147,278,46,283,282,270,394,296,36,145,38,224,37,35,39,40,66,279,43,162,42,399,156,400,94,230,9,3,333,77,100,78,440,172,265,199,197,161,107,317,261,264,266,336,129,58,160,126,229,7,112,236,155,340,95,237,238,119,128,154,223,159,122,8,273,158,127,116,193,140,91,118,168,4,169,6,142,138,120,132,104,123,135,136,358,97,137,133,106,124,111,108,139,113,141,131,117,313,92,411,318,341,105,61,319,342,274,99,54,315,408,344,314,60,62,148,320,356,268,316,267,96,18,351,153,413,412,114,57,121,134,231,125,115,130,56,5,110,67,65,271,72,191,355,277,87,89,76,68,377,374,17,370,71,74,346,275,371,276,55,367,152,73,357,109,335,75,59,196,194,343,63,195,220,33,215,70,166,347,64,173,170,143,34,401,354,144,149,151,353,222,407,406,150,163,405,227,233,190,228,192,226,221,82,225,235,234,352,84,85,83,366,232,176,303,53,86,350,177,365,189,345,364,219,167,362,302,363,14,175,81,11,32,13,10,31,174,180,80,181,349,12,348,188,218,216,217,361,183,179,481,301,79,182,427,16,430,487,429,428,15,0,455,445,450,19,1,448,453,260,446,484,464,442,485,439,432,479,456,438,451,431,447,449,467,470,28,452,436,462,458,465,473,422,461,20,488,476,433,257,437,471,477,468,474,256,459,454,517,457,509,423,259,444,258,480,482,486,483,506,187,508,359,21,185,22,24,184,23,186,25,360,26,528,498,27,30,425,29,489,322,324,388,325,323,510,526,527,503,525,490,499,391,390,515,321,505,389,504,426,507,500,434,435,497,523,524,533,529,424,516,501,101,513,511,512,103,514,102,519,502,329,518,327,330,522,494,521,520,326,328,2,331,536,496,492,532,491,495,535,493,530,531,534,
402,369,403,404,309,69,241,311,250,254,305,308,310,306,253,304,255,247,252,246,251,410,243,242,248,249,240,245,466,478,244,463,368,475,90,295,419,469,472,307,312,460,417,293,298,297,376,286,421,375,409,281,287,239,300,292,290,299,443,420,338,198,373,214,211,415,418,339,209,203,416,269,157,202,210,204,398,205,201,200,207,208,291,289,288,206,98,212,213,387,50,334,88,385,372,384,280,383,414,178,263,262,393,395,52,49,337,93,441,272,48,146,171,164,332,47,381,165,392,294,285,45,386,41,44,382,51,397,284,379,380,378,396,147,278,46,283,282,394,270,296,145,36,38,224,37,35,39,279,40,66,43,162,42,399,156,400,94,230,9,3,333,77,78,100,440,172,265,199,197,107,161,317,264,261,266,336,160,58,129,126,229,7,155,112,236,340,237,95,238,119,154,128,223,159,122,273,8,158,127,140,116,193,91,118,4,168,6,169,142,135,123,120,132,138,104,136,358,97,137,133,124,106,111,139,108,131,141,113,92,117,313,61,411,105,341,318,319,99,54,274,342,408,315,314,344,60,62,148,320,267,96,356,268,316,18,153,351,134,412,121,413,57,114,125,115,231,130,5,110,56,67,271,65,191,72,355,87,277,89,76,68,374,377,71,17,370,275,346,74,371,276,367,55,73,152,357,109,335,75,59,196,194,343,63,195,220,33,70,215,166,347,173,64,170,34,401,143,354,144,151,149,222,353,407,150,406,163,405,227,226,228,233,221,190,192,82,225,235,234,352,83,84,85,366,232,303,176,53,350,86,189,365,177,364,345,219,302,363,362,167,175,81,14,11,13,32,10,174,180,31,80,349,181,348,12,218,216,188,217,361,183,179,481,79,301,182,427,16,430,487,429,428,0,15,455,445,450,19,448,1,260,453,464,484,446,485,442,432,439,479,456,451,438,431,447,449,470,467,28,452,436,465,462,458,473,461,422,20,476,433,488,257,437,471,474,256,468,477,459,454,517,457,509,423,259,444,258,480,486,482,483,506,187,508,359,21,185,186,184,22,24,23,25,360,26,498,528,30,425,27,29,322,489,324,325,323,388,510,526,527,490,525,499,391,390,503,515,321,504,389,505,507,426,434,500,435,523,497,533,424,516,524,529,101,501,511,514,513,512,103,102,519,502,330,518,329,327,494,520,522,326,521,2,328,331,492,536,496,495,535,491,530,493,534,531,532,
402,369,403,404,309,69,241,311,250,254,305,308,310,306,253,304,255,247,252,246,251,410,243,242,248,249,240,245,466,478,244,463,90,368,475,295,419,469,472,307,312,460,417,293,297,298,376,286,421,409,375,281,287,239,300,292,290,299,443,420,338,198,373,214,211,418,415,339,203,209,416,269,157,202,210,204,398,205,201,200,208,207,291,289,288,98,206,212,213,387,50,334,88,385,372,384,280,383,414,178,263,262,393,395,52,49,337,93,441,272,146,48,171,164,332,47,392,165,381,294,285,382,386,45,44,41,397,284,51,378,380,396,379,147,46,278,283,282,394,270,296,145,36,38,224,37,35,39,279,40,66,43,162,42,399,156,400,94,9,230,3,333,77,78,100,440,172,265,199,197,161,107,317,261,264,266,336,129,58,160,126,229,7,236,112,155,340,237,238,95,128,154,119,223,159,122,273,8,158,127,140,116,193,91,118,4,168,169,6,142,138,123,135,132,120,104,133,136,137,97,358,106,124,111,139,108,131,113,141,92,313,117,411,341,61,318,105,319,99,342,274,54,408,315,314,344,60,62,148,320,96,268,316,356,267,153,351,18,134,57,121,413,114,412,130,125,115,231,110,56,5,191,65,67,271,72,355,87,277,89,68,76,17,370,377,71,374,74,346,275,371,276,55,367,152,73,357,109,335,75,59,196,194,343,63,195,220,215,70,33,166,347,173,64,170,34,401,143,354,144,149,151,222,353,407,406,150,227,405,163,228,233,190,221,192,226,225,82,235,234,352,85,83,366,84,303,53,176,232,86,350,177,365,189,364,345,362,302,219,363,167,175,14,81,11,10,32,13,174,180,80,31,349,181,12,348,218,217,188,216,361,183,179,481,79,301,182,427,16,430,487,428,429,15,0,455,445,19,450,448,1,453,260,484,464,446,442,485,432,439,479,456,431,438,451,447,449,467,470,28,436,452,465,462,458,473,461,422,20,488,476,433,257,471,474,437,468,256,459,477,454,517,457,509,444,259,423,258,480,482,486,483,506,187,508,359,21,185,186,24,23,22,184,25,360,26,528,498,29,30,425,27,324,322,489,388,325,323,510,526,527,390,499,525,391,490,503,515,321,389,504,505,507,426,434,500,435,497,523,516,524,424,529,533,101,501,511,102,512,513,514,103,519,502,327,330,518,329,521,522,494,520,326,331,2,328,530,496,531,493,532,534,536,492,491,535,495,
402,369,403,404,309,69,241,311,250,254,305,310,308,306,253,304,255,247,252,246,251,410,243,242,248,249,240,245,466,478,244,463,368,475,90,295,419,469,472,307,312,460,417,293,297,298,376,286,421,409,375,281,287,239,300,292,290,299,443,420,338,198,373,214,211,415,418,339,209,203,416,269,157,210,202,204,398,205,201,200,207,208,291,289,288,206,98,212,213,50,387,334,88,385,372,384,280,383,414,178,262,263,393,395,52,49,337,93,272,441,48,146,171,164,332,47,165,381,392,294,41,386,382,45,285,44,284,397,51,380,396,378,379,147,46,278,283,282,270,394,296,145,36,38,224,35,37,39,66,40,279,43,162,42,399,156,400,94,9,230,3,333,77,100,78,440,172,265,199,197,161,107,317,264,261,266,336,160,58,129,126,229,7,155,112,236,340,237,95,238,128,154,119,223,159,158,8,122,273,127,193,116,140,91,118,168,4,6,169,142,132,135,104,123,120,138,358,137,133,136,97,106,124,108,139,111,131,141,113,117,313,92,105,318,411,61,341,319,54,99,342,274,315,408,314,344,62,148,60,320,268,316,96,267,356,351,153,18,114,121,134,57,413,412,115,231,130,125,5,56,110,271,67,191,65,72,355,87,277,89,68,76,17,370,374,377,71,74,275,346,276,371,55,367,73,152,357,109,75,335,59,196,194,343,195,63,220,70,33,215,166,347,173,64,170,34,401,143,354,144,149,151,353,222,407,406,150,227,163,405,228,226,233,192,221,190,225,82,235,234,352,84,83,366,85,303,53,176,232,86,350,365,177,189,345,364,219,362,167,363,302,175,81,14,11,32,13,10,180,80,31,174,349,181,12,348,216,188,218,217,361,183,481,179,79,301,182,427,16,430,487,429,428,0,15,455,445,19,450,448,1,453,260,446,464,484,485,442,439,432,479,456,431,438,451,447,449,470,467,28,452,436,458,462,465,473,422,461,20,476,433,488,257,437,256,477,459,471,468,474,454,517,457,509,259,423,444,258,482,480,486,483,506,187,508,359,21,185,23,186,184,22,24,25,360,26,528,498,425,27,30,29,324,322,489,325,323,388,526,510,527,525,503,499,390,391,490,515,321,505,504,389,507,426,500,434,435,497,523,533,516,424,529,524,501,101,102,512,103,511,513,514,519,502,330,518,327,329,326,520,494,522,521,331,2,328,492,530,496,536,531,535,495,491,534,532,493,
402,369,403,404,309,69,241,311,250,254,305,310,308,306,253,304,255,247,252,246,251,410,243,242,248,249,240,245,466,478,244,463,90,368,475,295,419,469,472,307,312,460,417,293,298,297,376,286,421,409,375,281,287,239,300,292,290,299,443,420,338,198,373,214,211,415,418,339,203,209,269,416,157,210,202,398,204,205,201,200,208,207,291,289,288,98,206,212,213,387,50,334,88,385,372,384,383,280,414,178,262,263,393,395,52,49,337,93,441,272,48,146,171,164,332,47,381,392,165,294,382,41,386,44,45,285,397,284,51,378,396,380,379,147,278,46,283,282,270,394,296,145,36,38,224,37,35,39,40,66,279,43,162,42,399,156,400,94,230,9,3,333,77,78,100,440,172,265,199,197,161,107,317,264,261,266,336,58,129,160,126,229,7,112,236,155,340,238,95,237,128,154,119,223,159,273,8,122,158,127,116,193,140,91,118,168,4,169,6,142,120,138,135,132,123,104,137,358,97,133,136,106,124,108,139,111,131,141,113,117,313,92,318,105,411,341,61,319,99,342,54,274,408,315,314,344,60,148,62,320,316,267,356,268,96,18,351,153,114,413,134,121,412,57,130,115,231,125,56,110,5,191,67,65,271,72,87,277,355,89,68,76,17,71,374,377,370,346,275,74,276,371,55,367,73,152,357,109,335,75,59,196,343,194,63,195,220,33,70,215,347,166,64,173,170,34,143,401,354,144,151,149,353,222,150,407,406,227,405,163,190,233,226,228,192,221,225,82,234,235,352,83,84,85,366,176,53,232,303,350,86,177,365,189,364,345,302,219,363,362,167,14,81,175,11,32,10,13,174,180,80,31,349,181,12,348,218,216,188,217,361,183,481,179,301,79,182,427,16,430,487,429,428,0,15,455,445,450,19,1,448,453,260,484,464,446,442,485,439,432,456,479,438,451,431,447,449,470,467,28,436,452,458,465,462,473,461,422,20,476,433,488,257,474,256,459,477,471,468,437,454,517,457,509,259,423,444,258,486,480,482,483,506,187,508,359,21,185,22,23,184,186,24,25,360,26,498,528,29,30,27,425,322,324,489,388,323,325,510,526,527,391,390,490,525,503,499,515,321,505,389,504,507,426,434,500,435,523,497,524,424,516,533,529,501,101,511,103,513,102,514,512,519,502,327,329,330,518,326,494,522,521,520,2,328,331,495,530,496,531,532,491,536,534,493,535,492,
402,369,403,404,309,69,241,311,250,254,305,308,310,306,253,304,255,247,252,246,251,410,243,242,248,249,240,245,466,478,244,463,368,90,475,295,419,469,472,307,312,460,417,293,297,298,376,286,421,375,409,281,287,239,300,292,290,299,443,420,338,198,373,214,211,415,418,339,203,209,269,416,157,202,210,398,204,205,201,200,207,208,291,289,288,206,98,212,213,50,387,334,88,385,372,384,280,383,414,178,263,262,393,395,52,49,337,93,441,272,146,48,171,164,332,47,165,392,381,294,285,382,386,45,44,41,51,284,397,378,396,379,380,147,46,278,283,282,270,394,296,145,36,38,224,35,37,39,279,40,66,43,162,42,399,156,400,94,9,230,3,333,77,100,78,440,172,265,199,197,107,161,317,261,264,266,336,129,58,160,126,229,7,155,112,236,340,237,238,95,154,128,119,223,159,158,273,8,122,127,116,193,140,91,118,168,4,169,6,142,104,138,123,120,132,135,136,358,97,137,133,106,124,139,111,108,141,131,113,313,92,117,341,411,318,61,105,319,99,54,274,342,408,315,344,314,148,62,60,320,268,356,267,316,96,18,153,351,57,134,413,114,412,121,115,231,130,125,5,56,110,65,271,72,67,191,355,87,277,89,68,76,71,374,17,370,377,346,74,275,371,276,367,55,73,152,357,109,75,335,59,196,194,343,63,195,220,33,70,215,347,166,64,173,170,143,34,401,354,144,149,151,222,353,407,406,150,405,163,227,192,228,233,190,226,221,82,225,235,234,352,85,84,83,366,303,176,232,53,86,350,365,189,177,345,364,167,219,302,362,363,14,175,81,11,13,10,32,80,174,31,180,181,349,348,12,218,188,217,216,361,183,481,179,301,79,182,427,16,430,487,428,429,15,0,455,445,19,450,1,448,453,260,446,464,484,485,442,432,439,479,456,451,438,431,449,447,467,470,28,452,436,465,462,458,473,461,422,20,476,433,488,257,256,468,459,474,471,477,437,454,517,457,509,259,444,423,258,480,482,486,483,506,187,508,359,21,185,23,186,24,22,184,25,360,26,528,498,425,30,27,29,324,489,322,323,325,388,526,510,527,503,391,390,525,499,490,515,321,389,505,504,507,426,500,434,435,497,523,424,533,516,529,524,101,501,102,514,103,511,512,513,519,502,518,330,327,329,521,522,326,520,494,2,328,331,531,535,491,530,536,495,534,492,493,496,532,
402,369,403,404,309,69,241,311,250,254,305,308,310,306,253,304,255,247,252,246,251,410,243,242,248,249,240,245,466,478,244,463,475,368,90,295,419,469,472,307,312,460,417,293,297,298,376,286,421,375,409,281,287,239,300,292,290,299,443,420,338,198,373,214,211,418,415,339,209,203,269,416,157,210,202,204,398,205,201,200,207,208,291,289,288,206,98,212,213,50,387,334,88,385,372,384,280,383,414,178,263,262,393,395,52,49,337,93,272,441,48,146,171,164,332,47,165,381,392,294,41,382,44,386,285,45,284,397,51,380,396,378,379,147,278,46,283,282,270,394,296,145,36,38,224,37,35,39,40,279,66,43,162,42,399,400,156,94,230,9,3,333,77,78,100,440,172,265,199,197,107,161,317,264,261,266,336,160,129,58,126,229,7,236,155,112,340,237,95,238,154,119,128,223,159,122,158,273,8,127,116,193,140,91,118,4,168,169,6,142,104,120,123,135,132,138,358,133,136,137,97,124,106,111,139,108,113,141,131,117,313,92,61,411,318,341,105,319,99,342,54,274,408,315,314,344,62,148,60,320,356,96,316,267,268,18,351,153,413,57,134,121,412,114,125,115,130,231,110,56,5,191,271,65,67,72,355,87,277,89,76,68,71,370,377,374,17,346,74,275,276,371,367,55,73,152,357,109,335,75,59,196,194,343,63,195,220,70,33,215,347,166,173,64,170,34,401,143,354,144,149,151,353,222,150,406,407,405,163,227,228,226,190,233,221,192,225,82,234,235,352,366,85,84,83,53,232,303,176,350,86,189,365,177,364,345,363,362,167,219,302,14,175,81,11,10,13,32,80,180,174,31,349,181,348,12,216,217,218,188,361,183,481,179,301,79,182,427,16,430,487,428,429,0,15,455,445,450,19,448,1,453,260,446,484,464,442,485,432,439,456,479,438,431,451,447,449,467,470,28,436,452,462,465,458,473,422,461,20,488,476,433,257,256,437,468,471,459,477,474,454,517,457,509,423,259,444,258,486,480,482,483,506,187,508,359,21,185,22,24,186,23,184,25,360,26,498,528,425,27,29,30,489,324,322,323,325,388,510,526,527,499,490,391,525,390,503,515,321,389,505,504,426,507,500,434,435,497,523,533,524,424,529,516,101,501,511,103,514,102,512,513,519,502,518,329,330,327,326,520,522,521,494,331,2,328,532,534,495,491,492,531,535,493,496,530,536,
402,369,403,404,309,69,241,311,250,254,305,308,310,306,253,304,255,247,252,246,251,410,243,242,248,249,240,245,466,478,244,463,90,475,368,295,419,469,472,307,312,460,417,293,297,298,376,286,421,375,409,281,287,239,300,292,290,299,443,420,338,198,373,214,211,415,418,339,209,203,416,269,157,210,202,204,398,205,201,200,207,208,291,289,288,206,98,212,213,50,387,334,88,385,372,384,280,383,414,178,263,262,393,395,52,49,337,93,272,441,48,146,171,164,332,47,392,381,165,294,44,382,386,285,41,45,51,397,284,378,379,396,380,147,46,278,283,282,270,394,296,145,36,38,224,37,35,39,40,279,66,43,162,42,399,400,156,94,9,230,3,333,77,100,78,440,172,265,199,197,161,107,317,264,261,266,336,129,58,160,126,229,7,155,236,112,340,237,238,95,119,154,128,223,159,8,122,158,273,127,193,116,140,91,118,168,4,169,6,142,104,123,120,138,135,132,137,97,136,133,358,124,106,111,139,108,113,131,141,92,117,313,61,341,318,105,411,319,274,99,342,54,408,315,344,314,60,62,148,320,96,356,267,316,268,153,351,18,413,412,121,134,57,114,231,125,130,115,110,56,5,67,191,65,72,271,355,277,87,89,68,76,377,374,71,17,370,275,74,346,276,371,55,367,152,73,357,109,75,335,59,196,343,194,63,195,220,33,215,70,347,166,173,64,170,401,34,143,354,144,149,151,222,353,406,407,150,163,405,227,192,226,233,190,228,221,225,82,235,234,352,84,85,83,366,232,176,53,303,86,350,177,189,365,345,364,219,362,363,167,302,14,175,81,11,13,10,32,180,80,174,31,349,181,12,348,188,218,217,216,361,183,179,481,79,301,182,427,16,430,487,429,428,15,0,455,445,19,450,1,448,453,260,446,464,484,442,485,439,432,479,456,451,438,431,447,449,467,470,28,436,452,465,458,462,473,461,422,20,476,433,488,257,459,471,437,477,468,256,474,454,517,457,509,423,259,444,258,486,482,480,483,506,187,508,359,21,185,23,22,24,186,184,25,360,26,498,528,27,30,425,29,489,324,322,325,388,323,510,526,527,390,391,499,503,490,525,515,321,389,504,505,426,507,434,500,435,497,523,516,533,529,524,424,501,101,103,512,511,102,514,513,519,502,327,330,518,329,326,521,494,522,520,331,328,2,530,493,536,535,532,491,495,531,496,534,492,
402,369,403,404,309,69,241,311,250,254,305,310,308,306,253,304,255,247,252,246,251,410,243,242,248,249,240,245,466,478,244,463,90,368,475,295,419,469,472,307,312,460,417,293,298,297,376,286,421,375,409,281,287,239,300,292,290,299,443,420,338,198,373,214,211,418,415,339,209,203,416,269,157,202,210,204,398,205,201,200,207,208,291,289,288,206,98,212,213,387,50,334,88,385,372,384,383,280,414,178,262,263,393,395,52,49,337,93,441,272,146,48,171,164,332,47,165,392,381,294,386,285,41,45,382,44,397,51,284,378,379,396,380,147,46,278,283,282,394,270,296,36,145,38,224,37,35,39,66,279,40,43,162,42,399,400,156,94,230,9,3,333,77,100,78,440,172,265,199,197,107,161,317,261,264,266,336,160,129,58,126,229,7,236,155,112,340,95,237,238,154,128,119,223,159,122,8,158,273,127,116,140,193,91,118,168,4,6,169,142,120,132,135,104,138,123,358,133,137,97,136,106,124,111,108,139,113,131,141,313,117,92,318,61,411,341,105,319,342,274,99,54,408,315,344,314,148,62,60,320,96,316,267,356,268,153,351,18,413,412,121,57,134,114,115,231,130,125,5,56,110,191,72,67,271,65,355,277,87,89,76,68,17,374,370,377,71,275,74,346,276,371,55,367,152,73,357,109,75,335,59,196,343,194,195,63,220,70,215,33,347,166,64,173,170,401,34,143,354,144,149,151,353,222,406,407,150,227,405,163,233,190,221,226,228,192,225,82,234,235,352,85,84,366,83,232,53,303,176,86,350,189,177,365,364,345,167,219,363,362,302,14,175,81,11,32,10,13,180,174,80,31,349,181,12,348,216,217,218,188,361,183,179,481,301,79,182,427,16,430,487,428,429,15,0,455,445,450,19,448,1,453,260,446,464,484,442,485,432,439,479,456,438,451,431,449,447,467,470,28,452,436,458,462,465,473,461,422,20,488,433,476,257,477,471,468,437,256,474,459,454,517,457,509,423,259,444,258,486,482,480,483,506,187,508,359,21,185,24,186,22,23,184,25,360,26,528,498,29,30,27,425,324,489,322,388,323,325,526,510,527,503,490,525,391,499,390,515,321,505,504,389,426,507,434,500,435,523,497,533,424,529,516,524,501,101,514,512,511,103,513,102,519,502,329,518,330,327,520,521,326,522,494,328,2,331,535,532,531,495,534,491,536,496,530,493,492,
402,369,403,404,309,69,241,311,250,254,305,310,308,306,253,304,255,247,252,246,251,410,243,242,249,248,240,245,466,478,244,463,475,368,90,295,419,469,472,307,312,460,417,293,298,297,376,286,421,409,375,281,287,239,300,292,290,299,443,420,338,198,373,214,211,418,415,339,209,203,269,416,157,210,202,204,398,205,201,200,207,208,291,289,288,206,98,212,213,387,50,334,88,385,372,384,383,280,414,178,263,262,393,395,52,49,337,93,272,441,146,48,171,164,332,47,381,165,392,294,45,44,386,285,41,382,51,397,284,378,379,380,396,147,46,278,283,282,270,394,296,36,145,38,224,35,37,39,66,279,40,43,162,42,399,400,156,94,230,9,3,333,77,100,78,440,172,265,199,197,107,161,317,264,261,266,336,160,129,58,126,229,7,155,112,236,340,238,237,95,128,154,119,223,159,273,8,122,158,127,193,140,116,91,118,168,4,169,6,142,123,138,104,132,120,135,136,137,358,133,97,124,106,108,111,139,113,131,141,117,313,92,318,105,341,411,61,319,99,54,342,274,408,315,314,344,148,62,60,320,316,356,268,96,267,18,351,153,121,412,57,134,114,413,125,115,231,130,5,56,110,72,191,65,271,67,277,355,87,89,76,68,377,374,17,370,71,275,74,346,276,371,367,55,73,152,357,109,75,335,59,196,194,343,195,63,220,70,215,33,347,166,64,173,170,143,401,34,354,144,151,149,222,353,406,407,150,163,227,405,226,192,190,221,233,228,225,82,234,235,352,84,85,83,366,176,303,53,232,350,86,365,189,177,364,345,302,219,167,363,362,81,14,175,11,32,10,13,180,80,31,174,349,181,12,348,188,217,218,216,361,183,481,179,301,79,182,427,16,430,487,428,429,0,15,455,445,19,450,1,448,260,453,446,464,484,485,442,439,432,456,479,431,438,451,447,449,470,467,28,436,452,462,458,465,473,422,461,20,433,488,476,257,477,437,256,468,471,474,459,454,517,457,509,259,423,444,258,482,486,480,483,506,187,508,359,21,185,22,24,23,186,184,25,360,26,498,528,29,30,425,27,489,322,324,388,325,323,510,526,527,390,490,391,503,525,499,515,321,389,505,504,426,507,500,434,435,523,497,524,424,516,533,529,101,501,102,511,103,512,513,514,519,502,327,330,329,518,326,494,522,520,521,328,2,331,496,535,532,530,492,534,531,536,493,495,491,
402,369,403,404,309,69,241,311,250,254,305,308,310,306,253,304,255,247,252,246,251,410,243,242,249,248,240,245,466,478,244,463,475,368,90,295,419,469,472,307,312,460,417,293,298,297,376,286,421,409,375,281,287,239,300,292,290,299,443,420,338,198,373,214,211,415,418,339,209,203,416,269,157,210,202,204,398,205,201,200,208,207,291,289,288,98,206,212,213,387,50,334,88,385,372,384,383,280,414,178,262,263,393,395,52,49,337,93,272,441,48,146,171,164,332,47,165,381,392,294,44,285,45,382,386,41,284,51,397,378,380,379,396,147,278,46,283,282,270,394,296,36,145,38,224,35,37,39,279,66,40,43,162,42,399,400,156,94,9,230,3,333,77,100,78,440,172,265,199,197,107,161,317,261,264,266,336,129,58,160,126,229,7,112,236,155,340,237,238,95,128,119,154,223,159,8,122,158,273,127,140,193,116,91,118,168,4,6,169,142,123,135,138,104,132,120,136,137,97,358,133,124,106,111,108,139,113,141,131,313,117,92,105,318,411,341,61,319,274,99,342,54,408,315,344,314,62,60,148,320,96,316,268,356,267,153,351,18,121,134,412,114,57,413,231,125,115,130,110,5,56,65,191,72,67,271,277,87,355,89,76,68,370,17,374,377,71,74,346,275,371,276,55,367,152,73,357,109,335,75,59,196,194,343,63,195,220,33,215,70,347,166,64,173,170,34,401,143,354,144,149,151,222,353,407,150,406,163,227,405,233,221,226,192,190,228,82,225,235,234,352,83,84,85,366,176,303,232,53,86,350,189,365,177,364,345,302,363,219,362,167,175,81,14,11,32,13,10,180,80,174,31,349,181,348,12,218,188,217,216,361,183,179,481,79,301,182,427,16,430,487,428,429,15,0,455,445,19,450,448,1,260,453,484,446,464,485,442,439,432,479,456,438,431,451,449,447,467,470,28,452,436,465,462,458,473,461,422,20,476,433,488,257,459,256,474,437,477,468,471,454,517,457,509,259,423,444,258,486,482,480,483,506,187,508,359,21,185,23,186,22,24,184,25,360,26,498,528,27,29,30,425,324,322,489,388,323,325,526,510,527,503,391,499,390,525,490,515,321,504,389,505,426,507,500,434,435,523,497,516,533,529,524,424,501,101,513,102,514,103,511,512,519,502,329,327,330,518,494,520,326,522,521,328,2,331,495,534,496,535,531,530,492,493,536,532,491,
402,369,403,404,309,69,241,311,250,254,305,310,308,306,253,304,255,247,252,246,251,410,243,242,248,249,240,245,466,478,244,463,368,90,475,295,419,469,472,307,312,460,417,293,298,297,376,286,421,409,375,281,287,239,300,292,290,299,443,420,338,198,373,214,211,415,418,339,209,203,269,416,157,210,202,204,398,205,201,200,208,207,291,289,288,206,98,212,213,50,387,334,88,385,372,384,280,383,414,178,262,263,393,395,52,49,337,93,441,272,48,146,171,164,332,47,165,392,381,294,386,382,41,45,44,285,397,284,51,380,396,379,378,147,278,46,283,282,394,270,296,145,36,38,224,35,37,39,279,40,66,43,162,42,399,156,400,94,230,9,3,333,77,100,78,440,172,265,199,197,161,107,317,261,264,266,336,129,160,58,126,229,7,112,155,236,340,237,238,95,119,154,128,223,159,158,8,273,122,127,193,116,140,91,118,168,4,169,6,142,135,138,104,123,132,120,133,97,358,136,137,106,124,139,108,111,113,141,131,117,313,92,105,411,61,341,318,319,54,342,274,99,408,315,314,344,60,148,62,320,268,356,96,316,267,351,18,153,412,413,121,114,57,134,231,115,125,130,5,56,110,67,271,191,65,72,277,87,355,89,76,68,17,374,71,377,370,346,74,275,276,371,367,55,73,152,357,109,75,335,59,196,343,194,195,63,220,215,33,70,347,166,173,64,170,143,34,401,354,144,149,151,222,353,407,406,150,405,227,163,233,221,228,190,192,226,82,225,235,234,352,85,366,84,83,303,232,176,53,350,86,189,365,177,345,364,362,167,302,219,363,14,175,81,11,13,32,10,180,174,80,31,181,349,12,348,216,218,217,188,361,183,179,481,79,301,182,427,16,430,487,429,428,0,15,455,445,450,19,1,448,260,453,464,446,484,485,442,439,432,456,479,431,451,438,449,447,467,470,28,452,436,465,458,462,473,461,422,20,476,488,433,257,468,256,477,459,437,471,474,454,517,457,509,423,259,444,258,480,482,486,483,506,187,508,359,21,185,184,22,23,24,186,25,360,26,498,528,29,27,425,30,322,489,324,325,323,388,526,510,527,490,499,391,390,525,503,515,321,505,389,504,426,507,500,434,435,523,497,524,533,516,529,424,501,101,103,102,511,512,514,513,519,502,330,327,518,329,494,326,522,520,521,2,331,328,496,531,532,535,536,491,530,495,492,493,534,
402,369,403,404,309,69,241,311,250,254,305,308,310,306,253,304,255,247,252,246,251,410,243,242,249,248,240,245,466,478,244,463,90,368,475,295,419,469,472,307,312,460,417,293,297,298,376,286,421,409,375,281,287,239,300,292,290,299,443,420,338,198,373,214,211,418,415,339,209,203,416,269,157,210,202,204,398,205,201,200,207,208,291,289,288,98,206,212,213,387,50,334,88,385,372,384,383,280,414,178,262,263,393,395,52,49,337,93,441,272,48,146,171,164,332,47,392,381,165,294,44,386,41,45,382,285,51,397,284,379,378,396,380,147,278,46,283,282,394,270,296,145,36,38,224,37,35,39,279,66,40,43,162,42,399,400,156,94,9,230,3,333,77,78,100,440,172,265,199,197,107,161,317,261,264,266,336,160,58,129,126,229,7,236,112,155,340,238,237,95,128,119,154,223,159,158,273,8,122,127,140,193,116,91,118,4,168,6,169,142,120,123,132,138,135,104,133,358,137,136,97,106,124,139,111,108,141,131,113,313,92,117,341,105,318,61,411,319,99,342,274,54,408,315,314,344,148,62,60,320,268,96,356,267,316,351,18,153,57,121,412,134,114,413,125,231,115,130,110,56,5,191,271,72,65,67,87,277,355,89,68,76,17,71,374,370,377,346,275,74,371,276,367,55,73,152,357,109,335,75,59,196,194,343,63,195,220,215,70,33,347,166,64,173,170,34,143,401,354,144,151,149,353,222,150,406,407,227,163,405,190,221,226,233,228,192,82,225,235,234,352,85,366,84,83,176,232,303,53,86,350,189,177,365,364,345,167,302,363,219,362,14,81,175,11,32,13,10,174,80,31,180,349,181,12,348,218,216,188,217,361,183,481,179,79,301,182,427,16,430,487,429,428,15,0,455,445,450,19,1,448,260,453,446,484,464,485,442,439,432,456,479,438,431,451,447,449,467,470,28,436,452,465,462,458,473,461,422,20,488,476,433,257,256,437,474,459,468,471,477,454,517,457,509,444,259,423,258,480,482,486,483,506,187,508,359,21,185,184,186,23,24,22,25,360,26,528,498,29,425,27,30,489,324,322,323,388,325,526,510,527,490,503,391,499,390,525,515,321,505,504,389,426,507,500,434,435,497,523,516,533,529,424,524,501,101,102,511,514,103,513,512,519,502,330,329,327,518,520,521,326,522,494,2,331,328,536,535,493,495,491,530,496,531,492,534,532,
402,369,403,404,309,69,241,311,250,254,305,308,310,306,253,304,255,247,252,246,251,410,243,242,249,248,240,245,466,478,244,463,475,90,368,295,419,469,472,307,312,460,417,293,297,298,376,286,421,409,375,281,287,239,300,292,290,299,443,420,338,198,373,214,211,415,418,339,203,209,416,269,157,210,202,398,204,205,201,200,208,207,291,289,288,98,206,212,213,50,387,334,88,385,372,384,280,383,414,178,262,263,393,395,52,49,337,93,441,272,146,48,171,164,332,47,392,381,165,294,386,285,41,382,44,45,284,51,397,380,378,396,379,147,278,46,283,282,394,270,296,145,36,38,224,35,37,39,66,279,40,43,162,42,399,156,400,94,230,9,3,333,77,78,100,440,172,265,199,197,161,107,317,264,261,266,336,160,129,58,126,229,7,112,155,236,340,238,237,95,154,128,119,223,159,122,158,273,8,127,193,116,140,91,118,4,168,169,6,142,104,120,123,138,135,132,133,137,136,97,358,106,124,108,111,139,131,141,113,117,313,92,411,105,341,61,318,319,274,342,54,99,408,315,344,314,60,148,62,320,268,356,267,316,96,18,351,153,121,412,57,413,134,114,125,231,115,130,56,110,5,191,67,65,271,72,355,87,277,89,68,76,71,17,374,370,377,275,74,346,371,276,367,55,73,152,357,109,75,335,59,196,194,343,195,63,220,70,33,215,166,347,173,64,170,143,34,401,354,144,151,149,353,222,406,407,150,227,163,405,190,228,192,233,221,226,225,82,235,234,352,84,366,85,83,53,303,232,176,350,86,365,177,189,345,364,302,362,219,167,363,14,81,175,11,32,10,13,174,80,31,180,349,181,12,348,218,188,216,217,361,183,481,179,79,301,182,427,16,430,487,428,429,15,0,455,445,19,450,448,1,260,453,464,446,484,442,485,432,439,479,456,431,451,438,449,447,470,467,28,436,452,458,465,462,473,422,461,20,433,476,488,257,474,437,477,468,256,471,459,454,517,457,509,423,444,259,258,480,482,486,483,506,187,508,359,21,185,23,22,186,184,24,25,360,26,528,498,27,29,425,30,324,322,489,388,325,323,526,510,527,390,503,490,499,391,525,515,321,504,505,389,426,507,500,434,435,497,523,424,524,529,516,533,501,101,103,102,512,514,513,511,519,502,330,327,518,329,522,326,494,520,521,328,2,331,495,530,535,493,492,534,496,491,536,532,531,
402,369,403,404,309,69,241,311,250,254,305,308,310,306,253,304,255,247,252,246,251,410,243,242,249,248,240,245,466,478,244,463,90,368,475,295,419,469,472,307,312,460,417,293,297,298,376,286,421,409,375,281,287,239,300,292,290,299,443,420,338,198,373,214,211,418,415,339,209,203,269,416,157,202,210,398,204,205,201,200,208,207,291,289,288,206,98,212,213,50,387,334,88,385,372,384,383,280,414,178,263,262,393,395,52,49,337,93,272,441,146,48,171,164,332,47,165,392,381,294,45,386,285,41,382,44,51,397,284,396,379,380,378,147,46,278,283,282,394,270,296,36,145,38,224,37,35,39,66,40,279,43,162,42,399,156,400,94,230,9,3,333,77,100,78,440,172,265,199,197,161,107,317,264,261,266,336,129,160,58,126,229,7,112,236,155,340,237,95,238,154,119,128,223,159,273,122,158,8,127,140,116,193,91,118,168,4,169,6,142,120,135,104,132,123,138,133,137,136,97,358,124,106,139,108,111,141,113,131,92,313,117,318,411,341,105,61,319,99,54,342,274,315,408,344,314,62,60,148,320,268,316,356,96,267,18,153,351,121,114,134,413,57,412,231,125,115,130,56,5,110,72,67,271,191,65,277,355,87,89,76,68,377,17,374,71,370,275,346,74,276,371,367,55,152,73,357,109,335,75,59,196,343,194,195,63,220,33,70,215,166,347,173,64,170,34,401,143,354,144,149,151,353,222,407,406,150,405,227,163,228,190,221,192,226,233,82,225,234,235,352,366,84,85,83,176,53,303,232,86,350,365,189,177,364,345,363,167,362,302,219,81,175,14,11,10,32,13,180,174,80,31,181,349,12,348,217,216,188,218,361,183,179,481,79,301,182,427,16,430,487,428,429,15,0,455,445,450,19,448,1,453,260,464,484,446,442,485,439,432,456,479,438,451,431,447,449,467,470,28,436,452,458,462,465,473,461,422,20,433,476,488,257,468,437,256,459,474,471,477,454,517,457,509,444,259,423,258,480,482,486,483,506,187,508,359,21,185,23,184,22,186,24,25,360,26,498,528,27,30,29,425,324,489,322,388,323,325,510,526,527,391,499,490,503,525,390,515,321,389,505,504,507,426,500,434,435,523,497,424,524,529,533,516,101,501,514,102,511,513,512,103,519,502,329,330,518,327,520,522,494,521,326,331,328,2,495,531,532,535,491,492,496,493,536,530,534,
402,369,403,404,309,69,241,311,250,254,305,308,310,306,253,304,255,247,252,246,251,410,243,242,249,248,240,245,466,478,244,463,90,368,475,295,419,469,472,307,312,460,417,293,297,298,376,286,421,409,375,281,287,239,300,292,290,299,443,420,338,198,373,214,211,418,415,339,209,203,269,416,157,202,210,204,398,205,201,200,208,207,291,289,288,98,206,212,213,387,50,334,88,385,372,384,383,280,414,178,262,263,393,395,52,49,337,93,441,272,48,146,171,164,332,47,165,381,392,294,45,382,386,44,285,41,397,51,284,380,378,379,396,147,46,278,283,282,394,270,296,145,36,38,224,35,37,39,40,279,66,43,162,42,399,156,400,94,9,230,3,333,77,78,100,440,172,265,199,197,107,161,317,264,261,266,336,129,160,58,126,229,7,236,112,155,340,237,238,95,128,119,154,223,159,273,122,8,158,127,140,116,193,91,118,168,4,169,6,142,138,135,132,120,104,123,133,358,97,137,136,124,106,108,111,139,113,141,131,92,313,117,318,411,341,105,61,319,342,274,54,99,315,408,314,344,148,60,62,320,96,268,356,316,267,153,351,18,57,114,413,134,121,412,125,130,115,231,56,110,5,191,65,271,67,72,87,277,355,89,76,68,71,17,377,374,370,346,275,74,371,276,367,55,73,152,357,109,335,75,59,196,194,343,63,195,220,215,33,70,166,347,64,173,170,34,143,401,354,144,151,149,353,222,407,406,150,405,227,163,190,226,192,228,221,233,82,225,235,234,352,84,83,85,366,303,176,232,53,86,350,177,189,365,345,364,362,219,167,363,302,14,81,175,11,13,10,32,174,31,80,180,181,349,348,12,218,188,217,216,361,183,481,179,301,79,182,427,16,430,487,428,429,0,15,455,445,19,450,448,1,260,453,464,484,446,485,442,432,439,456,479,451,431,438,447,449,467,470,28,452,436,462,458,465,473,422,461,20,488,433,476,257,459,437,474,477,256,471,468,454,517,457,509,423,444,259,258,480,486,482,483,506,187,508,359,21,185,184,24,186,23,22,25,360,26,498,528,425,27,29,30,324,489,322,388,325,323,510,526,527,391,503,390,525,499,490,515,321,505,504,389,426,507,500,434,435,497,523,529,524,516,424,533,501,101,514,512,103,513,102,511,519,502,327,518,329,330,520,326,521,494,522,331,2,328,534,536,532,531,495,493,535,496,491,530,492,
402,369,403,404,309,69,241,311,250,254,305,310,308,306,253,304,255,247,252,246,251,410,243,242,249,248,240,245,466,478,244,463,475,368,90,295,419,469,472,307,312,460,417,293,297,298,376,286,421,375,409,281,287,239,300,292,290,299,443,420,338,198,373,214,211,418,415,339,203,209,269,416,157,210,202,204,398,205,201,200,207,208,291,289,288,206,98,212,213,50,387,334,88,385,372,384,383,280,414,178,262,263,393,395,52,49,337,93,272,441,146,48,171,164,332,47,165,381,392,294,382,45,386,285,44,41,397,284,51,379,380,378,396,147,278,46,283,282,270,394,296,145,36,38,224,35,37,39,279,66,40,43,162,42,399,400,156,94,230,9,3,333,77,100,78,440,172,265,199,197,107,161,317,261,264,266,336,58,160,129,126,229,7,155,112,236,340,237,95,238,128,154,119,223,159,273,158,8,122,127,193,140,116,91,118,4,168,6,169,142,138,132,135,104,123,120,358,97,136,137,133,124,106,139,108,111,113,141,131,313,92,117,318,341,61,411,105,319,54,342,274,99,408,315,314,344,62,60,148,320,267,356,268,316,96,153,18,351,57,121,412,413,114,134,130,115,231,125,5,110,56,72,67,65,191,271,87,277,355,89,68,76,71,17,377,374,370,74,346,275,276,371,367,55,152,73,357,109,75,335,59,196,343,194,195,63,220,215,33,70,166,347,173,64,170,34,401,143,354,144,149,151,353,222,406,150,407,405,163,227,226,192,228,233,190,221,82,225,234,235,352,84,85,366,83,303,176,232,53,86,350,177,189,365,364,345,363,362,302,167,219,175,14,81,11,13,32,10,31,80,180,174,349,181,348,12,217,218,216,188,361,183,179,481,79,301,182,427,16,430,487,428,429,0,15,455,445,19,450,1,448,260,453,484,446,464,485,442,432,439,479,456,431,451,438,449,447,470,467,28,452,436,465,458,462,473,422,461,20,488,476,433,257,256,477,471,437,468,474,459,454,517,457,509,423,259,444,258,482,480,486,483,506,187,508,359,21,185,24,186,22,184,23,25,360,26,528,498,425,27,30,29,489,324,322,325,388,323,510,526,527,390,503,499,391,525,490,515,321,505,389,504,426,507,434,500,435,497,523,529,524,533,424,516,101,501,103,102,511,513,512,514,519,502,327,330,329,518,521,494,326,522,520,328,331,2,535,532,536,531,496,534,495,491,493,530,492,
402,369,403,404,309,69,241,311,250,254,305,308,310,306,253,304,255,247,252,246,251,410,243,242,249,248,240,245,466,478,244,463,368,475,90,295,419,469,472,307,312,460,417,293,297,298,376,286,421,375,409,281,287,239,300,292,290,299,443,420,338,198,373,214,211,415,418,339,209,203,269,416,157,202,210,204,398,205,201,200,208,207,291,289,288,98,206,212,213,50,387,334,88,385,372,384,383,280,414,178,263,262,393,395,52,49,337,93,272,441,48,146,171,164,332,47,165,381,392,294,382,41,285,44,45,386,284,51,397,396,379,380,378,147,278,46,283,282,270,394,296,145,36,38,224,37,35,39,40,279,66,43,162,42,399,156,400,94,9,230,3,333,77,78,100,440,172,265,199,197,161,107,317,261,264,266,336,129,160,58,126,229,7,112,155,236,340,238,237,95,119,128,154,223,159,273,122,8,158,127,116,140,193,91,118,168,4,169,6,142,120,123,138,135,104,132,133,97,358,137,136,106,124,111,139,108,131,113,141,117,92,313,341,61,105,411,318,319,54,99,342,274,315,408,314,344,62,148,60,320,267,356,316,268,96,153,351,18,121,114,413,412,57,134,130,125,115,231,56,5,110,271,191,72,67,65,87,277,355,89,68,76,370,71,374,377,17,346,74,275,371,276,55,367,152,73,357,109,75,335,59,196,343,194,63,195,220,70,215,33,166,347,64,173,170,401,143,34,354,144,151,149,222,353,406,150,407,405,227,163,226,192,221,233,228,190,82,225,235,234,352,84,83,85,366,232,53,303,176,86,350,189,365,177,364,345,362,219,167,363,302,81,175,14,11,10,13,32,80,180,31,174,349,181,12,348,218,216,217,188,361,183,179,481,301,79,182,427,16,430,487,429,428,15,0,455,445,450,19,1,448,260,453,464,446,484,485,442,432,439,456,479,438,451,431,449,447,470,467,28,452,436,458,465,462,473,422,461,20,476,488,433,257,468,437,471,477,256,459,474,454,517,457,509,259,444,423,258,486,480,482,483,506,187,508,359,21,185,23,22,24,184,186,25,360,26,528,498,30,425,27,29,489,324,322,325,323,388,526,510,527,391,490,525,390,503,499,515,321,389,504,505,507,426,434,500,435,523,497,529,533,424,524,516,501,101,102,514,103,513,511,512,519,502,329,330,518,327,520,522,521,326,494,2,331,328,532,491,496,534,495,493,535,531,530,536,492,
402,369,403,404,309,69,241,311,250,254,305,310,308,306,253,304,255,247,252,246,251,410,243,242,248,249,240,245,466,478,244,463,90,368,475,295,419,469,472,307,312,460,417,293,297,298,376,286,421,375,409,281,287,239,300,292,290,299,443,420,338,198,373,214,211,415,418,339,203,209,269,416,157,210,202,398,204,205,201,200,207,208,291,289,288,98,206,212,213,50,387,334,88,385,372,384,383,280,414,178,263,262,393,395,52,49,337,93,441,272,48,146,171,164,332,47,392,165,381,294,386,382,285,45,41,44,51,397,284,378,379,380,396,147,278,46,283,282,394,270,296,36,145,38,224,37,35,39,66,279,40,43,162,42,399,400,156,94,230,9,3,333,77,100,78,440,172,265,199,197,107,161,317,261,264,266,336,129,160,58,126,229,7,155,236,112,340,238,95,237,128,119,154,223,159,158,273,122,8,127,193,116,140,91,118,4,168,6,169,142,123,138,135,132,120,104,136,97,358,137,133,106,124,111,139,108,131,141,113,313,117,92,318,61,411,105,341,319,99,274,54,342,408,315,344,314,60,148,62,320,96,356,268,267,316,18,351,153,413,134,412,57,114,121,231,130,125,115,110,5,56,191,271,67,65,72,355,87,277,89,68,76,377,71,17,374,370,275,346,74,371,276,55,367,73,152,357,109,75,335,59,196,194,343,63,195,220,215,70,33,166,347,173,64,170,34,401,143,354,144,151,149,353,222,150,406,407,227,405,163,192,221,228,190,226,233,225,82,234,235,352,366,83,84,85,303,232,176,53,86,350,365,189,177,364,345,302,362,363,219,167,175,81,14,11,13,10,32,80,31,174,180,349,181,348,12,217,188,216,218,361,183,481,179,301,79,182,427,16,430,487,428,429,0,15,455,445,19,450,1,448,453,260,464,484,446,442,485,432,439,456,479,431,451,438,449,447,470,467,28,452,436,458,462,465,473,461,422,20,476,433,488,257,256,471,468,437,459,474,477,454,517,457,509,259,423,444,258,480,482,486,483,506,187,508,359,21,185,186,24,22,23,184,25,360,26,498,528,27,425,29,30,489,322,324,388,325,323,510,526,527,503,390,391,490,499,525,515,321,505,504,389,507,426,500,434,435,523,497,424,529,533,516,524,101,501,102,511,512,513,103,514,519,502,327,329,518,330,522,521,494,326,520,328,2,331,496,535,495,531,493,534,532,492,536,530,491,
402,369,403,404,309,69,241,311,250,254,305,310,308,306,253,304,255,247,252,246,251,410,243,242,249,248,240,245,466,478,244,463,368,475,90,295,419,469,472,307,312,460,417,293,297,298,376,286,421,375,409,281,287,239,300,292,290,299,443,420,338,198,373,214,211,415,418,339,209,203,269,416,157,202,210,398,204,205,201,200,208,207,291,289,288,206,98,212,213,50,387,334,88,385,372,384,383,280,414,178,262,263,393,395,52,49,337,93,441,272,48,146,171,164,332,47,165,381,392,294,382,44,285,386,45,41,397,284,51,378,396,380,379,147,278,46,283,282,394,270,296,145,36,38,224,37,35,39,66,279,40,43,162,42,399,156,400,94,9,230,3,333,77,78,100,440,172,265,199,197,107,161,317,264,261,266,336,160,129,58,126,229,7,112,236,155,340,95,238,237,119,128,154,223,159,273,8,158,122,127,140,116,193,91,118,168,4,6,169,142,132,123,135,104,120,138,97,358,137,136,133,124,106,108,139,111,113,141,131,92,117,313,61,341,318,105,411,319,274,99,54,342,315,408,314,344,148,62,60,320,268,356,96,316,267,153,351,18,412,57,121,413,134,114,115,231,130,125,110,56,5,67,72,271,191,65,355,277,87,89,68,76,377,71,17,374,370,275,346,74,371,276,367,55,73,152,357,109,75,335,59,196,194,343,195,63,220,70,215,33,166,347,64,173,170,34,143,401,354,144,151,149,353,222,150,406,407,227,405,163,190,221,233,226,228,192,225,82,234,235,352,85,366,83,84,53,176,303,232,350,86,189,177,365,364,345,302,167,363,219,362,175,14,81,11,10,13,32,180,80,31,174,349,181,12,348,218,216,188,217,361,183,481,179,301,79,182,427,16,430,487,429,428,0,15,455,445,450,19,1,448,260,453,484,464,446,442,485,439,432,479,456,451,431,438,449,447,467,470,28,436,452,458,465,462,473,461,422,20,476,488,433,257,471,437,459,256,477,468,474,454,517,457,509,423,444,259,258,486,482,480,483,506,187,508,359,21,185,23,22,24,184,186,25,360,26,528,498,29,425,30,27,324,322,489,388,325,323,510,526,527,525,503,390,391,499,490,515,321,505,389,504,507,426,434,500,435,523,497,424,533,529,524,516,101,501,514,512,513,511,103,102,519,502,330,327,329,518,520,326,521,522,494,2,331,328,531,530,495,492,536,534,496,491,493,532,535,
402,369,403,404,309,69,241,311,250,254,305,310,308,306,253,304,255,247,252,246,251,410,243,242,248,249,240,245,466,478,244,463,90,475,368,295,419,469,472,307,312,460,417,293,298,297,376,286,421,409,375,281,287,239,300,292,290,299,443,420,338,198,373,214,211,415,418,339,209,203,416,269,157,210,202,398,204,205,201,200,207,208,291,289,288,98,206,212,213,387,50,334,88,385,372,384,280,383,414,178,263,262,393,395,52,49,337,93,272,441,48,146,171,164,332,47,381,392,165,294,44,386,41,285,382,45,284,397,51,378,380,396,379,147,278,46,283,282,270,394,296,145,36,38,224,35,37,39,66,279,40,43,162,42,399,156,400,94,9,230,3,333,77,78,100,440,172,265,199,197,161,107,317,261,264,266,336,129,160,58,126,229,7,112,236,155,340,237,238,95,128,119,154,223,159,158,8,122,273,127,116,140,193,91,118,4,168,6,169,142,120,104,135,138,123,132,97,133,136,358,137,124,106,108,111,139,141,113,131,313,117,92,318,341,61,411,105,319,274,54,99,342,315,408,314,344,148,62,60,320,267,316,356,268,96,153,351,18,57,412,134,121,413,114,125,115,130,231,5,56,110,271,65,191,72,67,277,355,87,89,68,76,370,377,71,17,374,346,275,74,276,371,367,55,73,152,357,109,75,335,59,196,343,194,195,63,220,70,215,33,166,347,64,173,170,401,143,34,354,144,149,151,222,353,407,150,406,227,405,163,228,190,233,226,192,221,82,225,234,235,352,85,366,83,84,176,303,53,232,86,350,177,365,189,364,345,167,363,302,219,362,81,175,14,11,10,32,13,174,80,31,180,181,349,12,348,216,217,188,218,361,183,481,179,79,301,182,427,16,430,487,429,428,15,0,455,445,19,450,1,448,260,453,446,484,464,485,442,432,439,456,479,438,451,431,449,447,467,470,28,436,452,465,462,458,473,461,422,20,488,433,476,257,459,437,477,256,468,471,474,454,517,457,509,444,423,259,258,486,482,480,483,506,187,508,359,21,185,184,186,22,24,23,25,360,26,528,498,30,425,27,29,324,322,489,323,325,388,510,526,527,499,503,391,390,525,490,515,321,505,389,504,507,426,500,434,435,523,497,533,516,529,424,524,101,501,511,513,102,103,514,512,519,502,329,518,330,327,521,522,326,494,520,2,328,331,495,496,530,535,532,493,491,531,492,536,534,
402,369,403,404,309,69,241,311,250,254,305,310,308,306,253,304,255,247,252,246,251,410,243,242,248,249,240,245,466,478,244,463,475,368,90,295,419,469,472,307,312,460,417,293,298,297,376,286,421,375,409,281,287,239,300,292,290,299,443,420,338,198,373,214,211,418,415,339,203,209,269,416,157,210,202,398,204,205,201,200,208,207,291,289,288,98,206,212,213,387,50,334,88,385,372,384,383,280,414,178,263,262,393,395,52,49,337,93,272,441,146,48,171,164,332,47,392,381,165,294,386,382,44,285,41,45,51,284,397,379,378,380,396,147,46,278,283,282,270,394,296,36,145,38,224,37,35,39,66,40,279,43,162,42,399,400,156,94,9,230,3,333,77,100,78,440,172,265,199,197,107,161,317,261,264,266,336,58,160,129,126,229,7,112,236,155,340,238,237,95,154,119,128,223,159,273,158,122,8,127,140,193,116,91,118,4,168,6,169,142,138,123,104,120,132,135,137,97,136,133,358,124,106,108,111,139,131,113,141,117,92,313,341,318,105,61,411,319,274,99,54,342,315,408,344,314,148,60,62,320,316,268,356,96,267,153,351,18,57,114,413,412,134,121,115,130,125,231,110,5,56,65,271,67,72,191,355,277,87,89,76,68,370,377,71,17,374,346,275,74,276,371,367,55,152,73,357,109,75,335,59,196,343,194,195,63,220,33,70,215,166,347,173,64,170,401,34,143,354,144,149,151,222,353,406,150,407,227,405,163,228,192,190,221,233,226,82,225,235,234,352,366,84,83,85,53,232,303,176,350,86,189,177,365,345,364,167,362,363,219,302,81,14,175,11,32,10,13,80,180,174,31,349,181,12,348,216,218,188,217,361,183,179,481,301,79,182,427,16,430,487,428,429,15,0,455,445,19,450,448,1,260,453,464,446,484,442,485,439,432,456,479,431,438,451,447,449,467,470,28,452,436,458,462,465,473,461,422,20,433,476,488,257,474,437,471,468,459,477,256,454,517,457,509,423,259,444,258,482,486,480,483,506,187,508,359,21,185,24,23,184,186,22,25,360,26,498,528,29,425,30,27,324,489,322,323,388,325,526,510,527,503,391,525,490,390,499,515,321,504,505,389,426,507,434,500,435,497,523,524,533,424,529,516,101,501,512,103,514,513,511,102,519,502,329,330,518,327,520,521,326,494,522,328,2,331,495,535,491,493,532,496,534,492,531,536,530,
402,369,403,404,309,69,241,311,250,254,305,308,310,306,253,304,255,247,252,246,251,410,243,242,248,249,240,245,466,478,244,463,90,368,475,295,419,469,472,307,312,460,417,293,298,297,376,286,421,375,409,281,287,239,300,292,290,299,443,420,338,198,373,214,211,415,418,339,209,203,416,269,157,210,202,398,204,205,201,200,208,207,291,289,288,206,98,212,213,387,50,334,88,385,372,384,280,383,414,178,263,262,393,395,52,49,337,93,272,441,146,48,171,164,332,47,165,392,381,294,44,41,382,386,45,285,51,284,397,380,379,378,396,147,46,278,283,282,394,270,296,145,36,38,224,35,37,39,40,279,66,43,162,42,399,156,400,94,230,9,3,333,77,100,78,440,172,265,199,197,107,161,317,264,261,266,336,58,129,160,126,229,7,155,112,236,340,237,95,238,154,128,119,223,159,273,158,122,8,127,116,193,140,91,118,168,4,6,169,142,104,123,135,138,120,132,136,97,358,133,137,124,106,108,111,139,113,141,131,117,92,313,411,61,105,318,341,319,274,54,99,342,408,315,314,344,148,62,60,320,267,316,96,356,268,351,153,18,114,412,413,134,121,57,125,130,231,115,56,5,110,67,271,191,65,72,87,277,355,89,76,68,71,374,377,370,17,275,74,346,276,371,55,367,73,152,357,109,75,335,59,196,194,343,63,195,220,215,33,70,347,166,173,64,170,401,34,143,354,144,151,149,222,353,150,407,406,163,405,227,228,233,226,192,190,221,225,82,234,235,352,83,84,85,366,53,176,232,303,86,350,189,177,365,364,345,363,302,167,362,219,81,14,175,11,32,13,10,180,80,31,174,181,349,348,12,216,217,218,188,361,183,179,481,301,79,182,427,16,430,487,429,428,0,15,455,445,450,19,448,1,260,453,464,446,484,485,442,439,432,479,456,438,431,451,447,449,470,467,28,436,452,458,462,465,473,461,422,20,488,476,433,257,437,477,256,459,471,474,468,454,517,457,509,259,423,444,258,486,480,482,483,506,187,508,359,21,185,186,184,23,24,22,25,360,26,498,528,30,425,29,27,489,322,324,323,325,388,526,510,527,490,503,499,525,390,391,515,321,504,505,389,426,507,500,434,435,497,523,533,516,529,424,524,101,501,514,513,103,512,102,511,519,502,518,327,330,329,522,494,521,326,520,2,331,328,492,531,496,493,495,534,491,532,536,530,535,
402,369,403,404,309,69,241,311,250,254,305,310,308,306,253,304,255,247,252,246,251,410,243,242,249,248,240,245,466,478,244,463,368,475,90,295,419,469,472,307,312,460,417,293,297,298,376,286,421,409,375,281,287,239,300,292,290,299,443,420,338,198,373,214,211,418,415,339,203,209,416,269,157,210,202,398,204,205,201,200,208,207,291,289,288,206,98,212,213,50,387,334,88,385,372,384,280,383,414,178,263,262,393,395,52,49,337,93,441,272,48,146,171,164,332,47,165,381,392,294,41,386,45,285,382,44,51,284,397,396,380,378,379,147,278,46,283,282,270,394,296,145,36,38,224,37,35,39,40,66,279,43,162,42,399,400,156,94,9,230,3,333,77,100,78,440,172,265,199,197,107,161,317,261,264,266,336,129,58,160,126,229,7,236,155,112,340,238,95,237,119,154,128,223,159,8,122,158,273,127,116,140,193,91,118,168,4,6,169,142,135,138,123,120,132,104,97,358,133,136,137,106,124,108,139,111,113,141,131,117,92,313,105,411,318,341,61,319,99,342,274,54,315,408,344,314,60,148,62,320,356,267,316,96,268,351,18,153,412,413,121,57,114,134,125,231,130,115,110,56,5,191,65,72,67,271,87,277,355,89,76,68,17,377,71,374,370,275,346,74,276,371,55,367,152,73,357,109,335,75,59,196,343,194,63,195,220,70,33,215,347,166,64,173,170,143,401,34,354,144,151,149,353,222,406,150,407,227,163,405,226,233,190,228,221,192,82,225,234,235,352,366,85,83,84,176,303,232,53,350,86,365,189,177,345,364,363,219,362,167,302,175,81,14,11,32,10,13,31,180,174,80,181,349,348,12,216,218,217,188,361,183,179,481,301,79,182,427,16,430,487,428,429,0,15,455,445,450,19,448,1,453,260,464,446,484,485,442,439,432,479,456,438,451,431,447,449,470,467,28,436,452,458,465,462,473,422,461,20,488,476,433,257,468,471,474,459,256,437,477,454,517,457,509,444,423,259,258,480,486,482,483,506,187,508,359,21,185,186,22,184,24,23,25,360,26,528,498,27,29,425,30,324,322,489,388,325,323,510,526,527,499,490,525,503,390,391,515,321,389,504,505,507,426,434,500,435,497,523,516,524,533,529,424,501,101,102,511,103,512,513,514,519,502,330,329,327,518,520,494,326,522,521,2,331,328,491,534,493,536,535,496,530,532,495,531,492,
402,369,403,404,309,69,241,311,250,254,305,310,308,306,253,304,255,247,252,246,251,410,243,242,248,249,240,245,466,478,244,463,90,368,475,295,419,469,472,307,312,460,417,293,298,297,376,286,421,409,375,281,287,239,300,292,290,299,443,420,338,198,373,214,211,415,418,339,209,203,416,269,157,202,210,204,398,205,201,200,208,207,291,289,288,98,206,212,213,387,50,334,88,385,372,384,280,383,414,178,262,263,393,395,52,49,337,93,272,441,48,146,171,164,332,47,165,392,381,294,45,382,386,44,41,285,397,51,284,379,396,378,380,147,46,278,283,282,394,270,296,145,36,38,224,37,35,39,40,66,279,43,162,42,399,156,400,94,230,9,3,333,77,78,100,440,172,265,199,197,107,161,317,261,264,266,336,58,129,160,126,229,7,236,155,112,340,238,95,237,128,119,154,223,159,8,122,273,158,127,140,116,193,91,118,168,4,169,6,142,135,104,132,120,138,123,137,133,97,136,358,106,124,139,111,108,113,131,141,313,117,92,411,105,341,61,318,319,342,99,54,274,408,315,314,344,148,62,60,320,268,356,316,96,267,18,153,351,413,114,57,121,134,412,125,231,115,130,56,110,5,67,72,191,65,271,87,277,355,89,68,76,71,17,377,374,370,346,74,275,276,371,55,367,152,73,357,109,335,75,59,196,343,194,195,63,220,215,33,70,347,166,64,173,170,401,143,34,354,144,151,149,353,222,150,406,407,163,227,405,190,221,228,192,226,233,225,82,234,235,352,366,85,84,83,176,303,53,232,350,86,177,365,189,364,345,363,167,362,302,219,175,81,14,11,13,32,10,180,31,80,174,181,349,12,348,218,217,188,216,361,183,179,481,301,79,182,427,16,430,487,428,429,0,15,455,445,19,450,448,1,453,260,446,464,484,485,442,439,432,479,456,438,431,451,447,449,467,470,28,436,452,462,465,458,473,461,422,20,488,433,476,257,459,471,468,437,256,474,477,454,517,457,509,259,423,444,258,486,480,482,483,506,187,508,359,21,185,22,184,24,23,186,25,360,26,528,498,29,425,27,30,322,489,324,323,325,388,510,526,527,391,490,390,499,503,525,515,321,504,389,505,426,507,434,500,435,523,497,424,516,529,533,524,501,101,513,102,512,511,103,514,519,502,518,329,330,327,326,520,521,494,522,328,331,2,495,534,530,531,535,493,491,496,532,492,536,
402,369,403,404,309,69,241,311,250,254,305,308,310,306,253,304,255,247,252,246,251,410,243,242,248,249,240,245,466,478,244,463,90,368,475,295,419,469,472,307,312,460,417,293,298,297,376,286,421,409,375,281,287,239,300,292,290,299,443,420,338,198,373,214,211,415,418,339,203,209,416,269,157,210,202,398,204,205,201,200,207,208,291,289,288,206,98,212,213,387,50,334,88,385,372,384,280,383,414,178,263,262,393,395,52,49,337,93,441,272,48,146,171,164,332,47,392,165,381,294,44,386,285,382,45,41,397,51,284,379,378,380,396,147,278,46,283,282,394,270,296,36,145,38,224,35,37,39,40,66,279,43,162,42,399,400,156,94,230,9,3,333,77,100,78,440,172,265,199,197,107,161,317,261,264,266,336,160,58,129,126,229,7,112,236,155,340,237,238,95,119,154,128,223,159,273,8,122,158,127,140,116,193,91,118,4,168,6,169,142,123,138,104,132,135,120,358,137,97,133,136,106,124,111,139,108,113,141,131,117,92,313,411,61,341,105,318,319,274,99,342,54,408,315,314,344,148,60,62,320,268,267,356,316,96,351,18,153,412,134,413,57,114,121,125,231,115,130,110,56,5,67,271,191,65,72,355,277,87,89,76,68,17,71,374,370,377,74,346,275,276,371,55,367,73,152,357,109,335,75,59,196,343,194,63,195,220,70,33,215,166,347,173,64,170,34,401,143,354,144,149,151,353,222,150,406,407,405,163,227,221,192,228,190,233,226,82,225,235,234,352,84,85,83,366,53,303,176,232,86,350,365,177,189,364,345,219,363,167,362,302,81,175,14,11,32,13,10,180,174,80,31,181,349,348,12,188,216,217,218,361,183,481,179,301,79,182,427,16,430,487,428,429,0,15,455,445,19,450,448,1,260,453,484,464,446,442,485,439,432,456,479,431,438,451,449,447,470,467,28,436,452,458,465,462,473,422,461,20,488,433,476,257,256,437,468,477,474,471,459,454,517,457,509,423,259,444,258,482,480,486,483,506,187,508,359,21,185,22,184,186,23,24,25,360,26,498,528,30,29,27,425,489,324,322,388,323,325,510,526,527,390,391,525,503,499,490,515,321,505,504,389,507,426,500,434,435,497,523,529,424,533,524,516,101,501,513,103,102,511,512,514,519,502,330,327,329,518,326,522,494,521,520,331,328,2,536,531,493,535,492,491,534,496,495,530,532,
402,369,403,404,309,69,241,311,250,254,305,310,308,306,253,304,255,247,252,246,251,410,243,242,248,249,240,245,466,478,244,463,368,90,475,295,419,469,472,307,312,460,417,293,298,297,376,286,421,375,409,281,287,239,300,292,290,299,443,420,338,198,373,214,211,418,415,339,209,203,269,416,157,202,210,398,204,205,201,200,208,207,291,289,288,98,206,212,213,50,387,334,88,385,372,384,280,383,414,178,263,262,393,395,52,49,337,93,441,272,48,146,171,164,332,47,392,165,381,294,44,45,41,386,285,382,51,284,397,380,379,378,396,147,46,278,283,282,270,394,296,36,145,38,224,35,37,39,279,66,40,43,162,42,399,156,400,94,9,230,3,333,77,100,78,440,172,265,199,197,161,107,317,264,261,266,336,129,160,58,126,229,7,112,155,236,340,238,95,237,119,128,154,223,159,273,122,8,158,127,193,140,116,91,118,4,168,6,169,142,123,104,138,135,132,120,137,358,133,97,136,106,124,108,139,111,131,113,141,313,117,92,318,411,105,61,341,319,274,54,99,342,315,408,344,314,60,148,62,320,356,96,268,316,267,351,18,153,134,412,57,121,114,413,125,115,130,231,5,110,56,191,271,67,72,65,355,87,277,89,68,76,377,370,17,374,71,74,346,275,371,276,367,55,73,152,357,109,75,335,59,196,343,194,195,63,220,70,33,215,347,166,64,173,170,401,34,143,354,144,149,151,353,222,406,150,407,163,227,405,190,192,228,226,233,221,82,225,234,235,352,83,84,366,85,303,176,53,232,350,86,177,189,365,345,364,363,302,167,219,362,81,14,175,11,32,10,13,180,31,80,174,349,181,348,12,216,217,218,188,361,183,481,179,79,301,182,427,16,430,487,429,428,15,0,455,445,19,450,448,1,260,453,484,446,464,442,485,439,432,479,456,438,451,431,449,447,470,467,28,452,436,465,462,458,473,461,422,20,433,476,488,257,437,256,474,468,471,477,459,454,517,457,509,259,444,423,258,486,482,480,483,506,187,508,359,21,185,184,22,24,186,23,25,360,26,528,498,30,27,425,29,324,489,322,388,325,323,510,526,527,490,525,391,499,390,503,515,321,389,504,505,507,426,500,434,435,523,497,516,424,533,524,529,501,101,514,103,513,512,511,102,519,502,518,329,330,327,522,520,326,521,494,2,331,328,536,532,492,496,531,530,491,534,493,495,535,
402,369,403,404,309,69,241,311,250,254,305,308,310,306,253,304,255,247,252,246,251,410,243,242,249,248,240,245,466,478,244,463,90,368,475,295,419,469,472,307,312,460,417,293,297,298,376,286,421,409,375,281,287,239,300,292,290,299,443,420,338,198,373,214,211,418,415,339,209,203,269,416,157,202,210,398,204,205,201,200,207,208,291,289,288,206,98,212,213,50,387,334,88,385,372,384,383,280,414,178,262,263,393,395,52,49,337,93,272,441,48,146,171,164,332,47,381,165,392,294,45,382,44,41,285,386,51,397,284,378,379,396,380,147,46,278,283,282,394,270,296,36,145,38,224,37,35,39,66,279,40,43,162,42,399,156,400,94,230,9,3,333,77,100,78,440,172,265,199,197,107,161,317,261,264,266,336,58,160,129,126,229,7,112,236,155,340,237,238,95,128,119,154,223,159,8,122,158,273,127,116,193,140,91,118,4,168,169,6,142,123,104,135,120,132,138,136,133,358,137,97,106,124,108,111,139,141,131,113,92,117,313,105,341,318,61,411,319,342,54,99,274,408,315,344,314,60,148,62,320,356,96,316,267,268,18,351,153,57,413,412,114,134,121,115,130,231,125,5,56,110,72,191,271,67,65,87,355,277,89,68,76,377,374,370,71,17,74,346,275,276,371,367,55,152,73,357,109,335,75,59,196,194,343,63,195,220,70,33,215,347,166,64,173,170,34,401,143,354,144,149,151,353,222,407,150,406,163,227,405,228,192,221,190,226,233,82,225,234,235,352,84,366,83,85,176,232,303,53,86,350,365,189,177,364,345,219,302,362,167,363,175,81,14,11,10,13,32,31,180,174,80,181,349,12,348,216,217,218,188,361,183,179,481,301,79,182,427,16,430,487,428,429,15,0,455,445,450,19,1,448,260,453,464,484,446,485,442,432,439,479,456,438,451,431,449,447,467,470,28,436,452,462,465,458,473,422,461,20,488,433,476,257,477,459,471,468,437,256,474,454,517,457,509,444,259,423,258,486,482,480,483,506,187,508,359,21,185,184,186,22,23,24,25,360,26,498,528,27,30,425,29,322,324,489,323,325,388,526,510,527,499,503,391,390,525,490,515,321,504,389,505,507,426,434,500,435,523,497,516,424,533,529,524,101,501,514,103,512,511,102,513,519,502,327,330,518,329,522,494,520,326,521,328,331,2,495,530,536,496,493,532,534,491,531,535,492,
402,369,403,404,309,69,241,311,250,254,305,310,308,306,253,304,255,247,252,246,251,410,243,242,248,249,240,245,466,478,244,463,475,368,90,295,419,469,472,307,312,460,417,293,297,298,376,286,421,409,375,281,287,239,300,292,290,299,443,420,338,198,373,214,211,415,418,339,203,209,416,269,157,202,210,398,204,205,201,200,208,207,291,289,288,98,206,212,213,387,50,334,88,385,372,384,383,280,414,178,262,263,393,395,52,49,337,93,272,441,146,48,171,164,332,47,165,392,381,294,44,285,382,45,41,386,284,51,397,379,380,396,378,147,46,278,283,282,394,270,296,145,36,38,224,37,35,39,66,40,279,43,162,42,399,156,400,94,230,9,3,333,77,100,78,440,172,265,199,197,107,161,317,261,264,266,336,58,160,129,126,229,7,236,112,155,340,238,237,95,154,128,119,223,159,8,122,273,158,127,116,193,140,91,118,4,168,6,169,142,123,120,135,104,138,132,133,358,137,97,136,106,124,108,139,111,141,113,131,313,117,92,105,318,61,411,341,319,342,274,99,54,408,315,344,314,62,148,60,320,316,356,267,96,268,351,153,18,57,412,114,413,134,121,115,231,125,130,5,56,110,271,191,67,65,72,355,277,87,89,76,68,17,377,370,374,71,275,346,74,371,276,55,367,152,73,357,109,335,75,59,196,343,194,63,195,220,215,33,70,347,166,173,64,170,401,34,143,354,144,149,151,353,222,406,150,407,163,227,405,221,226,228,233,190,192,225,82,235,234,352,83,84,85,366,232,53,176,303,350,86,177,365,189,345,364,219,362,363,302,167,14,81,175,11,32,13,10,174,180,80,31,181,349,348,12,188,217,216,218,361,183,481,179,301,79,182,427,16,430,487,428,429,15,0,455,445,19,450,1,448,260,453,446,464,484,442,485,432,439,456,479,431,451,438,449,447,467,470,28,452,436,465,462,458,473,422,461,20,476,433,488,257,474,468,437,459,256,477,471,454,517,457,509,444,423,259,258,482,486,480,483,506,187,508,359,21,185,23,24,184,22,186,25,360,26,498,528,425,29,30,27,322,489,324,323,325,388,510,526,527,391,525,499,503,490,390,515,321,389,505,504,426,507,500,434,435,523,497,524,529,533,424,516,501,101,512,513,511,103,514,102,519,502,329,518,330,327,494,520,326,522,521,331,2,328,496,491,492,531,495,532,535,534,530,493,536,
402,369,403,404,309,69,241,311,250,254,305,310,308,306,253,304,255,247,252,246,251,410,243,242,248,249,240,245,466,478,244,463,368,475,90,295,419,469,472,307,312,460,417,293,297,298,376,286,421,375,409,281,287,239,300,292,290,299,443,420,338,198,373,214,211,418,415,339,209,203,269,416,157,210,202,398,204,205,201,200,208,207,291,289,288,206,98,212,213,50,387,334,88,385,372,384,280,383,414,178,263,262,393,395,52,49,337,93,441,272,48,146,171,164,332,47,392,381,165,294,386,44,382,285,45,41,51,284,397,379,396,378,380,147,278,46,283,282,270,394,296,145,36,38,224,35,37,39,279,66,40,43,162,42,399,156,400,94,9,230,3,333,77,100,78,440,172,265,199,197,161,107,317,261,264,266,336,58,129,160,126,229,7,112,236,155,340,237,95,238,119,128,154,223,159,122,273,8,158,127,116,140,193,91,118,168,4,6,169,142,135,138,104,120,123,132,137,97,136,358,133,124,106,139,108,111,141,113,131,313,92,117,318,105,61,411,341,319,54,342,99,274,315,408,344,314,60,148,62,320,268,267,316,356,96,18,153,351,57,413,412,114,134,121,125,130,231,115,56,5,110,67,72,271,65,191,87,277,355,89,68,76,17,374,377,370,71,346,275,74,371,276,367,55,73,152,357,109,75,335,59,196,343,194,63,195,220,215,70,33,347,166,64,173,170,401,34,143,354,144,149,151,353,222,406,150,407,163,227,405,228,190,192,233,226,221,225,82,234,235,352,83,366,85,84,303,53,232,176,350,86,189,177,365,364,345,363,167,302,219,362,81,14,175,11,32,10,13,31,80,174,180,349,181,12,348,216,218,188,217,361,183,481,179,301,79,182,427,16,430,487,428,429,15,0,455,445,450,19,1,448,260,453,446,464,484,442,485,432,439,456,479,451,438,431,449,447,467,470,28,452,436,462,458,465,473,461,422,20,488,476,433,257,437,474,471,477,468,256,459,454,517,457,509,423,259,444,258,486,480,482,483,506,187,508,359,21,185,184,24,22,186,23,25,360,26,528,498,425,29,30,27,489,324,322,323,388,325,526,510,527,525,390,503,391,499,490,515,321,505,389,504,507,426,434,500,435,497,523,516,524,533,529,424,501,101,102,514,512,103,511,513,519,502,518,327,329,330,326,521,522,494,520,2,331,328,492,496,532,493,530,491,535,536,495,534,531,
402,369,403,404,309,69,241,311,250,254,305,310,308,306,253,304,255,247,252,246,251,410,243,242,248,249,240,245,466,478,244,463,90,475,368,295,419,469,472,307,312,460,417,293,298,297,376,286,421,409,375,281,287,239,300,292,290,299,443,420,338,198,373,214,211,418,415,339,203,209,416,269,157,210,202,398,204,205,201,200,207,208,291,289,288,98,206,212,213,387,50,334,88,385,372,384,280,383,414,178,262,263,393,395,52,49,337,93,441,272,48,146,171,164,332,47,381,392,165,294,382,41,285,44,386,45,397,51,284,378,379,396,380,147,278,46,283,282,394,270,296,145,36,38,224,37,35,39,40,279,66,43,162,42,399,400,156,94,9,230,3,333,77,100,78,440,172,265,199,197,161,107,317,264,261,266,336,160,58,129,126,229,7,236,112,155,340,238,237,95,154,119,128,223,159,158,273,8,122,127,193,140,116,91,118,4,168,6,169,142,135,138,132,120,123,104,137,358,133,136,97,124,106,108,111,139,113,141,131,117,92,313,341,411,318,61,105,319,99,342,274,54,408,315,314,344,60,62,148,320,356,267,268,316,96,153,18,351,114,121,413,134,412,57,115,130,125,231,5,56,110,67,72,271,191,65,355,277,87,89,68,76,374,71,370,377,17,346,275,74,371,276,367,55,152,73,357,109,75,335,59,196,343,194,195,63,220,33,215,70,166,347,64,173,170,143,34,401,354,144,151,149,353,222,150,406,407,405,227,163,192,233,226,221,190,228,82,225,234,235,352,83,85,366,84,303,232,176,53,86,350,189,177,365,364,345,167,362,363,219,302,14,81,175,11,32,10,13,31,180,80,174,349,181,12,348,217,218,216,188,361,183,481,179,301,79,182,427,16,430,487,429,428,15,0,455,445,19,450,448,1,260,453,484,446,464,442,485,432,439,456,479,451,438,431,447,449,470,467,28,436,452,462,465,458,473,422,461,20,433,476,488,257,468,437,474,471,477,256,459,454,517,457,509,423,444,259,258,480,482,486,483,506,187,508,359,21,185,186,23,22,184,24,25,360,26,498,528,30,29,27,425,324,322,489,323,325,388,526,510,527,391,390,525,499,490,503,515,321,505,504,389,426,507,434,500,435,497,523,516,524,424,533,529,501,101,511,102,512,513,103,514,519,502,327,329,518,330,494,521,522,520,326,2,328,331,534,495,530,491,532,492,531,493,535,536,496,
402,369,403,404,309,69,241,311,250,254,305,308,310,306,253,304,255,247,252,246,251,410,243,242,248,249,240,245,466,478,244,463,368,475,90,295,419,469,472,307,312,460,417,293,298,297,376,286,421,375,409,281,287,239,300,292,290,299,443,420,338,198,373,214,211,418,415,339,203,209,269,416,157,210,202,204,398,205,201,200,207,208,291,289,288,206,98,212,213,50,387,334,88,385,372,384,383,280,414,178,263,262,393,395,52,49,337,93,272,441,48,146,171,164,332,47,392,381,165,294,44,386,45,41,382,285,51,397,284,379,396,380,378,147,278,46,283,282,394,270,296,36,145,38,224,37,35,39,40,66,279,43,162,42,399,400,156,94,230,9,3,333,77,100,78,440,172,265,199,197,161,107,317,264,261,266,336,58,129,160,126,229,7,112,155,236,340,237,238,95,119,154,128,223,159,122,273,8,158,127,193,140,116,91,118,168,4,169,6,142,135,123,120,132,104,138,133,358,97,136,137,106,124,108,111,139,113,131,141,313,117,92,105,411,318,61,341,319,342,274,99,54,315,408,344,314,148,62,60,320,356,267,96,316,268,18,351,153,57,134,412,121,114,413,231,130,115,125,5,56,110,65,191,271,72,67,87,355,277,89,68,76,17,370,71,374,377,346,275,74,276,371,55,367,152,73,357,109,335,75,59,196,194,343,63,195,220,33,215,70,347,166,173,64,170,401,143,34,354,144,151,149,353,222,150,407,406,163,405,227,190,192,228,221,233,226,225,82,234,235,352,85,366,83,84,232,53,303,176,86,350,177,365,189,345,364,219,302,362,167,363,81,14,175,11,13,32,10,31,80,180,174,349,181,12,348,217,188,218,216,361,183,179,481,79,301,182,427,16,430,487,429,428,15,0,455,445,19,450,448,1,453,260,446,464,484,485,442,439,432,479,456,438,431,451,447,449,470,467,28,436,452,465,458,462,473,461,422,20,488,476,433,257,468,437,477,471,256,474,459,454,517,457,509,423,259,444,258,482,486,480,483,506,187,508,359,21,185,23,184,24,186,22,25,360,26,528,498,30,29,27,425,489,322,324,388,323,325,526,510,527,525,503,499,490,391,390,515,321,504,389,505,507,426,500,434,435,523,497,516,524,424,533,529,501,101,103,512,511,102,514,513,519,502,327,330,329,518,521,326,494,520,522,328,2,331,535,534,492,530,493,531,532,491,496,495,536,
402,369,403,404,309,69,241,311,250,254,305,308,310,306,253,304,255,247,252,246,251,410,243,242,249,248,240,245,466,478,244,463,368,90,475,295,419,469,472,307,312,460,417,293,298,297,376,286,421,375,409,281,287,239,300,292,290,299,443,420,338,198,373,214,211,415,418,339,203,209,269,416,157,210,202,204,398,205,201,200,207,208,291,289,288,206,98,212,213,50,387,334,88,385,372,384,280,383,414,178,262,263,393,395,52,49,337,93,272,441,48,146,171,164,332,47,381,165,392,294,285,41,45,382,44,386,51,284,397,380,396,378,379,147,278,46,283,282,394,270,296,145,36,38,224,37,35,39,279,40,66,43,162,42,399,400,156,94,9,230,3,333,77,100,78,440,172,265,199,197,161,107,317,261,264,266,336,160,58,129,126,229,7,112,155,236,340,238,95,237,154,128,119,223,159,122,273,158,8,127,193,140,116,91,118,168,4,6,169,142,120,132,123,135,104,138,358,97,136,137,133,106,124,108,139,111,141,113,131,313,117,92,411,341,105,61,318,319,99,274,342,54,315,408,314,344,62,60,148,320,356,96,268,316,267,153,18,351,413,134,412,121,114,57,231,130,115,125,5,56,110,67,72,65,191,271,277,87,355,89,68,76,374,370,17,377,71,346,275,74,276,371,55,367,152,73,357,109,75,335,59,196,194,343,63,195,220,215,70,33,347,166,64,173,170,401,143,34,354,144,149,151,353,222,406,150,407,405,227,163,190,226,221,228,233,192,225,82,235,234,352,85,83,84,366,53,176,303,232,86,350,189,177,365,364,345,302,363,362,167,219,14,81,175,11,10,32,13,31,80,180,174,181,349,12,348,217,216,218,188,361,183,179,481,301,79,182,427,16,430,487,428,429,15,0,455,445,19,450,448,1,453,260,484,464,446,485,442,432,439,479,456,451,438,431,447,449,470,467,28,436,452,458,465,462,473,422,461,20,476,433,488,257,474,437,468,459,477,471,256,454,517,457,509,259,423,444,258,486,480,482,483,506,187,508,359,21,185,186,184,23,24,22,25,360,26,498,528,30,27,29,425,322,324,489,325,323,388,526,510,527,390,525,490,499,503,391,515,321,504,505,389,507,426,434,500,435,497,523,516,529,524,424,533,101,501,512,511,102,513,514,103,519,502,518,330,329,327,326,521,494,520,522,328,331,2,534,491,532,495,536,493,535,530,531,496,492,
402,369,403,404,309,69,241,311,250,254,305,310,308,306,253,304,255,247,252,246,251,410,243,242,249,248,240,245,466,478,244,463,368,475,90,295,419,469,472,307,312,460,417,293,297,298,376,286,421,375,409,281,287,239,300,292,290,299,443,420,338,198,373,214,211,415,418,339,209,203,416,269,157,210,202,204,398,205,201,200,207,208,291,289,288,206,98,212,213,387,50,334,88,385,372,384,383,280,414,178,263,262,393,395,52,49,337,93,441,272,146,48,171,164,332,47,392,165,381,294,382,45,41,386,44,285,284,51,397,380,379,378,396,147,46,278,283,282,394,270,296,145,36,38,224,35,37,39,40,66,279,43,162,42,399,400,156,94,9,230,3,333,77,78,100,440,172,265,199,197,161,107,317,261,264,266,336,160,129,58,126,229,7,155,112,236,340,238,237,95,154,119,128,223,159,158,8,273,122,127,193,116,140,91,118,168,4,6,169,142,123,104,138,120,135,132,97,136,358,137,133,106,124,108,139,111,141,113,131,92,117,313,341,61,318,411,105,319,54,99,342,274,315,408,344,314,62,148,60,320,267,316,268,96,356,153,351,18,57,412,134,121,413,114,125,130,231,115,56,110,5,271,191,72,65,67,87,277,355,89,76,68,71,377,17,374,370,346,275,74,276,371,55,367,73,152,357,109,335,75,59,196,194,343,63,195,220,33,215,70,166,347,173,64,170,143,34,401,354,144,149,151,222,353,150,406,407,163,405,227,233,226,190,228,221,192,225,82,234,235,352,85,83,84,366,176,303,232,53,86,350,177,365,189,364,345,363,302,167,362,219,14,81,175,11,13,32,10,80,174,31,180,181,349,348,12,216,188,217,218,361,183,481,179,79,301,182,427,16,430,487,428,429,15,0,455,445,450,19,1,448,260,453,446,464,484,442,485,432,439,479,456,451,438,431,447,449,470,467,28,436,452,462,465,458,473,461,422,20,476,488,433,257,459,437,471,474,468,256,477,454,517,457,509,444,259,423,258,480,486,482,483,506,187,508,359,21,185,24,22,184,23,186,25,360,26,498,528,425,27,30,29,489,322,324,323,325,388,510,526,527,499,390,525,391,490,503,515,321,389,504,505,426,507,500,434,435,523,497,424,524,533,516,529,101,501,103,102,512,513,514,511,519,502,330,518,327,329,522,494,521,520,326,331,2,328,531,535,492,495,536,530,496,532,493,534,491,
402,369,403,404,309,69,241,311,250,254,305,308,310,306,253,304,255,247,252,246,251,410,243,242,249,248,240,245,466,478,244,463,475,368,90,295,419,469,472,307,312,460,417,293,297,298,376,286,421,375,409,281,287,239,300,292,290,299,443,420,338,198,373,214,211,415,418,339,209,203,269,416,157,202,210,204,398,205,201,200,207,208,291,289,288,206,98,212,213,387,50,334,88,385,372,384,383,280,414,178,263,262,393,395,52,49,337,93,272,441,146,48,171,164,332,47,381,392,165,294,41,386,382,285,45,44,284,397,51,396,378,379,380,147,46,278,283,282,270,394,296,145,36,38,224,35,37,39,40,66,279,43,162,42,399,156,400,94,9,230,3,333,77,78,100,440,172,265,199,197,107,161,317,261,264,266,336,58,160,129,126,229,7,155,112,236,340,95,238,237,119,128,154,223,159,8,122,158,273,127,193,116,140,91,118,4,168,169,6,142,123,135,104,120,138,132,97,137,133,358,136,124,106,139,111,108,113,141,131,313,92,117,411,61,318,341,105,319,99,342,274,54,408,315,344,314,62,60,148,320,268,316,96,356,267,351,153,18,413,57,121,134,114,412,125,130,115,231,5,56,110,67,271,72,65,191,277,87,355,89,68,76,374,17,377,370,71,74,346,275,371,276,55,367,73,152,357,109,335,75,59,196,194,343,63,195,220,33,70,215,347,166,173,64,170,34,143,401,354,144,151,149,222,353,406,150,407,163,227,405,233,190,192,221,228,226,82,225,235,234,352,366,83,85,84,303,53,176,232,86,350,189,365,177,345,364,167,363,362,302,219,81,14,175,11,32,13,10,31,174,80,180,181,349,12,348,188,218,217,216,361,183,179,481,301,79,182,427,16,430,487,428,429,0,15,455,445,450,19,448,1,260,453,464,484,446,485,442,432,439,456,479,451,438,431,447,449,470,467,28,452,436,458,462,465,473,422,461,20,433,488,476,257,256,471,468,459,477,474,437,454,517,457,509,259,444,423,258,482,480,486,483,506,187,508,359,21,185,184,22,186,23,24,25,360,26,528,498,425,29,30,27,324,322,489,325,388,323,510,526,527,490,525,390,391,503,499,515,321,389,505,504,426,507,434,500,435,523,497,424,529,533,516,524,101,501,514,103,513,102,511,512,519,502,327,329,330,518,522,520,494,326,521,331,328,2,534,495,531,492,530,535,491,536,493,496,532,
402,369,403,404,309,69,241,311,250,254,305,308,310,306,253,304,255,247,252,246,251,410,243,242,249,248,240,245,466,478,244,463,475,90,368,295,419,469,472,307,312,460,417,293,297,298,376,286,421,409,375,281,287,239,300,292,290,299,443,420,338,198,373,214,211,415,418,339,209,203,269,416,157,210,202,204,398,205,201,200,208,207,291,289,288,206,98,212,213,387,50,334,88,385,372,384,383,280,414,178,263,262,393,395,52,49,337,93,272,441,146,48,171,164,332,47,381,392,165,294,382,41,386,45,285,44,284,397,51,379,380,378,396,147,46,278,283,282,270,394,296,145,36,38,224,35,37,39,40,66,279,43,162,42,399,400,156,94,9,230,3,333,77,100,78,440,172,265,199,197,107,161,317,261,264,266,336,129,160,58,126,229,7,112,155,236,340,237,238,95,128,154,119,223,159,8,158,273,122,127,116,140,193,91,118,168,4,6,169,142,123,132,104,138,135,120,136,97,358,133,137,106,124,139,111,108,131,141,113,117,92,313,318,341,411,61,105,319,99,274,342,54,408,315,344,314,60,62,148,320,316,96,267,356,268,351,153,18,57,121,413,114,134,412,130,125,231,115,56,5,110,72,65,191,271,67,87,355,277,89,76,68,17,377,374,370,71,275,346,74,276,371,367,55,152,73,357,109,75,335,59,196,343,194,63,195,220,215,70,33,166,347,64,173,170,34,401,143,354,144,151,149,353,222,150,406,407,405,227,163,226,233,192,221,228,190,82,225,235,234,352,85,83,84,366,303,53,232,176,86,350,365,177,189,345,364,219,363,167,362,302,175,14,81,11,13,10,32,174,180,31,80,349,181,348,12,188,218,217,216,361,183,179,481,301,79,182,427,16,430,487,428,429,15,0,455,445,19,450,448,1,260,453,464,484,446,442,485,439,432,479,456,438,451,431,447,449,467,470,28,436,452,458,465,462,473,461,422,20,476,488,433,257,474,477,471,256,459,468,437,454,517,457,509,423,259,444,258,486,482,480,483,506,187,508,359,21,185,22,24,23,184,186,25,360,26,498,528,425,27,29,30,324,489,322,323,325,388,526,510,527,391,525,390,503,499,490,515,321,389,504,505,426,507,500,434,435,523,497,424,529,533,524,516,101,501,511,103,513,512,514,102,519,502,329,327,518,330,326,520,494,521,522,328,2,331,530,532,496,534,491,536,531,535,495,493,492,
402,369,403,404,309,69,241,311,250,254,305,310,308,306,253,304,255,247,252,246,251,410,243,242,248,249,240,245,466,478,244,463,90,368,475,295,419,469,472,307,312,460,417,293,297,298,376,286,421,375,409,281,287,239,300,292,290,299,443,420,338,198,373,214,211,418,415,339,209,203,416,269,157,210,202,204,398,205,201,200,208,207,291,289,288,98,206,212,213,387,50,334,88,385,372,384,280,383,414,178,262,263,393,395,52,49,337,93,441,272,48,146,171,164,332,47,381,165,392,294,44,45,382,41,285,386,51,284,397,379,378,380,396,147,278,46,283,282,394,270,296,36,145,38,224,35,37,39,40,279,66,43,162,42,399,400,156,94,230,9,3,333,77,100,78,440,172,265,199,197,107,161,317,264,261,266,336,129,58,160,126,229,7,155,112,236,340,95,238,237,128,154,119,223,159,8,273,122,158,127,116,140,193,91,118,168,4,6,169,142,132,104,135,120,123,138,137,133,97,136,358,124,106,139,111,108,141,113,131,313,117,92,341,411,61,318,105,319,274,99,54,342,315,408,314,344,148,60,62,320,267,316,268,356,96,153,18,351,57,412,121,134,114,413,231,130,125,115,56,110,5,67,65,271,191,72,87,277,355,89,68,76,370,374,17,71,377,346,275,74,276,371,367,55,73,152,357,109,75,335,59,196,194,343,63,195,220,33,215,70,347,166,64,173,170,401,34,143,354,144,151,149,353,222,406,407,150,227,163,405,233,192,221,190,226,228,82,225,234,235,352,84,366,85,83,53,232,303,176,86,350,177,365,189,364,345,219,167,363,302,362,175,81,14,11,13,10,32,31,180,174,80,181,349,12,348,218,188,216,217,361,183,179,481,301,79,182,427,16,430,487,429,428,15,0,455,445,19,450,1,448,260,453,464,484,446,485,442,432,439,479,456,438,431,451,447,449,467,470,28,452,436,465,458,462,473,422,461,20,488,476,433,257,437,471,477,474,459,468,256,454,517,457,509,444,259,423,258,480,482,486,483,506,187,508,359,21,185,184,23,22,186,24,25,360,26,498,528,29,30,27,425,324,489,322,323,325,388,526,510,527,525,391,490,390,503,499,515,321,504,389,505,507,426,500,434,435,523,497,529,516,524,424,533,501,101,511,512,103,514,102,513,519,502,330,327,518,329,326,494,521,520,522,2,328,331,492,496,534,535,495,531,493,532,491,530,536,
402,369,403,404,309,69,241,311,250,254,305,310,308,306,253,304,255,247,252,246,251,410,243,242,249,248,240,245,466,478,244,463,90,368,475,295,419,469,472,307,312,460,417,293,298,297,376,286,421,375,409,281,287,239,300,292,290,299,443,420,338,198,373,214,211,415,418,339,209,203,269,416,157,202,210,204,398,205,201,200,207,208,291,289,288,98,206,212,213,387,50,334,88,385,372,384,383,280,414,178,262,263,393,395,52,49,337,93,272,441,48,146,171,164,332,47,392,165,381,294,45,44,41,382,386,285,284,397,51,380,396,378,379,147,46,278,283,282,270,394,296,145,36,38,224,35,37,39,279,66,40,43,162,42,399,156,400,94,230,9,3,333,77,78,100,440,172,265,199,197,107,161,317,264,261,266,336,129,160,58,126,229,7,112,236,155,340,95,238,237,119,128,154,223,159,8,273,158,122,127,193,140,116,91,118,4,168,6,169,142,135,138,104,132,120,123,133,136,97,137,358,124,106,139,108,111,141,113,131,117,313,92,105,61,411,318,341,319,274,99,54,342,315,408,314,344,60,62,148,320,267,316,356,268,96,351,18,153,134,121,412,114,413,57,231,125,115,130,5,110,56,72,271,65,191,67,87,277,355,89,76,68,370,377,17,374,71,74,346,275,276,371,55,367,152,73,357,109,335,75,59,196,194,343,195,63,220,33,70,215,347,166,64,173,170,143,34,401,354,144,151,149,353,222,150,406,407,227,405,163,233,190,228,226,221,192,225,82,234,235,352,366,85,83,84,176,53,303,232,350,86,177,189,365,364,345,363,362,302,167,219,14,175,81,11,10,32,13,174,80,180,31,181,349,12,348,218,188,216,217,361,183,481,179,301,79,182,427,16,430,487,429,428,15,0,455,445,19,450,448,1,453,260,446,464,484,485,442,432,439,479,456,451,431,438,449,447,470,467,28,452,436,458,462,465,473,461,422,20,433,488,476,257,477,459,256,437,468,471,474,454,517,457,509,259,444,423,258,486,482,480,483,506,187,508,359,21,185,22,186,184,24,23,25,360,26,528,498,29,425,27,30,322,324,489,325,388,323,526,510,527,525,503,390,499,391,490,515,321,505,389,504,426,507,434,500,435,497,523,533,524,516,529,424,501,101,514,511,513,102,103,512,519,502,329,327,518,330,520,522,494,326,521,331,2,328,492,530,496,536,493,491,495,534,532,535,531,
402,369,403,404,309,69,241,311,250,254,305,310,308,306,253,304,255,247,252,246,251,410,243,242,249,248,240,245,466,478,244,463,90,368,475,295,419,469,472,307,312,460,417,293,297,298,376,286,421,409,375,281,287,239,300,292,290,299,443,420,338,198,373,214,211,415,418,339,209,203,269,416,157,210,202,204,398,205,201,200,207,208,291,289,288,206,98,212,213,50,387,334,88,385,372,384,383,280,414,178,263,262,393,395,52,49,337,93,441,272,146,48,171,164,332,47,381,392,165,294,382,45,386,285,41,44,51,284,397,380,396,378,379,147,278,46,283,282,270,394,296,36,145,38,224,37,35,39,66,279,40,43,162,42,399,400,156,94,9,230,3,333,77,78,100,440,172,265,199,197,107,161,317,261,264,266,336,129,160,58,126,229,7,112,155,236,340,95,238,237,154,128,119,223,159,8,273,158,122,127,193,140,116,91,118,4,168,169,6,142,138,104,120,135,132,123,137,136,133,358,97,124,106,139,111,108,141,113,131,313,92,117,341,318,61,105,411,319,342,274,54,99,408,315,344,314,60,148,62,320,356,96,268,316,267,153,18,351,121,412,134,114,57,413,231,115,130,125,56,110,5,271,72,65,191,67,87,277,355,89,76,68,374,71,377,370,17,275,346,74,276,371,367,55,152,73,357,109,335,75,59,196,194,343,195,63,220,70,33,215,166,347,64,173,170,401,143,34,354,144,149,151,353,222,406,150,407,227,405,163,190,192,233,228,226,221,82,225,235,234,352,85,84,83,366,53,176,303,232,86,350,177,365,189,345,364,363,167,219,302,362,175,14,81,11,13,32,10,180,31,80,174,349,181,12,348,188,217,218,216,361,183,481,179,301,79,182,427,16,430,487,429,428,0,15,455,445,19,450,1,448,453,260,484,464,446,442,485,439,432,456,479,451,438,431,449,447,467,470,28,436,452,465,462,458,473,461,422,20,476,433,488,257,468,477,471,256,459,437,474,454,517,457,509,423,444,259,258,482,480,486,483,506,187,508,359,21,185,23,22,184,186,24,25,360,26,528,498,29,30,425,27,322,324,489,388,325,323,510,526,527,503,390,499,391,525,490,515,321,505,389,504,426,507,500,434,435,523,497,524,516,533,529,424,501,101,103,511,512,102,513,514,519,502,330,327,329,518,494,326,521,522,520,2,331,328,534,531,536,535,496,530,532,493,495,492,491,
402,369,403,404,309,69,241,311,250,254,305,310,308,306,253,304,255,247,252,246,251,410,243,242,248,249,240,245,466,478,244,463,475,90,368,295,419,469,472,307,312,460,417,293,298,297,376,286,421,409,375,281,287,239,300,292,290,299,443,420,338,198,373,214,211,415,418,339,203,209,269,416,157,210,202,398,204,205,201,200,208,207,291,289,288,98,206,212,213,50,387,334,88,385,372,384,383,280,414,178,262,263,393,395,52,49,337,93,272,441,146,48,171,164,332,47,165,392,381,294,285,45,41,386,382,44,397,284,51,378,380,379,396,147,278,46,283,282,270,394,296,36,145,38,224,35,37,39,40,66,279,43,162,42,399,156,400,94,9,230,3,333,77,78,100,440,172,265,199,197,107,161,317,264,261,266,336,58,160,129,126,229,7,112,236,155,340,238,95,237,154,119,128,223,159,273,8,158,122,127,140,193,116,91,118,168,4,6,169,142,135,120,138,132,123,104,136,133,358,137,97,106,124,111,139,108,113,131,141,117,92,313,105,61,341,318,411,319,274,54,99,342,408,315,344,314,60,148,62,320,268,96,267,356,316,153,18,351,134,57,413,121,412,114,125,130,115,231,5,56,110,65,191,271,67,72,277,87,355,89,76,68,370,377,17,71,374,74,346,275,276,371,367,55,73,152,357,109,335,75,59,196,343,194,63,195,220,70,33,215,347,166,64,173,170,401,34,143,354,144,151,149,353,222,407,406,150,405,163,227,221,190,226,233,228,192,82,225,234,235,352,83,366,85,84,232,53,176,303,86,350,177,189,365,345,364,302,363,362,167,219,81,14,175,11,32,13,10,31,80,180,174,181,349,12,348,217,216,188,218,361,183,481,179,301,79,182,427,16,430,487,429,428,15,0,455,445,19,450,448,1,260,453,484,446,464,442,485,432,439,456,479,451,431,438,447,449,467,470,28,452,436,458,462,465,473,422,461,20,433,488,476,257,471,474,477,468,437,459,256,454,517,457,509,444,423,259,258,480,482,486,483,506,187,508,359,21,185,22,184,186,24,23,25,360,26,498,528,425,30,27,29,322,489,324,325,388,323,510,526,527,390,391,490,525,503,499,515,321,505,389,504,507,426,500,434,435,497,523,533,529,424,524,516,101,501,103,514,102,511,512,513,519,502,327,518,330,329,522,521,326,494,520,331,2,328,495,493,535,530,534,531,496,536,492,491,532,
402,369,403,404,309,69,241,311,250,254,305,310,308,306,253,304,255,247,252,246,251,410,243,242,249,248,240,245,466,478,244,463,475,90,368,295,419,469,472,307,312,460,417,293,298,297,376,286,421,409,375,281,287,239,300,292,290,299,443,420,338,198,373,214,211,418,415,339,203,209,416,269,157,210,202,398,204,205,201,200,208,207,291,289,288,206,98,212,213,50,387,334,88,385,372,384,383,280,414,178,262,263,393,395,52,49,337,93,272,441,146,48,171,164,332,47,381,392,165,294,44,45,41,382,386,285,284,397,51,380,379,396,378,147,278,46,283,282,394,270,296,145,36,38,224,37,35,39,40,66,279,43,162,42,399,400,156,94,9,230,3,333,77,78,100,440,172,265,199,197,107,161,317,261,264,266,336,58,160,129,126,229,7,155,112,236,340,95,238,237,119,154,128,223,159,122,8,158,273,127,116,140,193,91,118,4,168,169,6,142,120,132,104,123,138,135,133,358,97,137,136,106,124,108,139,111,131,113,141,117,313,92,61,411,105,341,318,319,54,99,274,342,315,408,314,344,148,62,60,320,356,267,96,268,316,351,153,18,412,121,134,413,114,57,231,115,125,130,110,5,56,191,72,271,67,65,355,87,277,89,68,76,370,377,17,374,71,275,346,74,371,276,55,367,73,152,357,109,335,75,59,196,194,343,195,63,220,70,33,215,347,166,64,173,170,401,143,34,354,144,151,149,222,353,407,150,406,405,163,227,192,228,226,233,221,190,82,225,234,235,352,85,84,366,83,176,53,303,232,86,350,365,189,177,364,345,219,362,302,167,363,175,81,14,11,10,13,32,174,180,31,80,181,349,12,348,188,217,218,216,361,183,179,481,301,79,182,427,16,430,487,428,429,0,15,455,445,450,19,448,1,260,453,464,484,446,485,442,439,432,456,479,431,438,451,449,447,470,467,28,452,436,462,465,458,473,422,461,20,476,488,433,257,474,256,471,468,459,437,477,454,517,457,509,259,423,444,258,482,480,486,483,506,187,508,359,21,185,24,186,184,23,22,25,360,26,528,498,425,27,30,29,322,489,324,323,388,325,526,510,527,503,390,499,525,490,391,515,321,504,389,505,426,507,434,500,435,497,523,529,524,424,533,516,101,501,513,514,512,103,511,102,519,502,329,330,327,518,520,521,326,522,494,328,2,331,534,531,536,496,491,495,532,535,493,492,530,
402,369,403,404,309,69,241,311,250,254,305,308,310,306,253,304,255,247,252,246,251,410,243,242,249,248,240,245,466,478,244,463,368,475,90,295,419,469,472,307,312,460,417,293,297,298,376,286,421,375,409,281,287,239,300,292,290,299,443,420,338,198,373,214,211,418,415,339,209,203,416,269,157,210,202,398,204,205,201,200,208,207,291,289,288,98,206,212,213,50,387,334,88,385,372,384,280,383,414,178,262,263,393,395,52,49,337,93,272,441,48,146,171,164,332,47,392,381,165,294,45,285,386,41,382,44,51,397,284,378,396,380,379,147,46,278,283,282,394,270,296,36,145,38,224,35,37,39,66,279,40,43,162,42,399,400,156,94,9,230,3,333,77,78,100,440,172,265,199,197,107,161,317,261,264,266,336,58,160,129,126,229,7,155,236,112,340,237,95,238,154,128,119,223,159,8,158,273,122,127,140,116,193,91,118,4,168,169,6,142,138,120,135,123,104,132,97,136,137,358,133,124,106,111,139,108,113,141,131,92,117,313,341,61,411,318,105,319,274,99,54,342,315,408,314,344,62,148,60,320,356,268,316,267,96,351,153,18,412,121,114,57,413,134,231,130,125,115,56,110,5,191,65,72,271,67,277,355,87,89,76,68,377,374,17,370,71,346,275,74,276,371,55,367,152,73,357,109,75,335,59,196,194,343,63,195,220,33,70,215,166,347,173,64,170,34,401,143,354,144,149,151,222,353,407,406,150,227,405,163,228,226,233,221,190,192,82,225,235,234,352,84,83,85,366,232,53,176,303,86,350,189,177,365,364,345,302,362,167,363,219,81,14,175,11,13,10,32,180,31,80,174,181,349,348,12,218,188,216,217,361,183,179,481,301,79,182,427,16,430,487,429,428,0,15,455,445,19,450,448,1,260,453,446,484,464,442,485,439,432,479,456,451,431,438,449,447,467,470,28,452,436,465,458,462,473,461,422,20,476,488,433,257,256,471,437,474,477,459,468,454,517,457,509,444,423,259,258,482,486,480,483,506,187,508,359,21,185,186,184,24,22,23,25,360,26,498,528,27,30,425,29,322,324,489,325,323,388,510,526,527,490,499,390,503,525,391,515,321,505,504,389,426,507,500,434,435,523,497,533,529,424,516,524,501,101,511,103,513,512,514,102,519,502,329,327,518,330,326,494,520,521,522,328,331,2,491,493,534,492,496,495,530,531,535,536,532,
402,369,403,404,309,69,241,311,250,254,305,310,308,306,253,304,255,247,252,246,251,410,243,242,248,249,240,245,466,478,244,463,90,475,368,295,419,469,472,307,312,460,417,293,297,298,376,286,421,375,409,281,287,239,300,292,290,299,443,420,338,198,373,214,211,418,415,339,209,203,269,416,157,202,210,398,204,205,201,200,207,208,291,289,288,98,206,212,213,387,50,334,88,385,372,384,280,383,414,178,262,263,393,395,52,49,337,93,441,272,48,146,171,164,332,47,381,165,392,294,41,44,386,285,382,45,51,397,284,379,396,378,380,147,46,278,283,282,394,270,296,36,145,38,224,35,37,39,279,66,40,43,162,42,399,156,400,94,9,230,3,333,77,78,100,440,172,265,199,197,161,107,317,261,264,266,336,129,58,160,126,229,7,112,236,155,340,237,238,95,119,154,128,223,159,273,8,122,158,127,116,193,140,91,118,4,168,169,6,142,132,120,123,135,138,104,136,137,97,133,358,124,106,139,111,108,141,113,131,117,92,313,318,105,341,61,411,319,274,342,54,99,408,315,314,344,148,60,62,320,96,356,268,316,267,18,153,351,134,114,121,413,412,57,115,231,125,130,56,110,5,191,72,67,271,65,277,87,355,89,76,68,370,377,71,17,374,74,275,346,371,276,55,367,152,73,357,109,75,335,59,196,194,343,63,195,220,215,33,70,347,166,64,173,170,143,34,401,354,144,149,151,222,353,407,150,406,163,405,227,192,221,190,226,228,233,225,82,235,234,352,366,83,85,84,232,176,303,53,350,86,177,189,365,364,345,219,362,167,363,302,14,81,175,11,32,10,13,31,180,174,80,181,349,348,12,217,216,188,218,361,183,179,481,301,79,182,427,16,430,487,429,428,15,0,455,445,450,19,1,448,260,453,464,446,484,485,442,439,432,479,456,431,451,438,447,449,467,470,28,452,436,458,465,462,473,422,461,20,476,488,433,257,468,474,437,459,477,256,471,454,517,457,509,259,444,423,258,486,482,480,483,506,187,508,359,21,185,24,186,184,22,23,25,360,26,528,498,425,29,27,30,489,324,322,388,325,323,510,526,527,391,499,490,525,503,390,515,321,389,504,505,507,426,500,434,435,497,523,529,516,533,524,424,501,101,511,514,513,512,102,103,519,502,518,327,330,329,521,494,522,326,520,328,331,2,534,536,492,532,535,491,493,531,496,495,530,
402,369,403,404,309,69,241,311,250,254,305,308,310,306,253,304,255,247,252,246,251,410,243,242,249,248,240,245,466,478,244,463,475,90,368,295,419,469,472,307,312,460,417,293,297,298,376,286,421,409,375,281,287,239,300,292,290,299,443,420,338,198,373,214,211,418,415,339,203,209,269,416,157,202,210,398,204,205,201,200,208,207,291,289,288,206,98,212,213,50,387,334,88,385,372,384,383,280,414,178,262,263,393,395,52,49,337,93,272,441,48,146,171,164,332,47,392,165,381,294,44,41,285,45,382,386,51,397,284,396,378,380,379,147,278,46,283,282,270,394,296,36,145,38,224,35,37,39,40,66,279,43,162,42,399,400,156,94,230,9,3,333,77,78,100,440,172,265,199,197,107,161,317,264,261,266,336,58,160,129,126,229,7,236,155,112,340,95,237,238,128,154,119,223,159,158,273,8,122,127,140,193,116,91,118,4,168,169,6,142,138,104,120,123,132,135,136,97,137,133,358,106,124,139,111,108,113,131,141,117,313,92,411,105,318,61,341,319,274,54,99,342,315,408,314,344,62,148,60,320,316,267,96,268,356,153,18,351,121,412,413,134,114,57,231,115,130,125,110,5,56,191,67,271,65,72,87,355,277,89,76,68,17,370,71,374,377,346,275,74,276,371,55,367,152,73,357,109,75,335,59,196,194,343,63,195,220,33,215,70,347,166,173,64,170,34,401,143,354,144,149,151,222,353,407,150,406,405,227,163,221,233,228,190,226,192,225,82,235,234,352,85,366,83,84,176,53,303,232,350,86,365,189,177,345,364,219,302,167,363,362,81,14,175,11,13,32,10,174,31,80,180,349,181,348,12,216,217,218,188,361,183,179,481,79,301,182,427,16,430,487,429,428,0,15,455,445,450,19,448,1,453,260,464,446,484,442,485,432,439,479,456,431,451,438,449,447,467,470,28,452,436,462,465,458,473,461,422,20,476,433,488,257,468,459,477,437,471,474,256,454,517,457,509,423,444,259,258,480,482,486,483,506,187,508,359,21,185,24,184,22,186,23,25,360,26,498,528,30,27,29,425,324,322,489,323,325,388,510,526,527,390,490,499,503,525,391,515,321,505,504,389,426,507,500,434,435,523,497,516,533,524,529,424,101,501,511,514,512,102,513,103,519,502,518,330,329,327,520,326,494,522,521,331,328,2,531,535,534,532,536,495,492,496,530,493,491,
402,369,403,404,309,69,241,311,250,254,305,310,308,306,253,304,255,247,252,246,251,410,243,242,248,249,240,245,466,478,244,463,90,475,368,295,419,469,472,307,312,460,417,293,298,297,376,286,421,375,409,281,287,239,300,292,290,299,443,420,338,198,373,214,211,415,418,339,203,209,416,269,157,210,202,204,398,205,201,200,208,207,291,289,288,98,206,212,213,50,387,334,88,385,372,384,280,383,414,178,263,262,393,395,52,49,337,93,441,272,48,146,171,164,332,47,381,165,392,294,44,382,285,386,45,41,284,397,51,380,378,396,379,147,278,46,283,282,394,270,296,145,36,38,224,37,35,39,40,279,66,43,162,42,399,156,400,94,9,230,3,333,77,100,78,440,172,265,199,197,161,107,317,264,261,266,336,129,58,160,126,229,7,236,155,112,340,238,95,237,119,154,128,223,159,122,8,273,158,127,140,193,116,91,118,168,4,6,169,142,138,123,135,104,120,132,97,137,133,358,136,124,106,108,139,111,131,141,113,92,313,117,318,105,341,61,411,319,274,99,54,342,408,315,344,314,62,60,148,320,356,267,96,316,268,153,351,18,114,412,413,121,57,134,115,130,231,125,5,110,56,72,271,65,191,67,277,355,87,89,68,76,377,370,17,374,71,346,275,74,276,371,55,367,73,152,357,109,75,335,59,196,343,194,195,63,220,215,70,33,166,347,173,64,170,143,401,34,354,144,149,151,222,353,150,406,407,405,163,227,228,221,192,233,190,226,225,82,234,235,352,366,85,84,83,303,53,232,176,86,350,177,365,189,345,364,167,363,219,362,302,14,175,81,11,32,13,10,180,174,31,80,181,349,348,12,188,216,217,218,361,183,179,481,301,79,182,427,16,430,487,428,429,0,15,455,445,450,19,448,1,260,453,446,464,484,442,485,432,439,456,479,431,438,451,447,449,467,470,28,436,452,465,462,458,473,461,422,20,488,476,433,257,477,471,459,468,437,256,474,454,517,457,509,444,423,259,258,482,480,486,483,506,187,508,359,21,185,184,22,186,23,24,25,360,26,498,528,425,27,30,29,322,324,489,323,388,325,526,510,527,490,503,391,390,525,499,515,321,505,504,389,507,426,434,500,435,497,523,424,524,516,529,533,101,501,513,102,512,103,514,511,519,502,518,330,329,327,494,522,326,520,521,2,331,328,534,493,496,491,531,495,532,535,536,492,530,
402,369,403,404,309,69,241,311,250,254,305,308,310,306,253,304,255,247,252,246,251,410,243,242,249,248,240,245,466,478,244,463,475,90,368,295,419,469,472,307,312,460,417,293,297,298,376,286,421,375,409,281,287,239,300,292,290,299,443,420,338,198,373,214,211,418,415,339,203,209,269,416,157,202,210,204,398,205,201,200,208,207,291,289,288,206,98,212,213,387,50,334,88,385,372,384,280,383,414,178,263,262,393,395,52,49,337,93,441,272,146,48,171,164,332,47,165,381,392,294,45,285,386,41,382,44,51,397,284,379,396,380,378,147,278,46,283,282,394,270,296,36,145,38,224,37,35,39,279,40,66,43,162,42,399,156,400,94,230,9,3,333,77,100,78,440,172,265,199,197,161,107,317,264,261,266,336,160,58,129,126,229,7,236,155,112,340,238,95,237,128,119,154,223,159,122,158,273,8,127,193,140,116,91,118,168,4,169,6,142,132,138,104,135,123,120,97,358,133,137,136,106,124,139,108,111,131,113,141,117,313,92,105,318,61,411,341,319,274,342,99,54,315,408,314,344,60,148,62,320,356,267,96,316,268,153,18,351,114,412,134,57,121,413,115,231,125,130,56,5,110,191,271,65,67,72,87,277,355,89,68,76,377,370,71,374,17,275,346,74,276,371,55,367,152,73,357,109,75,335,59,196,194,343,195,63,220,215,33,70,347,166,64,173,170,34,401,143,354,144,151,149,222,353,150,407,406,227,163,405,233,192,221,228,226,190,82,225,235,234,352,85,83,366,84,232,176,53,303,350,86,177,365,189,345,364,362,302,167,363,219,81,14,175,11,32,10,13,80,174,31,180,349,181,12,348,218,216,217,188,361,183,481,179,79,301,182,427,16,430,487,429,428,0,15,455,445,450,19,1,448,260,453,484,446,464,485,442,432,439,479,456,451,431,438,447,449,467,470,28,436,452,458,465,462,473,461,422,20,488,476,433,257,474,468,471,256,459,477,437,454,517,457,509,444,259,423,258,480,486,482,483,506,187,508,359,21,185,23,22,184,186,24,25,360,26,498,528,27,29,425,30,489,324,322,388,325,323,526,510,527,390,503,391,525,499,490,515,321,389,504,505,507,426,434,500,435,497,523,524,516,533,529,424,501,101,514,511,103,512,513,102,519,502,329,518,330,327,522,494,520,326,521,331,2,328,496,536,493,495,535,534,492,532,531,491,530,
402,369,403,404,309,69,241,311,250,254,305,310,308,306,253,304,255,247,252,246,251,410,243,242,249,248,240,245,466,478,244,463,368,475,90,295,419,469,472,307,312,460,417,293,297,298,376,286,421,409,375,281,287,239,300,292,290,299,443,420,338,198,373,214,211,415,418,339,209,203,269,416,157,202,210,204,398,205,201,200,208,207,291,289,288,98,206,212,213,387,50,334,88,385,372,384,280,383,414,178,262,263,393,395,52,49,337,93,441,272,146,48,171,164,332,47,165,381,392,294,44,45,285,41,386,382,397,51,284,380,378,396,379,147,278,46,283,282,394,270,296,36,145,38,224,35,37,39,279,40,66,43,162,42,399,400,156,94,230,9,3,333,77,100,78,440,172,265,199,197,161,107,317,264,261,266,336,129,58,160,126,229,7,236,112,155,340,238,95,237,128,119,154,223,159,158,8,122,273,127,193,140,116,91,118,168,4,6,169,142,120,138,123,132,135,104,358,133,136,97,137,124,106,108,111,139,113,131,141,117,92,313,411,318,341,105,61,319,342,54,99,274,315,408,344,314,148,62,60,320,316,267,96,268,356,153,18,351,413,121,412,57,134,114,115,130,125,231,56,110,5,72,67,65,191,271,87,355,277,89,76,68,71,377,370,374,17,74,346,275,276,371,367,55,152,73,357,109,335,75,59,196,194,343,63,195,220,70,33,215,347,166,173,64,170,143,401,34,354,144,149,151,353,222,407,150,406,405,163,227,233,221,226,192,228,190,225,82,235,234,352,83,84,85,366,232,53,303,176,350,86,189,365,177,345,364,167,363,302,362,219,175,81,14,11,13,10,32,174,80,31,180,349,181,12,348,217,188,218,216,361,183,481,179,301,79,182,427,16,430,487,429,428,15,0,455,445,19,450,1,448,260,453,464,484,446,442,485,432,439,456,479,431,451,438,449,447,467,470,28,452,436,465,458,462,473,422,461,20,476,488,433,257,459,256,468,477,474,437,471,454,517,457,509,423,444,259,258,486,482,480,483,506,187,508,359,21,185,184,24,186,23,22,25,360,26,528,498,29,30,27,425,489,322,324,325,388,323,526,510,527,525,390,503,391,499,490,515,321,389,505,504,426,507,434,500,435,497,523,424,516,533,524,529,101,501,103,513,102,512,514,511,519,502,330,329,518,327,521,520,494,522,326,2,328,331,531,495,493,530,492,536,532,491,534,496,535,
402,369,403,404,309,69,241,311,250,254,305,308,310,306,253,304,255,247,252,246,251,410,243,242,249,248,240,245,466,478,244,463,475,368,90,295,419,469,472,307,312,460,417,293,297,298,376,286,421,409,375,281,287,239,300,292,290,299,443,420,338,198,373,214,211,415,418,339,209,203,416,269,157,210,202,398,204,205,201,200,208,207,291,289,288,206,98,212,213,50,387,334,88,385,372,384,383,280,414,178,262,263,393,395,52,49,337,93,441,272,48,146,171,164,332,47,165,381,392,294,41,44,386,382,285,45,284,51,397,380,379,396,378,147,46,278,283,282,270,394,296,36,145,38,224,35,37,39,279,66,40,43,162,42,399,156,400,94,9,230,3,333,77,78,100,440,172,265,199,197,161,107,317,261,264,266,336,58,129,160,126,229,7,155,236,112,340,95,238,237,128,154,119,223,159,273,158,122,8,127,193,140,116,91,118,168,4,169,6,142,132,138,123,135,104,120,137,136,133,97,358,124,106,108,139,111,131,141,113,92,313,117,411,341,318,105,61,319,54,274,342,99,315,408,314,344,148,60,62,320,96,316,356,268,267,351,18,153,121,57,412,413,134,114,231,115,125,130,110,56,5,65,191,72,67,271,277,355,87,89,76,68,377,17,374,71,370,275,74,346,371,276,367,55,152,73,357,109,335,75,59,196,194,343,195,63,220,215,70,33,166,347,64,173,170,34,143,401,354,144,151,149,222,353,406,150,407,163,405,227,228,233,190,192,226,221,225,82,235,234,352,85,83,366,84,53,232,303,176,86,350,177,189,365,364,345,363,362,167,302,219,14,175,81,11,13,10,32,174,31,180,80,349,181,12,348,218,216,217,188,361,183,179,481,79,301,182,427,16,430,487,428,429,0,15,455,445,19,450,448,1,260,453,484,464,446,485,442,432,439,479,456,431,438,451,447,449,467,470,28,436,452,458,462,465,473,461,422,20,433,488,476,257,468,256,459,474,477,471,437,454,517,457,509,423,444,259,258,482,486,480,483,506,187,508,359,21,185,23,24,186,22,184,25,360,26,498,528,30,29,425,27,322,324,489,388,323,325,510,526,527,525,499,490,390,503,391,515,321,505,389,504,426,507,434,500,435,497,523,533,524,529,424,516,501,101,512,103,513,514,511,102,519,502,330,329,327,518,494,520,522,326,521,331,2,328,535,493,534,536,532,495,530,491,492,531,496,
402,369,403,404,309,69,241,311,250,254,305,308,310,306,253,304,255,247,252,246,251,410,243,242,249,248,240,245,466,478,244,463,90,368,475,295,419,469,472,307,312,460,417,293,298,297,376,286,421,409,375,281,287,239,300,292,290,299,443,420,338,198,373,214,211,418,415,339,209,203,416,269,157,202,210,398,204,205,201,200,208,207,291,289,288,98,206,212,213,387,50,334,88,385,372,384,383,280,414,178,263,262,393,395,52,49,337,93,441,272,48,146,171,164,332,47,165,381,392,294,382,44,41,285,45,386,397,51,284,396,378,380,379,147,46,278,283,282,394,270,296,36,145,38,224,37,35,39,40,279,66,43,162,42,399,156,400,94,230,9,3,333,77,100,78,440,172,265,199,197,107,161,317,261,264,266,336,160,129,58,126,229,7,236,155,112,340,95,238,237,119,128,154,223,159,273,122,8,158,127,116,140,193,91,118,4,168,6,169,142,123,132,104,135,138,120,133,358,136,97,137,106,124,111,108,139,141,113,131,92,117,313,411,318,61,341,105,319,99,274,342,54,408,315,344,314,62,60,148,320,356,267,96,268,316,351,153,18,412,413,114,134,57,121,231,115,130,125,110,56,5,271,191,72,67,65,277,87,355,89,76,68,377,370,374,17,71,346,275,74,276,371,55,367,152,73,357,109,335,75,59,196,194,343,63,195,220,70,33,215,347,166,173,64,170,34,143,401,354,144,151,149,353,222,407,150,406,163,227,405,221,192,190,233,226,228,82,225,235,234,352,366,85,83,84,303,176,53,232,350,86,365,189,177,345,364,219,167,363,302,362,14,81,175,11,10,13,32,174,31,180,80,349,181,348,12,188,217,218,216,361,183,481,179,301,79,182,427,16,430,487,428,429,15,0,455,445,19,450,448,1,453,260,484,446,464,442,485,439,432,479,456,438,431,451,449,447,467,470,28,436,452,458,462,465,473,461,422,20,433,476,488,257,471,256,468,477,459,474,437,454,517,457,509,444,423,259,258,482,480,486,483,506,187,508,359,21,185,24,22,186,184,23,25,360,26,528,498,30,29,27,425,489,322,324,325,388,323,510,526,527,490,390,499,391,503,525,515,321,389,505,504,426,507,434,500,435,497,523,516,424,533,529,524,501,101,512,511,513,103,102,514,519,502,330,327,518,329,494,326,521,520,522,2,331,328,496,534,535,531,492,536,493,495,530,491,532,
402,369,403,404,309,69,241,311,250,254,305,308,310,306,253,304,255,247,252,246,251,410,243,242,248,249,240,245,466,478,244,463,368,90,475,295,419,469,472,307,312,460,417,293,298,297,376,286,421,375,409,281,287,239,300,292,290,299,443,420,338,198,373,214,211,418,415,339,209,203,416,269,157,210,202,204,398,205,201,200,207,208,291,289,288,98,206,212,213,50,387,334,88,385,372,384,280,383,414,178,263,262,393,395,52,49,337,93,272,441,48,146,171,164,332,47,392,381,165,294,285,44,382,45,386,41,284,51,397,379,380,396,378,147,278,46,283,282,394,270,296,145,36,38,224,37,35,39,279,40,66,43,162,42,399,400,156,94,230,9,3,333,77,78,100,440,172,265,199,197,107,161,317,264,261,266,336,160,58,129,126,229,7,236,112,155,340,95,237,238,119,154,128,223,159,158,8,273,122,127,193,116,140,91,118,168,4,6,169,142,135,120,104,123,132,138,136,97,358,133,137,124,106,111,108,139,131,141,113,313,92,117,318,341,411,105,61,319,99,54,274,342,315,408,314,344,148,62,60,320,267,316,356,96,268,351,18,153,412,134,57,121,413,114,125,130,231,115,56,110,5,67,191,65,271,72,87,355,277,89,76,68,370,71,17,377,374,74,275,346,371,276,55,367,73,152,357,109,335,75,59,196,343,194,195,63,220,215,70,33,347,166,64,173,170,401,34,143,354,144,151,149,222,353,407,406,150,405,163,227,221,190,228,233,192,226,82,225,234,235,352,84,85,83,366,53,176,303,232,86,350,177,189,365,364,345,362,219,302,167,363,175,81,14,11,13,32,10,180,31,174,80,181,349,12,348,216,217,188,218,361,183,179,481,79,301,182,427,16,430,487,428,429,15,0,455,445,19,450,1,448,260,453,464,484,446,485,442,432,439,456,479,431,438,451,449,447,470,467,28,452,436,465,462,458,473,461,422,20,476,488,433,257,256,437,468,474,477,471,459,454,517,457,509,444,259,423,258,486,482,480,483,506,187,508,359,21,185,24,186,22,23,184,25,360,26,528,498,425,27,30,29,324,322,489,388,325,323,510,526,527,490,525,499,503,390,391,515,321,504,389,505,507,426,500,434,435,523,497,424,516,529,533,524,101,501,513,511,512,103,102,514,519,502,329,327,518,330,494,326,522,521,520,328,331,2,491,531,493,530,536,496,535,492,495,532,534,
402,369,403,404,309,69,241,311,250,254,305,308,310,306,253,304,255,247,252,246,251,410,243,242,248,249,240,245,466,478,244,463,90,368,475,295,419,469,472,307,312,460,417,293,297,298,376,286,421,409,375,281,287,239,300,292,290,299,443,420,338,198,373,214,211,418,415,339,209,203,416,269,157,210,202,204,398,205,201,200,207,208,291,289,288,206,98,212,213,50,387,334,88,385,372,384,383,280,414,178,263,262,393,395,52,49,337,93,441,272,48,146,171,164,332,47,165,381,392,294,285,386,382,44,45,41,397,51,284,396,378,379,380,147,278,46,283,282,270,394,296,145,36,38,224,37,35,39,40,66,279,43,162,42,399,156,400,94,9,230,3,333,77,78,100,440,172,265,199,197,107,161,317,261,264,266,336,160,129,58,126,229,7,155,236,112,340,238,95,237,128,119,154,223,159,273,158,122,8,127,193,116,140,91,118,4,168,6,169,142,132,104,135,123,138,120,358,136,133,97,137,124,106,111,139,108,113,131,141,117,313,92,341,105,318,411,61,319,274,342,54,99,315,408,314,344,148,60,62,320,267,268,316,356,96,153,351,18,114,121,134,413,412,57,125,231,115,130,110,5,56,67,72,191,271,65,355,87,277,89,76,68,370,17,71,374,377,74,346,275,371,276,367,55,152,73,357,109,75,335,59,196,343,194,195,63,220,215,33,70,166,347,64,173,170,143,34,401,354,144,149,151,353,222,407,150,406,227,405,163,190,221,233,192,228,226,225,82,234,235,352,85,84,83,366,176,303,232,53,86,350,189,365,177,364,345,362,363,219,167,302,81,14,175,11,32,10,13,80,180,174,31,349,181,348,12,217,188,216,218,361,183,179,481,301,79,182,427,16,430,487,428,429,0,15,455,445,19,450,1,448,453,260,464,446,484,485,442,432,439,456,479,451,438,431,449,447,467,470,28,452,436,462,465,458,473,422,461,20,433,488,476,257,477,474,256,437,471,468,459,454,517,457,509,259,444,423,258,482,486,480,483,506,187,508,359,21,185,186,23,24,184,22,25,360,26,498,528,425,30,27,29,322,324,489,325,388,323,510,526,527,391,499,503,525,390,490,515,321,504,505,389,507,426,434,500,435,523,497,529,524,424,516,533,501,101,512,102,513,103,511,514,519,502,330,329,327,518,326,520,521,494,522,328,331,2,491,535,531,534,536,493,496,530,532,495,492,
402,369,403,404,309,69,241,311,250,254,305,310,308,306,253,304,255,247,252,246,251,410,243,242,248,249,240,245,466,478,244,463,368,90,475,295,419,469,472,307,312,460,417,293,297,298,376,286,421,375,409,281,287,239,300,292,290,299,443,420,338,198,373,214,211,415,418,339,203,209,416,269,157,202,210,204,398,205,201,200,207,208,291,289,288,206,98,212,213,50,387,334,88,385,372,384,280,383,414,178,263,262,393,395,52,49,337,93,441,272,146,48,171,164,332,47,392,381,165,294,41,44,45,386,285,382,51,397,284,380,378,379,396,147,46,278,283,282,270,394,296,36,145,38,224,37,35,39,40,279,66,43,162,42,399,400,156,94,230,9,3,333,77,78,100,440,172,265,199,197,107,161,317,264,261,266,336,58,160,129,126,229,7,112,236,155,340,95,237,238,128,119,154,223,159,122,158,273,8,127,193,140,116,91,118,168,4,169,6,142,135,120,104,123,138,132,133,358,137,97,136,124,106,111,108,139,141,131,113,92,313,117,105,61,341,318,411,319,274,54,99,342,315,408,344,314,62,148,60,320,96,267,316,268,356,18,153,351,114,121,412,134,413,57,115,231,125,130,5,56,110,72,191,67,65,271,87,355,277,89,68,76,71,17,370,374,377,74,275,346,371,276,55,367,152,73,357,109,335,75,59,196,343,194,63,195,220,215,33,70,347,166,64,173,170,401,34,143,354,144,149,151,353,222,150,407,406,163,227,405,192,228,221,233,190,226,225,82,234,235,352,85,84,83,366,232,303,176,53,350,86,365,189,177,345,364,219,362,363,302,167,14,81,175,11,10,13,32,31,80,174,180,181,349,12,348,216,188,217,218,361,183,179,481,301,79,182,427,16,430,487,429,428,15,0,455,445,19,450,448,1,453,260,446,484,464,442,485,432,439,456,479,451,438,431,449,447,470,467,28,452,436,458,465,462,473,461,422,20,476,433,488,257,474,477,437,256,468,459,471,454,517,457,509,423,444,259,258,482,480,486,483,506,187,508,359,21,185,184,22,186,23,24,25,360,26,498,528,27,30,29,425,489,324,322,388,323,325,510,526,527,503,499,525,391,390,490,515,321,504,505,389,426,507,434,500,435,523,497,529,516,524,533,424,501,101,513,103,512,511,514,102,519,502,327,329,518,330,521,326,494,520,522,2,331,328,532,530,535,495,492,496,536,531,491,493,534,
402,369,403,404,309,69,241,311,250,254,305,310,308,306,253,304,255,247,252,246,251,410,243,242,249,248,240,245,466,478,244,463,368,90,475,295,419,469,472,307,312,460,417,293,298,297,376,286,421,375,409,281,287,239,300,292,290,299,443,420,338,198,373,214,211,415,418,339,203,209,269,416,157,210,202,398,204,205,201,200,207,208,291,289,288,206,98,212,213,387,50,334,88,385,372,384,383,280,414,178,262,263,393,395,52,49,337,93,272,441,146,48,171,164,332,47,381,165,392,294,382,45,285,41,386,44,51,397,284,379,378,380,396,147,46,278,283,282,394,270,296,145,36,38,224,37,35,39,40,279,66,43,162,42,399,400,156,94,9,230,3,333,77,100,78,440,172,265,199,197,107,161,317,261,264,266,336,129,58,160,126,229,7,155,236,112,340,238,95,237,119,128,154,223,159,8,273,158,122,127,140,116,193,91,118,4,168,6,169,142,138,132,123,135,104,120,136,97,358,133,137,106,124,108,111,139,131,113,141,117,313,92,341,61,105,318,411,319,342,54,99,274,315,408,314,344,62,60,148,320,268,96,356,316,267,18,153,351,413,57,134,121,114,412,231,115,130,125,5,56,110,271,65,67,72,191,277,87,355,89,76,68,17,374,71,370,377,74,346,275,276,371,55,367,73,152,357,109,335,75,59,196,194,343,195,63,220,70,33,215,166,347,173,64,170,401,143,34,354,144,149,151,222,353,407,150,406,163,405,227,221,190,192,228,226,233,82,225,235,234,352,84,85,83,366,176,232,53,303,86,350,189,365,177,345,364,363,167,362,302,219,14,175,81,11,10,13,32,180,31,80,174,349,181,12,348,217,218,188,216,361,183,481,179,79,301,182,427,16,430,487,428,429,15,0,455,445,450,19,448,1,260,453,484,464,446,485,442,439,432,479,456,431,451,438,447,449,467,470,28,436,452,458,465,462,473,422,461,20,476,488,433,257,437,477,459,468,256,474,471,454,517,457,509,423,444,259,258,482,486,480,483,506,187,508,359,21,185,22,24,184,186,23,25,360,26,498,528,30,27,425,29,489,324,322,388,325,323,510,526,527,390,391,499,503,525,490,515,321,504,389,505,426,507,434,500,435,523,497,424,524,516,533,529,101,501,513,512,103,511,102,514,519,502,330,327,329,518,494,520,326,521,522,2,331,328,496,493,531,534,492,491,536,532,530,495,535,
402,369,403,404,309,69,241,311,250,254,305,308,310,306,253,304,255,247,252,246,251,410,243,242,249,248,240,245,466,478,244,463,368,90,475,295,419,469,472,307,312,460,417,293,297,298,376,286,421,409,375,281,287,239,300,292,290,299,443,420,338,198,373,214,211,418,415,339,203,209,269,416,157,210,202,204,398,205,201,200,208,207,291,289,288,98,206,212,213,50,387,334,88,385,372,384,280,383,414,178,263,262,393,395,52,49,337,93,272,441,48,146,171,164,332,47,392,165,381,294,41,44,386,382,45,285,51,397,284,380,379,378,396,147,46,278,283,282,394,270,296,145,36,38,224,37,35,39,279,66,40,43,162,42,399,156,400,94,230,9,3,333,77,78,100,440,172,265,199,197,107,161,317,261,264,266,336,160,58,129,126,229,7,112,155,236,340,238,237,95,154,119,128,223,159,8,122,273,158,127,193,116,140,91,118,4,168,169,6,142,104,135,132,138,123,120,137,136,133,358,97,124,106,111,139,108,113,141,131,92,117,313,341,61,105,411,318,319,274,54,99,342,315,408,344,314,148,60,62,320,268,316,96,356,267,351,153,18,57,413,121,114,134,412,130,115,231,125,5,110,56,65,271,67,191,72,355,87,277,89,76,68,71,17,377,370,374,346,74,275,371,276,55,367,152,73,357,109,335,75,59,196,194,343,63,195,220,33,70,215,166,347,173,64,170,401,34,143,354,144,151,149,222,353,407,406,150,405,227,163,192,226,233,190,228,221,82,225,234,235,352,85,83,366,84,176,232,53,303,86,350,365,177,189,364,345,362,167,219,363,302,175,81,14,11,13,32,10,31,174,180,80,181,349,12,348,218,217,188,216,361,183,481,179,301,79,182,427,16,430,487,428,429,0,15,455,445,19,450,1,448,453,260,446,464,484,485,442,439,432,479,456,431,438,451,449,447,470,467,28,452,436,458,462,465,473,461,422,20,476,488,433,257,256,477,459,471,437,468,474,454,517,457,509,444,259,423,258,480,486,482,483,506,187,508,359,21,185,24,23,184,186,22,25,360,26,528,498,425,30,27,29,322,489,324,323,388,325,510,526,527,390,525,499,490,503,391,515,321,505,504,389,426,507,500,434,435,497,523,516,424,524,529,533,501,101,514,512,102,513,511,103,519,502,330,327,329,518,522,326,521,494,520,331,2,328,530,534,536,532,531,492,496,495,491,535,493,
402,369,403,404,309,69,241,311,250,254,305,308,310,306,253,304,255,247,252,246,251,410,243,242,249,248,240,245,466,478,244,463,90,475,368,295,419,469,472,307,312,460,417,293,298,297,376,286,421,409,375,281,287,239,300,292,290,299,443,420,338,198,373,214,211,418,415,339,203,209,269,416,157,210,202,398,204,205,201,200,207,208,291,289,288,206,98,212,213,387,50,334,88,385,372,384,280,383,414,178,262,263,393,395,52,49,337,93,272,441,48,146,171,164,332,47,165,381,392,294,386,44,45,382,285,41,397,51,284,380,396,379,378,147,46,278,283,282,394,270,296,145,36,38,224,37,35,39,279,66,40,43,162,42,399,156,400,94,9,230,3,333,77,100,78,440,172,265,199,197,161,107,317,264,261,266,336,160,129,58,126,229,7,112,236,155,340,95,237,238,154,128,119,223,159,273,122,8,158,127,193,140,116,91,118,168,4,6,169,142,132,138,123,120,104,135,137,133,358,97,136,124,106,139,108,111,131,113,141,117,313,92,318,105,341,411,61,319,274,99,342,54,408,315,344,314,60,62,148,320,356,316,96,267,268,153,18,351,412,114,413,134,57,121,115,231,125,130,110,56,5,271,65,72,67,191,277,87,355,89,76,68,71,374,17,377,370,74,275,346,276,371,367,55,73,152,357,109,335,75,59,196,343,194,195,63,220,215,70,33,347,166,173,64,170,143,401,34,354,144,151,149,222,353,150,407,406,163,227,405,226,221,228,190,233,192,225,82,234,235,352,366,84,85,83,53,232,303,176,350,86,365,177,189,364,345,219,362,363,302,167,14,81,175,11,13,10,32,80,180,31,174,181,349,348,12,217,188,216,218,361,183,179,481,301,79,182,427,16,430,487,428,429,0,15,455,445,450,19,448,1,453,260,464,484,446,442,485,432,439,456,479,451,431,438,449,447,470,467,28,452,436,458,465,462,473,461,422,20,488,476,433,257,459,477,468,471,437,256,474,454,517,457,509,444,259,423,258,486,480,482,483,506,187,508,359,21,185,24,23,186,22,184,25,360,26,498,528,30,425,29,27,324,322,489,323,325,388,510,526,527,499,503,525,390,490,391,515,321,389,505,504,507,426,434,500,435,497,523,529,524,533,424,516,101,501,103,514,513,511,102,512,519,502,329,327,518,330,520,521,326,522,494,331,2,328,495,492,531,496,493,530,532,535,491,536,534,
402,369,403,404,309,69,241,311,250,254,305,308,310,306,253,304,255,247,252,246,251,410,243,242,248,249,240,245,466,478,244,463,368,475,90,295,419,469,472,307,312,460,417,293,297,298,376,286,421,375,409,281,287,239,300,292,290,299,443,420,338,198,373,214,211,415,418,339,209,203,269,416,157,210,202,398,204,205,201,200,208,207,291,289,288,98,206,212,213,50,387,334,88,385,372,384,383,280,414,178,263,262,393,395,52,49,337,93,441,272,48,146,171,164,332,47,165,381,392,294,386,44,285,382,45,41,284,51,397,396,380,379,378,147,46,278,283,282,394,270,296,36,145,38,224,35,37,39,40,279,66,43,162,42,399,400,156,94,9,230,3,333,77,100,78,440,172,265,199,197,107,161,317,264,261,266,336,129,160,58,126,229,7,112,155,236,340,238,95,237,128,119,154,223,159,273,158,122,8,127,140,193,116,91,118,168,4,169,6,142,132,120,135,123,104,138,136,133,358,137,97,124,106,108,111,139,131,141,113,117,313,92,61,341,411,105,318,319,342,99,274,54,408,315,314,344,60,148,62,320,267,96,316,268,356,18,153,351,413,412,121,114,57,134,231,130,115,125,5,56,110,191,72,271,67,65,355,277,87,89,68,76,377,71,374,17,370,346,74,275,276,371,367,55,73,152,357,109,335,75,59,196,194,343,195,63,220,70,33,215,347,166,64,173,170,401,143,34,354,144,149,151,353,222,407,406,150,227,405,163,190,221,192,226,233,228,225,82,235,234,352,83,366,84,85,176,303,232,53,350,86,365,189,177,364,345,362,219,302,363,167,175,81,14,11,13,10,32,80,31,180,174,349,181,12,348,217,218,216,188,361,183,481,179,301,79,182,427,16,430,487,429,428,0,15,455,445,19,450,448,1,453,260,446,484,464,442,485,432,439,479,456,431,451,438,449,447,470,467,28,452,436,458,462,465,473,461,422,20,476,433,488,257,474,459,437,468,256,477,471,454,517,457,509,444,259,423,258,480,482,486,483,506,187,508,359,21,185,184,23,22,24,186,25,360,26,498,528,29,425,30,27,322,489,324,388,323,325,526,510,527,490,390,503,499,391,525,515,321,504,505,389,426,507,500,434,435,497,523,524,533,529,516,424,101,501,514,512,102,511,513,103,519,502,327,330,518,329,520,494,521,522,326,2,328,331,536,495,496,534,535,491,493,492,531,532,530,
402,369,403,404,309,69,241,311,250,254,305,310,308,306,253,304,255,247,252,246,251,410,243,242,248,249,240,245,466,478,244,463,90,475,368,295,419,469,472,307,312,460,417,293,297,298,376,286,421,409,375,281,287,239,300,292,290,299,443,420,338,198,373,214,211,418,415,339,203,209,416,269,157,210,202,398,204,205,201,200,208,207,291,289,288,206,98,212,213,50,387,334,88,385,372,384,383,280,414,178,263,262,393,395,52,49,337,93,441,272,146,48,171,164,332,47,165,381,392,294,44,41,386,382,45,285,51,397,284,378,380,379,396,147,46,278,283,282,270,394,296,36,145,38,224,35,37,39,40,279,66,43,162,42,399,400,156,94,230,9,3,333,77,78,100,440,172,265,199,197,107,161,317,264,261,266,336,58,160,129,126,229,7,236,112,155,340,237,95,238,119,128,154,223,159,122,8,158,273,127,116,140,193,91,118,168,4,6,169,142,123,104,138,120,132,135,133,358,97,136,137,124,106,108,139,111,131,113,141,313,117,92,341,61,318,105,411,319,99,274,54,342,408,315,314,344,148,60,62,320,267,356,316,96,268,351,18,153,121,134,57,412,114,413,115,231,130,125,110,5,56,65,67,191,271,72,355,87,277,89,76,68,71,370,374,377,17,275,346,74,276,371,55,367,73,152,357,109,335,75,59,196,194,343,195,63,220,33,215,70,347,166,64,173,170,34,401,143,354,144,151,149,353,222,406,407,150,405,227,163,226,228,192,190,221,233,82,225,235,234,352,83,366,84,85,303,53,176,232,350,86,189,177,365,364,345,363,167,362,302,219,81,14,175,11,10,32,13,174,31,80,180,349,181,12,348,216,218,188,217,361,183,481,179,301,79,182,427,16,430,487,428,429,15,0,455,445,19,450,1,448,453,260,464,484,446,442,485,432,439,456,479,451,431,438,449,447,467,470,28,436,452,458,462,465,473,422,461,20,433,476,488,257,468,471,437,474,477,459,256,454,517,457,509,259,423,444,258,486,482,480,483,506,187,508,359,21,185,184,22,186,24,23,25,360,26,528,498,30,27,425,29,489,324,322,323,388,325,526,510,527,490,499,525,391,503,390,515,321,504,389,505,426,507,500,434,435,497,523,524,533,424,516,529,501,101,511,514,102,103,513,512,519,502,329,327,518,330,522,494,326,520,521,331,2,328,536,534,495,530,493,496,532,491,492,535,531,
402,369,403,404,309,69,241,311,250,254,305,310,308,306,253,304,255,247,252,246,251,410,243,242,248,249,240,245,466,478,244,463,368,475,90,295,419,469,472,307,312,460,417,293,298,297,376,286,421,375,409,281,287,239,300,292,290,299,443,420,338,198,373,214,211,418,415,339,209,203,416,269,157,210,202,204,398,205,201,200,208,207,291,289,288,206,98,212,213,387,50,334,88,385,372,384,383,280,414,178,263,262,393,395,52,49,337,93,272,441,146,48,171,164,332,47,165,392,381,294,285,44,41,386,45,382,284,397,51,380,378,379,396,147,46,278,283,282,394,270,296,36,145,38,224,35,37,39,279,40,66,43,162,42,399,400,156,94,230,9,3,333,77,100,78,440,172,265,199,197,161,107,317,264,261,266,336,160,58,129,126,229,7,236,155,112,340,237,95,238,154,128,119,223,159,122,8,273,158,127,140,116,193,91,118,4,168,169,6,142,132,135,123,138,104,120,137,133,136,97,358,106,124,139,108,111,113,141,131,117,313,92,318,61,411,341,105,319,99,342,54,274,315,408,314,344,148,62,60,320,268,267,356,316,96,18,351,153,413,412,134,121,57,114,130,125,231,115,110,56,5,72,271,191,67,65,355,87,277,89,76,68,71,17,370,374,377,74,346,275,371,276,367,55,152,73,357,109,75,335,59,196,194,343,63,195,220,33,215,70,347,166,64,173,170,34,401,143,354,144,149,151,222,353,150,406,407,227,163,405,221,226,228,190,192,233,225,82,235,234,352,366,85,83,84,176,303,232,53,86,350,177,189,365,345,364,302,167,363,362,219,81,14,175,11,13,10,32,80,180,31,174,181,349,348,12,217,188,218,216,361,183,481,179,79,301,182,427,16,430,487,428,429,15,0,455,445,450,19,448,1,260,453,446,464,484,442,485,439,432,456,479,431,451,438,447,449,470,467,28,452,436,462,458,465,473,461,422,20,488,476,433,257,256,474,471,477,437,468,459,454,517,457,509,444,259,423,258,480,482,486,483,506,187,508,359,21,185,186,24,23,184,22,25,360,26,498,528,30,425,29,27,322,324,489,323,325,388,510,526,527,499,525,490,391,390,503,515,321,389,504,505,507,426,500,434,435,523,497,529,424,516,533,524,101,501,512,102,514,511,103,513,519,502,518,329,327,330,326,522,521,520,494,328,2,331,493,535,534,491,496,531,495,532,492,536,530,
402,369,403,404,309,69,241,311,250,254,305,308,310,306,253,304,255,247,252,246,251,410,243,242,249,248,240,245,466,478,244,463,368,90,475,295,419,469,472,307,312,460,417,293,297,298,376,286,421,409,375,281,287,239,300,292,290,299,443,420,338,198,373,214,211,415,418,339,209,203,416,269,157,202,210,398,204,205,201,200,207,208,291,289,288,206,98,212,213,50,387,334,88,385,372,384,280,383,414,178,262,263,393,395,52,49,337,93,272,441,146,48,171,164,332,47,392,381,165,294,44,382,386,45,41,285,284,397,51,378,396,379,380,147,46,278,283,282,394,270,296,36,145,38,224,35,37,39,40,279,66,43,162,42,399,400,156,94,9,230,3,333,77,78,100,440,172,265,199,197,161,107,317,261,264,266,336,160,58,129,126,229,7,236,155,112,340,237,95,238,128,154,119,223,159,122,158,8,273,127,140,193,116,91,118,4,168,6,169,142,104,135,138,132,123,120,97,136,137,358,133,106,124,108,111,139,113,141,131,92,313,117,411,318,61,105,341,319,99,342,54,274,408,315,344,314,148,62,60,320,267,356,268,96,316,153,18,351,134,121,114,413,412,57,231,115,125,130,56,110,5,65,271,191,67,72,355,277,87,89,68,76,71,17,370,374,377,275,346,74,371,276,367,55,73,152,357,109,75,335,59,196,343,194,195,63,220,70,215,33,347,166,173,64,170,143,401,34,354,144,149,151,353,222,150,406,407,405,163,227,226,221,190,228,192,233,225,82,235,234,352,366,83,85,84,53,176,232,303,350,86,365,177,189,364,345,302,167,362,219,363,81,175,14,11,13,32,10,31,180,80,174,181,349,348,12,218,188,217,216,361,183,481,179,301,79,182,427,16,430,487,428,429,15,0,455,445,19,450,1,448,260,453,446,464,484,442,485,439,432,479,456,451,431,438,447,449,470,467,28,452,436,465,458,462,473,461,422,20,476,433,488,257,468,437,256,474,471,459,477,454,517,457,509,423,259,444,258,482,486,480,483,506,187,508,359,21,185,184,186,24,22,23,25,360,26,528,498,27,30,29,425,324,489,322,325,323,388,510,526,527,499,490,390,391,525,503,515,321,504,389,505,507,426,434,500,435,523,497,516,533,524,529,424,101,501,102,511,512,514,513,103,519,502,330,329,518,327,326,494,520,521,522,328,331,2,534,530,536,535,532,493,491,495,496,531,492,
402,369,403,404,309,69,241,311,250,254,305,310,308,306,253,304,255,247,252,246,251,410,243,242,249,248,240,245,466,478,244,463,475,368,90,295,419,469,472,307,312,460,417,293,298,297,376,286,421,375,409,281,287,239,300,292,290,299,443,420,338,198,373,214,211,418,415,339,209,203,269,416,157,202,210,204,398,205,201,200,207,208,291,289,288,206,98,212,213,387,50,334,88,385,372,384,280,383,414,178,263,262,393,395,52,49,337,93,441,272,48,146,171,164,332,47,165,392,381,294,41,44,382,285,45,386,397,51,284,378,380,396,379,147,46,278,283,282,394,270,296,145,36,38,224,37,35,39,40,66,279,43,162,42,399,400,156,94,230,9,3,333,77,100,78,440,172,265,199,197,107,161,317,264,261,266,336,58,160,129,126,229,7,155,112,236,340,95,238,237,119,128,154,223,159,122,8,158,273,127,193,116,140,91,118,168,4,169,6,142,135,120,138,104,132,123,97,137,136,133,358,124,106,139,111,108,113,141,131,313,92,117,318,411,105,341,61,319,54,99,342,274,408,315,314,344,62,60,148,320,268,267,316,96,356,351,153,18,121,114,134,413,57,412,115,130,125,231,56,5,110,72,65,271,67,191,277,87,355,89,76,68,377,370,17,374,71,275,74,346,276,371,367,55,73,152,357,109,335,75,59,196,343,194,195,63,220,215,33,70,347,166,64,173,170,34,401,143,354,144,151,149,222,353,406,407,150,405,163,227,192,226,190,233,221,228,225,82,235,234,352,366,83,84,85,53,303,232,176,86,350,365,189,177,345,364,302,363,362,167,219,81,175,14,11,10,32,13,180,80,174,31,181,349,12,348,216,188,218,217,361,183,481,179,79,301,182,427,16,430,487,429,428,0,15,455,445,450,19,1,448,453,260,464,484,446,485,442,432,439,456,479,451,438,431,449,447,467,470,28,452,436,458,465,462,473,461,422,20,433,488,476,257,477,437,459,474,468,256,471,454,517,457,509,444,259,423,258,482,480,486,483,506,187,508,359,21,185,184,24,23,22,186,25,360,26,528,498,29,30,425,27,489,324,322,388,325,323,510,526,527,525,391,499,390,503,490,515,321,504,505,389,507,426,500,434,435,523,497,529,524,533,516,424,501,101,511,102,512,103,514,513,519,502,327,330,329,518,522,521,494,326,520,328,2,331,532,496,530,536,491,495,531,493,492,534,535,
402,369,403,404,309,69,241,311,250,254,305,308,310,306,253,304,255,247,252,246,251,410,243,242,248,249,240,245,466,478,244,463,475,368,90,295,419,469,472,307,312,460,417,293,298,297,376,286,421,409,375,281,287,239,300,292,290,299,443,420,338,198,373,214,211,418,415,339,203,209,416,269,157,210,202,204,398,205,201,200,207,208,291,289,288,98,206,212,213,50,387,334,88,385,372,384,280,383,414,178,263,262,393,395,52,49,337,93,272,441,48,146,171,164,332,47,165,381,392,294,41,285,44,386,382,45,397,284,51,379,378,396,380,147,46,278,283,282,394,270,296,36,145,38,224,37,35,39,66,279,40,43,162,42,399,400,156,94,9,230,3,333,77,100,78,440,172,265,199,197,161,107,317,261,264,266,336,160,58,129,126,229,7,236,112,155,340,95,238,237,154,119,128,223,159,8,122,273,158,127,193,140,116,91,118,168,4,6,169,142,135,132,104,120,123,138,133,358,136,137,97,106,124,111,108,139,113,131,141,313,117,92,61,318,341,411,105,319,274,54,342,99,408,315,344,314,148,62,60,320,267,316,96,268,356,351,18,153,114,134,413,412,57,121,115,125,130,231,56,110,5,65,271,72,191,67,355,277,87,89,76,68,370,377,17,71,374,275,346,74,371,276,367,55,73,152,357,109,335,75,59,196,194,343,63,195,220,215,33,70,347,166,173,64,170,143,401,34,354,144,151,149,353,222,407,406,150,405,163,227,228,192,226,190,221,233,82,225,235,234,352,83,84,366,85,232,303,53,176,350,86,177,365,189,364,345,362,302,219,363,167,14,175,81,11,32,10,13,80,174,180,31,349,181,348,12,216,188,218,217,361,183,179,481,79,301,182,427,16,430,487,429,428,15,0,455,445,450,19,448,1,453,260,446,484,464,442,485,439,432,479,456,451,431,438,449,447,470,467,28,452,436,465,458,462,473,422,461,20,476,433,488,257,471,437,468,256,474,477,459,454,517,457,509,259,423,444,258,486,480,482,483,506,187,508,359,21,185,184,22,24,23,186,25,360,26,498,528,425,27,30,29,489,324,322,388,325,323,526,510,527,490,499,503,391,390,525,515,321,389,504,505,507,426,434,500,435,523,497,424,516,524,529,533,501,101,511,103,102,512,514,513,519,502,327,518,329,330,494,522,520,326,521,328,2,331,496,531,534,492,532,495,530,491,535,493,536,
402,369,403,404,309,69,241,311,250,254,305,308,310,306,253,304,255,247,252,246,251,410,243,242,248,249,240,245,466,478,244,463,475,90,368,295,419,469,472,307,312,460,417,293,298,297,376,286,421,375,409,281,287,239,300,292,290,299,443,420,338,198,373,214,211,418,415,339,209,203,269,416,157,210,202,204,398,205,201,200,208,207,291,289,288,98,206,212,213,50,387,334,88,385,372,384,280,383,414,178,263,262,393,395,52,49,337,93,272,441,146,48,171,164,332,47,381,392,165,294,45,44,285,382,41,386,284,51,397,379,396,380,378,147,46,278,283,282,394,270,296,145,36,38,224,35,37,39,66,40,279,43,162,42,399,156,400,94,230,9,3,333,77,78,100,440,172,265,199,197,161,107,317,264,261,266,336,58,129,160,126,229,7,236,112,155,340,237,238,95,154,128,119,223,159,158,273,122,8,127,116,140,193,91,118,4,168,6,169,142,123,135,104,138,120,132,137,358,133,97,136,124,106,111,108,139,131,141,113,313,92,117,61,105,411,341,318,319,54,342,99,274,408,315,314,344,62,148,60,320,316,267,96,268,356,351,153,18,412,114,57,121,413,134,125,231,115,130,110,5,56,65,67,271,191,72,277,355,87,89,68,76,377,370,374,17,71,346,275,74,276,371,367,55,152,73,357,109,75,335,59,196,343,194,63,195,220,215,70,33,347,166,64,173,170,401,34,143,354,144,151,149,353,222,406,150,407,163,405,227,233,192,226,228,221,190,82,225,234,235,352,83,84,85,366,232,53,176,303,350,86,365,177,189,345,364,167,219,302,363,362,14,175,81,11,10,13,32,174,31,180,80,181,349,12,348,217,218,188,216,361,183,481,179,79,301,182,427,16,430,487,429,428,0,15,455,445,450,19,448,1,453,260,484,446,464,442,485,439,432,479,456,438,431,451,447,449,467,470,28,436,452,462,465,458,473,422,461,20,433,476,488,257,459,256,437,477,468,474,471,454,517,457,509,423,444,259,258,482,480,486,483,506,187,508,359,21,185,186,23,24,184,22,25,360,26,528,498,425,27,30,29,489,324,322,323,388,325,510,526,527,499,391,490,503,525,390,515,321,504,505,389,426,507,434,500,435,523,497,533,424,524,529,516,501,101,514,102,511,512,513,103,519,502,327,330,329,518,494,326,522,520,521,2,328,331,492,536,491,535,496,493,534,532,495,531,530,
402,369,403,404,309,69,241,311,250,254,305,310,308,306,253,304,255,247,252,246,251,410,243,242,249,248,240,245,466,478,244,463,368,475,90,295,419,469,472,307,312,460,417,293,298,297,376,286,421,409,375,281,287,239,300,292,290,299,443,420,338,198,373,214,211,418,415,339,209,203,269,416,157,202,210,204,398,205,201,200,208,207,291,289,288,206,98,212,213,387,50,334,88,385,372,384,383,280,414,178,262,263,393,395,52,49,337,93,441,272,146,48,171,164,332,47,392,165,381,294,382,41,386,45,285,44,397,284,51,378,379,380,396,147,278,46,283,282,394,270,296,36,145,38,224,35,37,39,40,66,279,43,162,42,399,400,156,94,230,9,3,333,77,100,78,440,172,265,199,197,107,161,317,264,261,266,336,129,160,58,126,229,7,155,236,112,340,237,95,238,128,154,119,223,159,8,158,273,122,127,140,193,116,91,118,4,168,6,169,142,120,104,135,123,132,138,136,137,133,97,358,106,124,139,111,108,131,113,141,92,313,117,411,318,61,105,341,319,54,99,274,342,315,408,344,314,60,62,148,320,96,356,267,268,316,351,18,153,134,413,121,57,114,412,125,115,130,231,56,5,110,65,72,191,271,67,87,277,355,89,76,68,17,377,71,370,374,275,74,346,371,276,55,367,73,152,357,109,75,335,59,196,194,343,63,195,220,70,215,33,166,347,173,64,170,143,401,34,354,144,151,149,222,353,406,407,150,405,227,163,226,190,233,192,228,221,82,225,234,235,352,83,366,84,85,176,303,53,232,350,86,189,177,365,345,364,219,362,363,167,302,175,81,14,11,13,32,10,174,180,31,80,349,181,348,12,216,217,218,188,361,183,179,481,301,79,182,427,16,430,487,429,428,0,15,455,445,19,450,1,448,453,260,464,484,446,442,485,439,432,456,479,431,438,451,447,449,467,470,28,452,436,465,458,462,473,422,461,20,433,476,488,257,471,256,477,459,474,437,468,454,517,457,509,259,444,423,258,482,480,486,483,506,187,508,359,21,185,23,22,24,184,186,25,360,26,498,528,29,30,425,27,489,322,324,323,325,388,510,526,527,525,499,490,503,391,390,515,321,389,504,505,507,426,500,434,435,523,497,529,524,533,424,516,101,501,103,513,102,514,511,512,519,502,329,518,327,330,326,522,521,520,494,2,328,331,491,535,536,492,531,534,496,530,493,532,495,
402,369,403,404,309,69,241,311,250,254,305,310,308,306,253,304,255,247,252,246,251,410,243,242,249,248,240,245,466,478,244,463,90,368,475,295,419,469,472,307,312,460,417,293,297,298,376,286,421,409,375,281,287,239,300,292,290,299,443,420,338,198,373,214,211,418,415,339,203,209,416,269,157,202,210,398,204,205,201,200,207,208,291,289,288,206,98,212,213,50,387,334,88,385,372,384,383,280,414,178,262,263,393,395,52,49,337,93,441,272,48,146,171,164,332,47,165,381,392,294,285,382,44,45,386,41,51,284,397,379,380,396,378,147,278,46,283,282,394,270,296,145,36,38,224,37,35,39,66,279,40,43,162,42,399,400,156,94,9,230,3,333,77,78,100,440,172,265,199,197,161,107,317,264,261,266,336,129,160,58,126,229,7,112,236,155,340,95,238,237,119,154,128,223,159,8,122,158,273,127,193,140,116,91,118,4,168,6,169,142,104,138,123,132,120,135,358,97,133,137,136,124,106,139,108,111,131,141,113,117,92,313,411,61,318,105,341,319,274,99,342,54,315,408,314,344,148,60,62,320,267,316,96,268,356,351,18,153,412,57,121,114,413,134,130,115,125,231,110,56,5,72,65,67,191,271,87,355,277,89,76,68,370,17,71,374,377,346,275,74,371,276,367,55,73,152,357,109,335,75,59,196,343,194,63,195,220,215,70,33,347,166,173,64,170,143,401,34,354,144,151,149,222,353,407,406,150,405,227,163,190,228,221,192,226,233,82,225,235,234,352,83,85,84,366,303,176,53,232,86,350,177,189,365,364,345,362,219,302,167,363,81,14,175,11,13,10,32,31,180,80,174,349,181,12,348,217,188,216,218,361,183,481,179,301,79,182,427,16,430,487,429,428,15,0,455,445,19,450,448,1,260,453,446,484,464,442,485,439,432,456,479,451,431,438,447,449,467,470,28,452,436,458,465,462,473,422,461,20,433,476,488,257,437,459,256,477,468,474,471,454,517,457,509,259,423,444,258,482,486,480,483,506,187,508,359,21,185,24,22,184,186,23,25,360,26,528,498,27,425,30,29,489,322,324,325,323,388,526,510,527,525,490,391,503,390,499,515,321,504,505,389,426,507,500,434,435,497,523,533,516,424,524,529,501,101,511,102,514,512,513,103,519,502,518,327,329,330,522,521,494,520,326,2,328,331,532,531,534,493,530,496,491,495,492,536,535,
402,369,403,404,309,69,241,311,250,254,305,310,308,306,253,304,255,247,252,246,251,410,243,242,249,248,240,245,466,478,244,463,90,368,475,295,419,469,472,307,312,460,417,293,298,297,376,286,421,375,409,281,287,239,300,292,290,299,443,420,338,198,373,214,211,418,415,339,209,203,416,269,157,210,202,398,204,205,201,200,208,207,291,289,288,98,206,212,213,387,50,334,88,385,372,384,280,383,414,178,263,262,393,395,52,49,337,93,441,272,48,146,171,164,332,47,392,165,381,294,382,386,285,41,44,45,284,397,51,396,380,379,378,147,46,278,283,282,394,270,296,145,36,38,224,37,35,39,40,66,279,43,162,42,399,156,400,94,9,230,3,333,77,100,78,440,172,265,199,197,161,107,317,264,261,266,336,160,129,58,126,229,7,112,236,155,340,237,238,95,154,128,119,223,159,273,122,8,158,127,116,140,193,91,118,4,168,169,6,142,135,138,132,123,120,104,136,97,358,133,137,106,124,139,108,111,113,131,141,313,92,117,105,411,318,341,61,319,274,342,54,99,315,408,344,314,62,60,148,320,96,356,316,268,267,351,18,153,121,57,413,134,114,412,130,231,125,115,5,110,56,271,67,72,65,191,355,87,277,89,76,68,370,374,71,17,377,275,346,74,371,276,55,367,73,152,357,109,335,75,59,196,343,194,195,63,220,33,70,215,166,347,64,173,170,143,34,401,354,144,151,149,353,222,406,407,150,405,227,163,190,226,228,221,192,233,82,225,234,235,352,84,366,85,83,232,303,176,53,350,86,189,177,365,345,364,362,363,167,219,302,14,81,175,11,10,13,32,80,31,174,180,349,181,348,12,216,188,217,218,361,183,481,179,301,79,182,427,16,430,487,429,428,0,15,455,445,450,19,448,1,260,453,484,446,464,442,485,439,432,456,479,438,431,451,447,449,467,470,28,436,452,458,462,465,473,422,461,20,488,433,476,257,468,477,459,471,437,256,474,454,517,457,509,444,259,423,258,482,480,486,483,506,187,508,359,21,185,23,186,22,184,24,25,360,26,498,528,30,27,29,425,322,489,324,388,325,323,526,510,527,390,499,391,503,525,490,515,321,505,504,389,426,507,500,434,435,523,497,533,529,516,424,524,101,501,512,103,102,514,513,511,519,502,327,329,518,330,522,520,494,326,521,331,328,2,532,495,491,534,536,492,493,535,496,530,531,
402,369,403,404,309,69,241,311,250,254,305,308,310,306,253,304,255,247,252,246,251,410,243,242,249,248,240,245,466,478,244,463,475,368,90,295,419,469,472,307,312,460,417,293,298,297,376,286,421,409,375,281,287,239,300,292,290,299,443,420,338,198,373,214,211,415,418,339,203,209,269,416,157,210,202,204,398,205,201,200,208,207,291,289,288,206,98,212,213,387,50,334,88,385,372,384,280,383,414,178,262,263,393,395,52,49,337,93,272,441,48,146,171,164,332,47,165,392,381,294,386,41,45,285,44,382,397,284,51,396,378,379,380,147,278,46,283,282,270,394,296,145,36,38,224,35,37,39,40,66,279,43,162,42,399,156,400,94,230,9,3,333,77,100,78,440,172,265,199,197,107,161,317,264,261,266,336,58,129,160,126,229,7,112,155,236,340,237,95,238,128,119,154,223,159,273,158,122,8,127,140,193,116,91,118,4,168,169,6,142,135,104,138,123,120,132,136,358,137,97,133,106,124,111,108,139,113,131,141,117,313,92,61,341,411,318,105,319,54,99,274,342,408,315,344,314,62,148,60,320,268,267,356,96,316,153,351,18,121,114,412,413,57,134,115,130,231,125,56,5,110,271,65,191,67,72,355,277,87,89,68,76,370,71,374,17,377,74,346,275,276,371,367,55,152,73,357,109,75,335,59,196,194,343,63,195,220,70,33,215,347,166,64,173,170,34,401,143,354,144,149,151,222,353,150,407,406,227,163,405,226,192,233,228,190,221,82,225,235,234,352,84,85,83,366,303,53,232,176,350,86,177,189,365,364,345,362,302,363,167,219,14,81,175,11,32,10,13,180,80,31,174,181,349,12,348,217,188,218,216,361,183,481,179,301,79,182,427,16,430,487,428,429,15,0,455,445,450,19,1,448,260,453,446,464,484,442,485,432,439,456,479,431,451,438,449,447,470,467,28,436,452,465,462,458,473,422,461,20,488,433,476,257,437,459,471,477,256,468,474,454,517,457,509,259,423,444,258,486,480,482,483,506,187,508,359,21,185,22,24,23,186,184,25,360,26,528,498,30,27,425,29,324,489,322,325,323,388,526,510,527,391,499,525,490,503,390,515,321,389,504,505,426,507,500,434,435,497,523,524,424,533,516,529,101,501,103,102,514,513,512,511,519,502,518,330,327,329,494,521,520,522,326,331,2,328,535,492,531,534,496,493,530,536,491,495,532,
402,369,403,404,309,69,241,311,250,254,305,308,310,306,253,304,255,247,252,246,251,410,243,242,249,248,240,245,466,478,244,463,368,90,475,295,419,469,472,307,312,460,417,293,297,298,376,286,421,375,409,281,287,239,300,292,290,299,443,420,338,198,373,214,211,415,418,339,209,203,416,269,157,210,202,398,204,205,201,200,207,208,291,289,288,98,206,212,213,387,50,334,88,385,372,384,383,280,414,178,262,263,393,395,52,49,337,93,272,441,48,146,171,164,332,47,381,392,165,294,386,285,382,41,44,45,397,51,284,379,396,378,380,147,278,46,283,282,394,270,296,36,145,38,224,35,37,39,40,66,279,43,162,42,399,156,400,94,9,230,3,333,77,100,78,440,172,265,199,197,161,107,317,264,261,266,336,129,58,160,126,229,7,236,155,112,340,95,237,238,128,154,119,223,159,8,158,122,273,127,140,116,193,91,118,4,168,6,169,142,123,135,104,138,132,120,133,358,136,97,137,124,106,108,139,111,141,131,113,92,117,313,341,61,105,318,411,319,342,274,54,99,315,408,344,314,62,60,148,320,267,96,268,356,316,18,351,153,121,413,57,114,134,412,130,231,115,125,56,110,5,67,271,72,191,65,277,87,355,89,76,68,374,71,17,370,377,275,74,346,371,276,367,55,152,73,357,109,335,75,59,196,194,343,195,63,220,215,70,33,347,166,64,173,170,34,143,401,354,144,151,149,222,353,150,406,407,227,405,163,192,228,233,190,226,221,225,82,234,235,352,366,84,83,85,232,303,176,53,350,86,177,189,365,345,364,167,363,362,219,302,81,175,14,11,10,32,13,31,80,180,174,181,349,348,12,216,188,218,217,361,183,179,481,301,79,182,427,16,430,487,429,428,0,15,455,445,19,450,1,448,453,260,484,446,464,442,485,432,439,456,479,451,438,431,447,449,467,470,28,452,436,458,465,462,473,422,461,20,488,476,433,257,459,468,471,474,477,437,256,454,517,457,509,259,444,423,258,482,480,486,483,506,187,508,359,21,185,22,184,24,23,186,25,360,26,528,498,27,425,29,30,322,324,489,323,388,325,510,526,527,391,503,499,490,390,525,515,321,505,504,389,507,426,434,500,435,523,497,529,424,533,524,516,501,101,103,512,511,102,513,514,519,502,329,330,518,327,521,326,522,520,494,2,331,328,534,536,535,492,491,531,493,495,532,530,496,
402,369,403,404,309,69,241,311,250,254,305,308,310,306,253,304,255,247,252,246,251,410,243,242,248,249,240,245,466,478,244,463,90,368,475,295,419,469,472,307,312,460,417,293,298,297,376,286,421,409,375,281,287,239,300,292,290,299,443,420,338,198,373,214,211,418,415,339,209,203,269,416,157,210,202,204,398,205,201,200,208,207,291,289,288,206,98,212,213,50,387,334,88,385,372,384,383,280,414,178,263,262,393,395,52,49,337,93,272,441,48,146,171,164,332,47,165,392,381,294,386,45,44,41,285,382,284,51,397,396,378,379,380,147,46,278,283,282,270,394,296,145,36,38,224,35,37,39,279,40,66,43,162,42,399,156,400,94,9,230,3,333,77,100,78,440,172,265,199,197,161,107,317,264,261,266,336,129,160,58,126,229,7,155,236,112,340,237,95,238,128,119,154,223,159,8,122,273,158,127,116,140,193,91,118,4,168,6,169,142,135,123,120,104,132,138,97,137,358,136,133,106,124,108,139,111,113,131,141,117,313,92,105,341,318,61,411,319,99,54,274,342,315,408,314,344,62,148,60,320,316,356,268,96,267,351,18,153,412,114,134,57,413,121,130,115,231,125,5,56,110,67,271,191,72,65,355,87,277,89,68,76,17,377,71,374,370,346,74,275,371,276,55,367,73,152,357,109,335,75,59,196,194,343,195,63,220,70,215,33,347,166,173,64,170,34,143,401,354,144,149,151,222,353,406,150,407,163,227,405,233,221,228,192,226,190,82,225,235,234,352,84,366,85,83,176,53,232,303,350,86,189,365,177,345,364,219,167,363,362,302,81,175,14,11,10,32,13,31,174,180,80,181,349,12,348,218,188,216,217,361,183,481,179,79,301,182,427,16,430,487,428,429,15,0,455,445,450,19,448,1,260,453,464,484,446,442,485,439,432,479,456,431,451,438,447,449,470,467,28,452,436,458,462,465,473,461,422,20,476,433,488,257,459,256,468,477,437,474,471,454,517,457,509,423,444,259,258,482,480,486,483,506,187,508,359,21,185,184,22,186,24,23,25,360,26,528,498,425,27,30,29,324,489,322,323,388,325,510,526,527,390,499,391,490,525,503,515,321,505,389,504,426,507,500,434,435,497,523,516,529,524,533,424,501,101,514,511,512,103,513,102,519,502,330,518,329,327,521,494,522,520,326,328,331,2,532,496,531,492,491,535,534,536,493,530,495,
402,369,403,404,309,69,241,311,250,254,305,308,310,306,253,304,255,247,252,246,251,410,243,242,249,248,240,245,466,478,244,463,90,368,475,295,419,469,472,307,312,460,417,293,298,297,376,286,421,375,409,281,287,239,300,292,290,299,443,420,338,198,373,214,211,418,415,339,203,209,416,269,157,202,210,398,204,205,201,200,208,207,291,289,288,98,206,212,213,387,50,334,88,385,372,384,383,280,414,178,262,263,393,395,52,49,337,93,272,441,48,146,171,164,332,47,381,392,165,294,45,386,285,41,44,382,284,51,397,379,380,396,378,147,46,278,283,282,270,394,296,36,145,38,224,35,37,39,40,279,66,43,162,42,399,156,400,94,230,9,3,333,77,78,100,440,172,265,199,197,161,107,317,261,264,266,336,129,58,160,126,229,7,155,236,112,340,237,95,238,154,128,119,223,159,158,122,273,8,127,116,140,193,91,118,4,168,6,169,142,135,123,132,138,104,120,136,137,358,133,97,124,106,108,139,111,113,131,141,92,117,313,61,318,105,341,411,319,274,99,342,54,315,408,344,314,148,62,60,320,267,268,96,316,356,18,351,153,412,114,121,413,134,57,130,231,125,115,5,56,110,65,191,67,271,72,87,355,277,89,76,68,17,71,370,374,377,74,346,275,276,371,367,55,152,73,357,109,75,335,59,196,194,343,63,195,220,33,70,215,347,166,64,173,170,34,143,401,354,144,151,149,353,222,406,150,407,163,405,227,190,226,233,192,228,221,225,82,234,235,352,366,83,85,84,303,232,176,53,350,86,189,365,177,364,345,167,362,219,363,302,81,175,14,11,32,13,10,80,31,180,174,181,349,12,348,216,218,217,188,361,183,481,179,301,79,182,427,16,430,487,428,429,15,0,455,445,19,450,1,448,260,453,464,446,484,442,485,432,439,456,479,438,431,451,449,447,467,470,28,452,436,462,458,465,473,461,422,20,433,488,476,257,471,474,256,468,437,477,459,454,517,457,509,259,444,423,258,486,482,480,483,506,187,508,359,21,185,22,186,23,24,184,25,360,26,528,498,30,29,27,425,324,322,489,388,325,323,510,526,527,390,499,490,503,391,525,515,321,389,505,504,507,426,434,500,435,523,497,524,516,424,529,533,501,101,512,514,103,511,513,102,519,502,329,327,518,330,521,326,522,520,494,331,2,328,496,532,530,492,493,531,495,536,491,535,534,
402,369,403,404,309,69,241,311,250,254,305,308,310,306,253,304,255,247,252,246,251,410,243,242,248,249,240,245,466,478,244,463,90,475,368,295,419,469,472,307,312,460,417,293,298,297,376,286,421,409,375,281,287,239,300,292,290,299,443,420,338,198,373,214,211,418,415,339,203,209,416,269,157,210,202,398,204,205,201,200,208,207,291,289,288,98,206,212,213,50,387,334,88,385,372,384,383,280,414,178,263,262,393,395,52,49,337,93,441,272,146,48,171,164,332,47,165,392,381,294,382,44,285,386,41,45,51,397,284,379,378,396,380,147,46,278,283,282,270,394,296,145,36,38,224,37,35,39,279,40,66,43,162,42,399,400,156,94,230,9,3,333,77,78,100,440,172,265,199,197,107,161,317,261,264,266,336,129,160,58,126,229,7,236,112,155,340,95,237,238,154,128,119,223,159,8,158,122,273,127,116,193,140,91,118,168,4,6,169,142,132,138,135,104,123,120,358,137,133,136,97,106,124,111,108,139,141,113,131,92,117,313,318,105,61,411,341,319,99,274,54,342,315,408,344,314,60,148,62,320,316,267,268,96,356,153,18,351,57,412,413,114,134,121,115,125,130,231,56,110,5,72,67,65,191,271,87,277,355,89,68,76,71,377,370,17,374,346,275,74,276,371,367,55,152,73,357,109,335,75,59,196,194,343,195,63,220,33,70,215,166,347,173,64,170,143,34,401,354,144,151,149,222,353,406,150,407,163,227,405,233,190,226,221,228,192,225,82,234,235,352,83,84,366,85,53,303,232,176,350,86,189,365,177,345,364,362,302,219,363,167,81,14,175,11,32,10,13,80,180,174,31,181,349,12,348,216,188,217,218,361,183,481,179,79,301,182,427,16,430,487,428,429,15,0,455,445,19,450,1,448,260,453,464,484,446,442,485,439,432,456,479,431,451,438,449,447,467,470,28,452,436,458,462,465,473,461,422,20,476,433,488,257,459,256,471,437,474,477,468,454,517,457,509,423,259,444,258,486,482,480,483,506,187,508,359,21,185,184,24,23,186,22,25,360,26,498,528,425,29,30,27,489,324,322,323,325,388,526,510,527,503,490,499,525,391,390,515,321,389,504,505,426,507,434,500,435,523,497,529,516,533,424,524,101,501,514,512,513,511,102,103,519,502,329,330,327,518,521,520,494,522,326,331,2,328,530,493,491,492,531,496,534,495,535,536,532,
402,369,403,404,309,69,241,311,250,254,305,308,310,306,253,304,255,247,252,246,251,410,243,242,248,249,240,245,466,478,244,463,475,368,90,295,419,469,472,307,312,460,417,293,298,297,376,286,421,375,409,281,287,239,300,292,290,299,443,420,338,198,373,214,211,418,415,339,209,203,269,416,157,202,210,398,204,205,201,200,208,207,291,289,288,98,206,212,213,387,50,334,88,385,372,384,280,383,414,178,263,262,393,395,52,49,337,93,441,272,48,146,171,164,332,47,392,381,165,294,41,386,382,44,285,45,397,284,51,378,380,379,396,147,46,278,283,282,270,394,296,36,145,38,224,35,37,39,66,40,279,43,162,42,399,156,400,94,230,9,3,333,77,78,100,440,172,265,199,197,107,161,317,261,264,266,336,129,58,160,126,229,7,236,112,155,340,237,95,238,128,119,154,223,159,273,158,8,122,127,116,193,140,91,118,4,168,6,169,142,120,135,138,104,123,132,358,133,136,97,137,124,106,139,108,111,141,113,131,92,117,313,61,318,341,105,411,319,274,54,342,99,408,315,344,314,60,62,148,320,316,356,268,267,96,18,153,351,413,114,121,134,412,57,130,125,231,115,110,56,5,191,65,67,271,72,355,277,87,89,76,68,374,377,71,370,17,74,346,275,276,371,55,367,73,152,357,109,335,75,59,196,343,194,195,63,220,33,215,70,166,347,64,173,170,143,34,401,354,144,151,149,222,353,407,406,150,227,405,163,190,228,233,192,226,221,82,225,234,235,352,366,84,85,83,303,53,232,176,350,86,365,189,177,364,345,167,362,219,363,302,175,14,81,11,10,13,32,180,80,174,31,349,181,348,12,188,217,216,218,361,183,179,481,79,301,182,427,16,430,487,428,429,15,0,455,445,19,450,448,1,260,453,484,446,464,442,485,432,439,479,456,438,451,431,449,447,470,467,28,452,436,465,458,462,473,461,422,20,433,488,476,257,474,437,468,256,471,477,459,454,517,457,509,444,259,423,258,480,482,486,483,506,187,508,359,21,185,186,23,184,22,24,25,360,26,528,498,29,425,30,27,489,324,322,388,323,325,526,510,527,390,391,499,490,503,525,515,321,505,389,504,507,426,500,434,435,523,497,424,533,529,524,516,101,501,102,513,511,512,514,103,519,502,518,329,330,327,521,520,522,494,326,331,2,328,491,535,492,493,531,532,495,530,496,534,536,
402,369,403,404,309,69,241,311,250,254,305,308,310,306,253,304,255,247,252,246,251,410,243,242,248,249,240,245,466,478,244,463,475,90,368,295,419,469,472,307,312,460,417,293,298,297,376,286,421,409,375,281,287,239,300,292,290,299,443,420,338,198,373,214,211,415,418,339,203,209,269,416,157,210,202,204,398,205,201,200,207,208,291,289,288,98,206,212,213,387,50,334,88,385,372,384,383,280,414,178,263,262,393,395,52,49,337,93,441,272,146,48,171,164,332,47,381,392,165,294,45,382,386,285,41,44,51,284,397,396,379,380,378,147,46,278,283,282,394,270,296,36,145,38,224,37,35,39,279,66,40,43,162,42,399,400,156,94,230,9,3,333,77,100,78,440,172,265,199,197,161,107,317,264,261,266,336,160,58,129,126,229,7,155,236,112,340,95,237,238,119,128,154,223,159,8,122,158,273,127,193,116,140,91,118,168,4,6,169,142,123,132,104,135,120,138,358,97,133,137,136,106,124,108,111,139,131,141,113,313,117,92,341,61,318,411,105,319,274,54,99,342,408,315,344,314,62,60,148,320,316,267,96,268,356,153,18,351,57,134,114,412,413,121,130,231,125,115,56,5,110,72,191,271,65,67,355,87,277,89,68,76,374,370,377,71,17,346,275,74,371,276,55,367,73,152,357,109,75,335,59,196,194,343,195,63,220,70,33,215,347,166,173,64,170,143,34,401,354,144,149,151,222,353,407,406,150,227,163,405,226,228,233,192,190,221,225,82,234,235,352,83,366,85,84,303,176,232,53,350,86,177,365,189,345,364,219,302,362,363,167,14,175,81,11,10,13,32,80,180,31,174,349,181,12,348,216,217,218,188,361,183,481,179,301,79,182,427,16,430,487,428,429,15,0,455,445,450,19,448,1,260,453,484,464,446,485,442,432,439,456,479,431,451,438,447,449,467,470,28,436,452,465,462,458,473,461,422,20,476,488,433,257,474,459,256,468,477,437,471,454,517,457,509,259,423,444,258,480,482,486,483,506,187,508,359,21,185,22,184,23,24,186,25,360,26,528,498,425,30,29,27,489,322,324,388,323,325,526,510,527,499,390,525,503,490,391,515,321,504,389,505,507,426,500,434,435,497,523,424,529,524,533,516,101,501,511,512,102,514,103,513,519,502,329,330,327,518,326,522,521,494,520,2,331,328,492,493,535,531,491,495,496,536,534,530,532,
402,369,403,404,309,69,241,311,250,254,305,308,310,306,253,304,255,247,252,246,251,410,243,242,248,249,240,245,466,478,244,463,90,368,475,295,419,469,472,307,312,460,417,293,298,297,376,286,421,375,409,281,287,239,300,292,290,299,443,420,338,198,373,214,211,418,415,339,209,203,416,269,157,210,202,204,398,205,201,200,207,208,291,289,288,98,206,212,213,50,387,334,88,385,372,384,280,383,414,178,262,263,393,395,52,49,337,93,272,441,48,146,171,164,332,47,165,381,392,294,41,382,45,285,44,386,397,51,284,396,380,378,379,147,46,278,283,282,394,270,296,145,36,38,224,35,37,39,40,279,66,43,162,42,399,156,400,94,230,9,3,333,77,78,100,440,172,265,199,197,161,107,317,264,261,266,336,160,58,129,126,229,7,112,236,155,340,95,238,237,154,128,119,223,159,122,273,158,8,127,140,116,193,91,118,168,4,6,169,142,132,104,123,135,120,138,137,133,358,97,136,124,106,139,108,111,141,131,113,313,117,92,105,318,411,341,61,319,99,342,274,54,408,315,344,314,60,148,62,320,96,316,268,267,356,351,153,18,114,412,134,413,121,57,115,231,130,125,5,56,110,191,72,67,65,271,277,87,355,89,68,76,374,17,377,71,370,346,275,74,371,276,367,55,73,152,357,109,75,335,59,196,194,343,195,63,220,70,215,33,166,347,64,173,170,143,401,34,354,144,149,151,353,222,407,406,150,227,163,405,226,221,192,190,228,233,225,82,234,235,352,366,83,84,85,53,176,232,303,350,86,365,177,189,345,364,363,362,219,302,167,14,175,81,11,32,13,10,31,180,174,80,181,349,348,12,217,216,218,188,361,183,179,481,301,79,182,427,16,430,487,429,428,0,15,455,445,19,450,448,1,453,260,464,484,446,485,442,432,439,479,456,438,451,431,447,449,467,470,28,436,452,458,462,465,473,461,422,20,488,433,476,257,459,477,474,468,437,256,471,454,517,457,509,423,259,444,258,480,482,486,483,506,187,508,359,21,185,186,24,184,22,23,25,360,26,498,528,27,29,425,30,324,489,322,388,325,323,526,510,527,503,525,391,490,390,499,515,321,504,505,389,426,507,434,500,435,497,523,529,424,533,524,516,501,101,514,512,102,511,513,103,519,502,518,327,330,329,494,520,521,522,326,2,331,328,491,535,530,534,492,493,536,495,532,531,496,
402,369,403,404,309,69,241,311,250,254,305,310,308,306,253,304,255,247,252,246,251,410,243,242,248,249,240,245,466,478,244,463,475,90,368,295,419,469,472,307,312,460,417,293,298,297,376,286,421,375,409,281,287,239,300,292,290,299,443,420,338,198,373,214,211,415,418,339,209,203,269,416,157,202,210,398,204,205,201,200,208,207,291,289,288,98,206,212,213,387,50,334,88,385,372,384,280,383,414,178,263,262,393,395,52,49,337,93,272,441,146,48,171,164,332,47,165,381,392,294,382,285,44,386,41,45,284,51,397,396,378,380,379,147,278,46,283,282,270,394,296,145,36,38,224,35,37,39,66,279,40,43,162,42,399,400,156,94,230,9,3,333,77,78,100,440,172,265,199,197,107,161,317,261,264,266,336,58,129,160,126,229,7,112,236,155,340,238,237,95,119,154,128,223,159,273,8,158,122,127,140,116,193,91,118,168,4,169,6,142,104,138,135,132,123,120,97,137,136,358,133,124,106,111,139,108,141,113,131,313,92,117,341,318,411,105,61,319,274,342,99,54,408,315,344,314,60,148,62,320,316,356,267,96,268,18,153,351,134,412,114,57,121,413,125,130,115,231,5,56,110,67,191,271,72,65,355,277,87,89,76,68,71,374,370,377,17,275,74,346,276,371,367,55,152,73,357,109,335,75,59,196,343,194,63,195,220,33,215,70,347,166,64,173,170,143,401,34,354,144,149,151,353,222,407,406,150,163,405,227,228,226,192,221,190,233,225,82,235,234,352,85,84,83,366,53,232,176,303,86,350,189,365,177,364,345,362,302,167,219,363,14,81,175,11,13,10,32,174,80,180,31,181,349,348,12,216,217,188,218,361,183,481,179,79,301,182,427,16,430,487,429,428,0,15,455,445,450,19,448,1,453,260,464,446,484,485,442,432,439,456,479,431,438,451,449,447,467,470,28,436,452,462,465,458,473,461,422,20,488,476,433,257,477,256,437,468,471,474,459,454,517,457,509,444,423,259,258,486,480,482,483,506,187,508,359,21,185,23,186,184,24,22,25,360,26,528,498,425,30,27,29,322,324,489,325,388,323,510,526,527,525,490,499,503,391,390,515,321,504,505,389,507,426,500,434,435,497,523,533,524,424,516,529,501,101,512,514,513,511,102,103,519,502,329,330,327,518,520,326,521,522,494,331,2,328,491,492,535,495,496,531,532,493,530,534,536,
402,369,403,404,309,69,241,311,250,254,305,310,308,306,253,304,255,247,252,246,251,410,243,242,249,248,240,245,466,478,244,463,90,475,368,295,419,469,472,307,312,460,417,293,298,297,376,286,421,375,409,281,287,239,300,292,290,299,443,420,338,198,373,214,211,418,415,339,209,203,269,416,157,202,210,204,398,205,201,200,207,208,291,289,288,98,206,212,213,50,387,334,88,385,372,384,383,280,414,178,262,263,393,395,52,49,337,93,441,272,48,146,171,164,332,47,165,381,392,294,382,41,44,386,45,285,397,51,284,378,379,380,396,147,278,46,283,282,394,270,296,145,36,38,224,37,35,39,66,279,40,43,162,42,399,400,156,94,9,230,3,333,77,100,78,440,172,265,199,197,161,107,317,264,261,266,336,129,160,58,126,229,7,236,155,112,340,95,237,238,119,128,154,223,159,8,273,158,122,127,140,193,116,91,118,168,4,6,169,142,104,120,138,123,132,135,137,133,97,358,136,106,124,139,111,108,113,141,131,92,313,117,341,318,411,105,61,319,342,54,99,274,408,315,314,344,60,148,62,320,96,356,268,267,316,153,18,351,121,114,413,57,412,134,115,125,130,231,110,5,56,67,65,72,271,191,277,355,87,89,68,76,17,374,377,71,370,346,74,275,276,371,55,367,152,73,357,109,75,335,59,196,194,343,195,63,220,33,70,215,347,166,64,173,170,34,401,143,354,144,149,151,353,222,407,150,406,405,227,163,192,233,228,190,221,226,225,82,234,235,352,83,84,85,366,53,176,232,303,350,86,189,177,365,345,364,302,362,363,219,167,175,14,81,11,32,13,10,180,174,80,31,181,349,348,12,218,217,188,216,361,183,179,481,79,301,182,427,16,430,487,429,428,15,0,455,445,19,450,448,1,453,260,464,484,446,485,442,439,432,456,479,451,438,431,449,447,467,470,28,436,452,458,465,462,473,422,461,20,476,433,488,257,256,437,459,477,468,474,471,454,517,457,509,259,444,423,258,486,482,480,483,506,187,508,359,21,185,184,23,186,24,22,25,360,26,498,528,30,29,27,425,489,322,324,388,325,323,526,510,527,499,390,391,490,525,503,515,321,504,505,389,426,507,434,500,435,497,523,516,424,533,524,529,501,101,514,103,102,512,511,513,519,502,329,330,518,327,521,522,520,494,326,2,328,331,536,493,534,535,492,530,495,496,491,531,532,
402,369,403,404,309,69,241,311,250,254,305,308,310,306,253,304,255,247,252,246,251,410,243,242,249,248,240,245,466,478,244,463,368,475,90,295,419,469,472,307,312,460,417,293,297,298,376,286,421,409,375,281,287,239,300,292,290,299,443,420,338,198,373,214,211,418,415,339,203,209,269,416,157,210,202,204,398,205,201,200,207,208,291,289,288,206,98,212,213,387,50,334,88,385,372,384,280,383,414,178,263,262,393,395,52,49,337,93,441,272,48,146,171,164,332,47,165,392,381,294,44,41,386,45,285,382,397,51,284,396,380,378,379,147,46,278,283,282,394,270,296,145,36,38,224,37,35,39,279,66,40,43,162,42,399,400,156,94,9,230,3,333,77,100,78,440,172,265,199,197,107,161,317,261,264,266,336,160,58,129,126,229,7,112,155,236,340,237,238,95,119,128,154,223,159,122,8,158,273,127,116,140,193,91,118,4,168,169,6,142,135,132,123,120,138,104,136,133,358,137,97,106,124,139,111,108,131,141,113,117,313,92,411,61,341,105,318,319,342,54,99,274,315,408,314,344,60,62,148,320,316,267,268,96,356,351,18,153,121,114,57,134,413,412,125,115,231,130,5,56,110,191,67,72,65,271,355,277,87,89,68,76,374,17,377,370,71,346,74,275,371,276,367,55,73,152,357,109,335,75,59,196,343,194,195,63,220,70,33,215,166,347,173,64,170,34,143,401,354,144,149,151,222,353,150,407,406,405,227,163,190,221,192,226,228,233,82,225,234,235,352,83,84,85,366,53,176,303,232,86,350,189,177,365,364,345,362,302,167,363,219,14,175,81,11,13,10,32,31,80,174,180,181,349,348,12,216,188,217,218,361,183,481,179,301,79,182,427,16,430,487,429,428,15,0,455,445,450,19,448,1,453,260,464,446,484,442,485,439,432,456,479,451,438,431,447,449,467,470,28,436,452,465,462,458,473,461,422,20,488,433,476,257,459,474,468,477,256,471,437,454,517,457,509,423,444,259,258,480,482,486,483,506,187,508,359,21,185,23,186,184,22,24,25,360,26,528,498,29,27,30,425,322,324,489,388,325,323,526,510,527,391,499,490,503,525,390,515,321,389,504,505,426,507,500,434,435,497,523,524,533,424,516,529,101,501,513,512,102,511,514,103,519,502,327,518,329,330,521,520,522,326,494,2,331,328,531,496,534,495,491,536,492,532,530,493,535,
402,369,403,404,309,69,241,311,250,254,305,308,310,306,253,304,255,247,252,246,251,410,243,242,248,249,240,245,466,478,244,463,368,475,90,295,419,469,472,307,312,460,417,293,297,298,376,286,421,409,375,281,287,239,300,292,290,299,443,420,338,198,373,214,211,415,418,339,203,209,416,269,157,202,210,398,204,205,201,200,208,207,291,289,288,206,98,212,213,50,387,334,88,385,372,384,383,280,414,178,262,263,393,395,52,49,337,93,272,441,48,146,171,164,332,47,165,392,381,294,41,386,44,285,45,382,51,284,397,379,396,378,380,147,46,278,283,282,270,394,296,145,36,38,224,35,37,39,40,279,66,43,162,42,399,156,400,94,9,230,3,333,77,100,78,440,172,265,199,197,161,107,317,261,264,266,336,129,58,160,126,229,7,236,155,112,340,95,237,238,128,154,119,223,159,273,122,8,158,127,116,193,140,91,118,4,168,169,6,142,135,132,120,104,138,123,358,137,133,136,97,124,106,111,139,108,141,113,131,117,92,313,318,105,411,61,341,319,274,99,342,54,315,408,314,344,60,148,62,320,268,316,267,356,96,351,18,153,57,134,413,121,114,412,130,115,231,125,5,56,110,72,271,65,191,67,87,355,277,89,68,76,374,370,71,17,377,346,74,275,371,276,55,367,152,73,357,109,335,75,59,196,194,343,63,195,220,215,33,70,347,166,64,173,170,401,34,143,354,144,151,149,222,353,406,407,150,227,163,405,221,228,226,233,192,190,225,82,234,235,352,366,83,85,84,53,232,303,176,350,86,365,189,177,364,345,302,362,167,219,363,81,175,14,11,13,32,10,174,31,180,80,349,181,348,12,216,218,188,217,361,183,179,481,79,301,182,427,16,430,487,428,429,15,0,455,445,19,450,1,448,453,260,484,464,446,442,485,432,439,456,479,451,431,438,449,447,467,470,28,452,436,465,458,462,473,422,461,20,488,433,476,257,459,471,256,474,437,477,468,454,517,457,509,444,259,423,258,480,486,482,483,506,187,508,359,21,185,184,22,24,186,23,25,360,26,498,528,425,30,27,29,322,324,489,325,388,323,526,510,527,490,525,391,390,499,503,515,321,505,389,504,507,426,434,500,435,523,497,529,424,524,533,516,101,501,512,102,513,514,511,103,519,502,329,327,330,518,522,521,326,494,520,2,331,328,495,493,534,496,535,492,491,532,536,531,530,
402,369,403,404,309,69,241,311,250,254,305,308,310,306,253,304,255,247,252,246,251,410,243,242,249,248,240,245,466,478,244,463,90,368,475,295,419,469,472,307,312,460,417,293,298,297,376,286,421,375,409,281,287,239,300,292,290,299,443,420,338,198,373,214,211,415,418,339,209,203,416,269,157,210,202,398,204,205,201,200,208,207,291,289,288,206,98,212,213,50,387,334,88,385,372,384,383,280,414,178,262,263,393,395,52,49,337,93,272,441,146,48,171,164,332,47,381,392,165,294,41,386,45,44,285,382,51,284,397,380,378,379,396,147,278,46,283,282,394,270,296,36,145,38,224,35,37,39,66,40,279,43,162,42,399,156,400,94,230,9,3,333,77,78,100,440,172,265,199,197,161,107,317,264,261,266,336,129,58,160,126,229,7,155,112,236,340,95,237,238,154,119,128,223,159,158,273,122,8,127,193,140,116,91,118,4,168,169,6,142,138,135,120,132,123,104,97,358,137,136,133,106,124,108,139,111,113,131,141,313,117,92,411,318,341,61,105,319,99,342,54,274,315,408,314,344,148,60,62,320,268,267,96,316,356,351,153,18,413,134,121,57,412,114,130,231,115,125,5,56,110,65,271,191,67,72,355,277,87,89,68,76,71,370,377,374,17,74,346,275,276,371,367,55,152,73,357,109,75,335,59,196,343,194,195,63,220,33,70,215,166,347,173,64,170,34,401,143,354,144,149,151,222,353,150,406,407,163,227,405,221,226,192,228,233,190,82,225,235,234,352,84,83,85,366,53,176,232,303,350,86,365,177,189,345,364,363,219,362,167,302,175,81,14,11,32,10,13,174,31,80,180,349,181,348,12,216,217,188,218,361,183,481,179,301,79,182,427,16,430,487,429,428,15,0,455,445,450,19,448,1,453,260,464,446,484,442,485,432,439,456,479,431,438,451,449,447,470,467,28,452,436,458,465,462,473,422,461,20,476,488,433,257,477,471,468,437,474,256,459,454,517,457,509,444,259,423,258,480,486,482,483,506,187,508,359,21,185,184,186,23,22,24,25,360,26,498,528,30,29,27,425,324,489,322,323,388,325,526,510,527,499,503,525,490,391,390,515,321,505,389,504,426,507,434,500,435,497,523,516,533,524,529,424,101,501,512,513,102,511,103,514,519,502,327,330,329,518,522,494,520,326,521,328,2,331,534,536,492,491,530,532,495,493,496,531,535,
402,369,403,404,309,69,241,311,250,254,305,308,310,306,253,304,255,247,252,246,251,410,243,242,248,249,240,245,466,478,244,463,90,475,368,295,419,469,472,307,312,460,417,293,297,298,376,286,421,375,409,281,287,239,300,292,290,299,443,420,338,198,373,214,211,415,418,339,203,209,416,269,157,210,202,398,204,205,201,200,207,208,291,289,288,98,206,212,213,387,50,334,88,385,372,384,383,280,414,178,263,262,393,395,52,49,337,93,441,272,48,146,171,164,332,47,165,392,381,294,44,41,386,45,285,382,397,51,284,379,380,378,396,147,46,278,283,282,270,394,296,145,36,38,224,35,37,39,66,40,279,43,162,42,399,400,156,94,230,9,3,333,77,78,100,440,172,265,199,197,107,161,317,261,264,266,336,58,160,129,126,229,7,236,112,155,340,238,95,237,128,154,119,223,159,158,273,8,122,127,193,116,140,91,118,168,4,169,6,142,104,120,135,123,132,138,358,137,97,136,133,124,106,108,139,111,113,131,141,92,313,117,318,411,61,105,341,319,274,342,99,54,408,315,344,314,62,148,60,320,267,268,96,356,316,153,18,351,121,114,134,413,412,57,231,115,130,125,56,5,110,191,271,65,67,72,277,87,355,89,76,68,374,17,71,377,370,275,74,346,276,371,367,55,73,152,357,109,335,75,59,196,194,343,195,63,220,215,70,33,166,347,64,173,170,143,401,34,354,144,149,151,353,222,406,407,150,227,163,405,226,233,228,221,190,192,82,225,234,235,352,366,83,84,85,53,176,303,232,86,350,365,177,189,345,364,167,363,219,362,302,14,175,81,11,10,32,13,180,80,31,174,349,181,12,348,218,216,217,188,361,183,481,179,301,79,182,427,16,430,487,429,428,15,0,455,445,19,450,448,1,260,453,464,446,484,442,485,432,439,479,456,438,451,431,447,449,470,467,28,436,452,458,462,465,473,461,422,20,433,476,488,257,437,468,474,471,459,477,256,454,517,457,509,444,259,423,258,486,482,480,483,506,187,508,359,21,185,186,24,184,23,22,25,360,26,528,498,29,30,27,425,322,324,489,325,323,388,526,510,527,490,391,525,503,499,390,515,321,504,505,389,426,507,500,434,435,497,523,529,524,516,533,424,101,501,511,512,102,103,513,514,519,502,330,329,518,327,520,522,494,521,326,328,331,2,530,536,535,531,492,493,496,532,534,491,495,
402,369,403,404,309,69,241,311,250,254,305,308,310,306,253,304,255,247,252,246,251,410,243,242,249,248,240,245,466,478,244,463,90,368,475,295,419,469,472,307,312,460,417,293,298,297,376,286,421,375,409,281,287,239,300,292,290,299,443,420,338,198,373,214,211,418,415,339,203,209,416,269,157,202,210,398,204,205,201,200,207,208,291,289,288,206,98,212,213,50,387,334,88,385,372,384,383,280,414,178,262,263,393,395,52,49,337,93,272,441,48,146,171,164,332,47,165,381,392,294,382,41,285,386,44,45,284,397,51,378,380,379,396,147,46,278,283,282,270,394,296,36,145,38,224,35,37,39,279,40,66,43,162,42,399,156,400,94,230,9,3,333,77,100,78,440,172,265,199,197,107,161,317,264,261,266,336,160,58,129,126,229,7,236,112,155,340,237,238,95,119,154,128,223,159,122,273,8,158,127,116,193,140,91,118,4,168,169,6,142,120,132,138,135,123,104,97,136,137,133,358,106,124,111,139,108,131,113,141,117,92,313,318,341,61,411,105,319,54,342,274,99,408,315,314,344,148,60,62,320,316,356,267,96,268,351,153,18,412,57,121,413,114,134,231,130,115,125,5,56,110,65,67,72,271,191,277,87,355,89,76,68,370,71,377,17,374,275,346,74,276,371,367,55,152,73,357,109,335,75,59,196,343,194,63,195,220,215,70,33,347,166,173,64,170,34,143,401,354,144,151,149,353,222,406,407,150,227,163,405,226,192,221,190,233,228,225,82,234,235,352,83,85,366,84,232,53,176,303,350,86,177,365,189,364,345,167,219,302,362,363,81,14,175,11,32,10,13,31,80,180,174,349,181,348,12,217,218,188,216,361,183,481,179,79,301,182,427,16,430,487,429,428,0,15,455,445,19,450,1,448,453,260,464,446,484,485,442,432,439,479,456,431,451,438,447,449,470,467,28,436,452,462,458,465,473,461,422,20,476,433,488,257,471,256,474,468,477,459,437,454,517,457,509,423,259,444,258,480,482,486,483,506,187,508,359,21,185,186,184,22,24,23,25,360,26,498,528,29,27,30,425,322,324,489,325,388,323,526,510,527,391,503,490,390,525,499,515,321,505,504,389,507,426,434,500,435,497,523,424,533,524,516,529,501,101,103,513,511,512,514,102,519,502,518,329,327,330,326,522,520,494,521,331,2,328,536,531,532,535,495,491,530,496,492,534,493,
402,369,403,404,309,69,241,311,250,254,305,310,308,306,253,304,255,247,252,246,251,410,243,242,248,249,240,245,466,478,244,463,475,368,90,295,419,469,472,307,312,460,417,293,297,298,376,286,421,375,409,281,287,239,300,292,290,299,443,420,338,198,373,214,211,418,415,339,203,209,269,416,157,210,202,204,398,205,201,200,208,207,291,289,288,98,206,212,213,50,387,334,88,385,372,384,280,383,414,178,262,263,393,395,52,49,337,93,441,272,48,146,171,164,332,47,381,392,165,294,45,41,382,285,386,44,284,51,397,378,379,396,380,147,46,278,283,282,270,394,296,36,145,38,224,35,37,39,66,40,279,43,162,42,399,156,400,94,9,230,3,333,77,100,78,440,172,265,199,197,161,107,317,261,264,266,336,160,58,129,126,229,7,112,155,236,340,238,95,237,128,119,154,223,159,158,122,8,273,127,116,140,193,91,118,4,168,6,169,142,123,120,104,138,132,135,136,137,97,133,358,106,124,108,111,139,141,113,131,117,92,313,411,105,318,341,61,319,342,274,99,54,315,408,344,314,148,62,60,320,316,356,268,267,96,18,153,351,412,121,134,413,57,114,130,231,115,125,56,110,5,65,191,271,72,67,277,87,355,89,76,68,17,377,71,374,370,275,74,346,371,276,55,367,73,152,357,109,335,75,59,196,194,343,195,63,220,70,215,33,347,166,64,173,170,401,34,143,354,144,149,151,353,222,407,406,150,227,405,163,233,190,192,226,228,221,82,225,235,234,352,84,85,83,366,232,176,303,53,350,86,177,189,365,345,364,363,302,362,219,167,81,14,175,11,10,13,32,31,80,180,174,349,181,348,12,217,218,188,216,361,183,481,179,301,79,182,427,16,430,487,429,428,0,15,455,445,19,450,448,1,453,260,484,446,464,442,485,432,439,456,479,438,451,431,449,447,470,467,28,436,452,458,465,462,473,461,422,20,433,476,488,257,468,471,437,256,474,477,459,454,517,457,509,259,423,444,258,480,482,486,483,506,187,508,359,21,185,186,184,22,24,23,25,360,26,528,498,30,29,425,27,322,324,489,325,388,323,510,526,527,391,499,390,490,503,525,515,321,389,504,505,426,507,434,500,435,497,523,524,424,529,533,516,501,101,513,514,102,511,103,512,519,502,330,327,329,518,520,522,494,326,521,331,2,328,530,493,495,534,536,531,535,532,491,492,496,
402,369,403,404,309,69,241,311,250,254,305,308,310,306,253,304,255,247,252,246,251,410,243,242,249,248,240,245,466,478,244,463,475,90,368,295,419,469,472,307,312,460,417,293,298,297,376,286,421,409,375,281,287,239,300,292,290,299,443,420,338,198,373,214,211,418,415,339,209,203,269,416,157,210,202,204,398,205,201,200,207,208,291,289,288,206,98,212,213,387,50,334,88,385,372,384,280,383,414,178,263,262,393,395,52,49,337,93,272,441,146,48,171,164,332,47,381,165,392,294,382,41,386,45,285,44,51,284,397,396,380,378,379,147,46,278,283,282,270,394,296,36,145,38,224,35,37,39,279,66,40,43,162,42,399,400,156,94,9,230,3,333,77,100,78,440,172,265,199,197,107,161,317,264,261,266,336,129,160,58,126,229,7,112,236,155,340,237,95,238,128,154,119,223,159,122,158,273,8,127,140,193,116,91,118,168,4,169,6,142,138,123,120,104,132,135,137,133,136,358,97,124,106,111,108,139,131,141,113,92,313,117,61,105,341,411,318,319,54,99,342,274,408,315,344,314,62,148,60,320,268,356,316,267,96,351,18,153,114,57,413,134,412,121,125,130,231,115,110,5,56,191,271,65,67,72,355,277,87,89,68,76,71,370,374,17,377,275,74,346,371,276,367,55,152,73,357,109,75,335,59,196,194,343,63,195,220,33,215,70,347,166,64,173,170,143,34,401,354,144,149,151,222,353,150,407,406,227,405,163,192,190,233,221,226,228,225,82,235,234,352,366,85,83,84,303,176,232,53,86,350,189,365,177,345,364,302,167,362,363,219,175,14,81,11,13,32,10,174,80,180,31,349,181,348,12,218,188,216,217,361,183,179,481,79,301,182,427,16,430,487,428,429,15,0,455,445,450,19,448,1,260,453,464,484,446,442,485,432,439,456,479,438,451,431,447,449,470,467,28,436,452,462,458,465,473,461,422,20,488,433,476,257,437,477,474,459,468,471,256,454,517,457,509,444,259,423,258,486,480,482,483,506,187,508,359,21,185,184,22,186,24,23,25,360,26,528,498,29,425,27,30,322,489,324,323,388,325,526,510,527,503,490,390,391,525,499,515,321,505,504,389,507,426,434,500,435,523,497,424,533,524,516,529,101,501,513,511,103,514,102,512,519,502,327,330,518,329,522,521,520,494,326,331,328,2,536,492,534,495,530,531,535,496,491,493,532,
402,369,403,404,309,69,241,311,250,254,305,308,310,306,253,304,255,247,252,246,251,410,243,242,248,249,240,245,466,478,244,463,90,368,475,295,419,469,472,307,312,460,417,293,298,297,376,286,421,409,375,281,287,239,300,292,290,299,443,420,338,198,373,214,211,418,415,339,203,209,416,269,157,210,202,398,204,205,201,200,207,208,291,289,288,98,206,212,213,50,387,334,88,385,372,384,383,280,414,178,263,262,393,395,52,49,337,93,272,441,146,48,171,164,332,47,381,165,392,294,44,382,45,285,41,386,51,284,397,396,378,380,379,147,46,278,283,282,394,270,296,36,145,38,224,37,35,39,40,66,279,43,162,42,399,400,156,94,9,230,3,333,77,78,100,440,172,265,199,197,107,161,317,264,261,266,336,58,129,160,126,229,7,112,236,155,340,95,237,238,128,154,119,223,159,8,273,122,158,127,193,116,140,91,118,168,4,169,6,142,132,104,123,120,135,138,97,133,137,136,358,124,106,111,108,139,141,131,113,92,313,117,318,341,411,61,105,319,54,342,99,274,408,315,314,344,148,60,62,320,268,356,96,316,267,18,153,351,114,134,412,57,413,121,130,231,125,115,110,56,5,72,271,191,67,65,277,355,87,89,76,68,370,71,17,374,377,275,74,346,276,371,367,55,73,152,357,109,75,335,59,196,343,194,195,63,220,70,215,33,347,166,64,173,170,143,34,401,354,144,151,149,353,222,406,150,407,227,405,163,190,228,233,221,192,226,225,82,235,234,352,366,84,83,85,232,176,303,53,350,86,177,189,365,364,345,219,362,302,363,167,14,175,81,11,10,32,13,180,31,174,80,181,349,348,12,217,218,216,188,361,183,179,481,301,79,182,427,16,430,487,429,428,15,0,455,445,450,19,1,448,453,260,484,446,464,442,485,432,439,479,456,438,431,451,449,447,467,470,28,452,436,458,465,462,473,422,461,20,488,433,476,257,256,459,437,474,468,477,471,454,517,457,509,423,259,444,258,480,482,486,483,506,187,508,359,21,185,186,24,23,184,22,25,360,26,528,498,27,30,29,425,324,322,489,388,323,325,510,526,527,499,391,490,525,503,390,515,321,504,389,505,507,426,500,434,435,497,523,516,529,524,424,533,101,501,514,511,513,103,102,512,519,502,330,329,518,327,494,520,521,522,326,331,2,328,530,492,491,536,496,535,493,534,495,532,531,
402,369,403,404,309,69,241,311,250,254,305,308,310,306,253,304,255,247,252,246,251,410,243,242,249,248,240,245,466,478,244,463,90,475,368,295,419,469,472,307,312,460,417,293,298,297,376,286,421,409,375,281,287,239,300,292,290,299,443,420,338,198,373,214,211,418,415,339,203,209,416,269,157,202,210,204,398,205,201,200,207,208,291,289,288,98,206,212,213,387,50,334,88,385,372,384,383,280,414,178,262,263,393,395,52,49,337,93,441,272,146,48,171,164,332,47,392,165,381,294,386,382,285,45,41,44,51,397,284,379,378,396,380,147,278,46,283,282,270,394,296,36,145,38,224,37,35,39,66,279,40,43,162,42,399,400,156,94,9,230,3,333,77,100,78,440,172,265,199,197,107,161,317,264,261,266,336,58,129,160,126,229,7,112,236,155,340,95,238,237,119,154,128,223,159,122,158,8,273,127,140,193,116,91,118,4,168,169,6,142,104,135,123,138,120,132,137,133,97,358,136,106,124,111,139,108,131,141,113,92,313,117,411,341,105,318,61,319,99,342,54,274,408,315,344,314,62,148,60,320,268,267,316,96,356,351,153,18,134,114,57,121,412,413,130,231,125,115,5,56,110,191,72,271,67,65,87,355,277,89,68,76,370,374,17,71,377,74,275,346,371,276,367,55,73,152,357,109,335,75,59,196,194,343,63,195,220,215,33,70,347,166,173,64,170,34,143,401,354,144,149,151,222,353,150,407,406,227,163,405,192,233,190,221,228,226,82,225,234,235,352,83,84,85,366,303,176,232,53,86,350,189,177,365,364,345,363,302,167,219,362,175,81,14,11,10,13,32,80,180,174,31,181,349,12,348,217,188,216,218,361,183,179,481,301,79,182,427,16,430,487,429,428,15,0,455,445,450,19,448,1,453,260,464,484,446,485,442,432,439,456,479,451,431,438,447,449,467,470,28,452,436,462,458,465,473,422,461,20,488,476,433,257,474,256,459,471,477,437,468,454,517,457,509,444,423,259,258,486,482,480,483,506,187,508,359,21,185,22,24,23,186,184,25,360,26,528,498,425,29,27,30,489,322,324,388,323,325,510,526,527,503,391,490,499,390,525,515,321,504,389,505,507,426,500,434,435,523,497,529,516,524,424,533,501,101,102,513,512,514,511,103,519,502,518,329,330,327,494,522,326,521,520,331,2,328,534,493,495,531,532,535,530,491,496,492,536,
402,369,403,404,309,69,241,311,250,254,305,308,310,306,253,304,255,247,252,246,251,410,243,242,248,249,240,245,466,478,244,463,368,475,90,295,419,469,472,307,312,460,417,293,297,298,376,286,421,409,375,281,287,239,300,292,290,299,443,420,338,198,373,214,211,418,415,339,209,203,416,269,157,210,202,398,204,205,201,200,207,208,291,289,288,206,98,212,213,50,387,334,88,385,372,384,280,383,414,178,262,263,393,395,52,49,337,93,441,272,146,48,171,164,332,47,392,381,165,294,386,382,285,45,41,44,284,51,397,396,379,378,380,147,278,46,283,282,270,394,296,36,145,38,224,37,35,39,279,40,66,43,162,42,399,400,156,94,230,9,3,333,77,100,78,440,172,265,199,197,107,161,317,264,261,266,336,160,58,129,126,229,7,236,112,155,340,95,237,238,119,128,154,223,159,273,158,122,8,127,193,140,116,91,118,4,168,6,169,142,132,138,120,104,123,135,133,136,97,137,358,106,124,111,108,139,131,113,141,313,92,117,61,411,341,105,318,319,99,274,54,342,315,408,314,344,148,62,60,320,316,356,268,267,96,153,18,351,121,134,412,114,413,57,231,115,125,130,56,110,5,72,191,65,271,67,87,277,355,89,68,76,374,370,377,71,17,74,275,346,276,371,367,55,152,73,357,109,75,335,59,196,343,194,195,63,220,215,33,70,347,166,173,64,170,401,34,143,354,144,151,149,353,222,407,406,150,405,227,163,226,228,221,192,233,190,82,225,234,235,352,83,85,366,84,176,303,53,232,350,86,189,365,177,364,345,167,362,302,219,363,14,81,175,11,10,32,13,80,31,174,180,181,349,12,348,218,217,188,216,361,183,179,481,301,79,182,427,16,430,487,428,429,15,0,455,445,19,450,1,448,453,260,446,464,484,442,485,439,432,456,479,451,431,438,449,447,467,470,28,436,452,462,465,458,473,461,422,20,433,488,476,257,471,256,474,477,437,468,459,454,517,457,509,259,444,423,258,480,482,486,483,506,187,508,359,21,185,22,23,24,186,184,25,360,26,498,528,30,29,27,425,489,324,322,388,325,323,510,526,527,503,391,490,499,525,390,515,321,505,504,389,507,426,434,500,435,497,523,424,529,516,524,533,501,101,103,514,102,513,511,512,519,502,518,327,329,330,520,326,494,522,521,328,2,331,530,493,492,496,495,491,531,536,532,535,534,
402,369,403,404,309,69,241,311,250,254,305,310,308,306,253,304,255,247,252,246,251,410,243,242,249,248,240,245,466,478,244,463,475,368,90,295,419,469,472,307,312,460,417,293,298,297,376,286,421,409,375,281,287,239,300,292,290,299,443,420,338,198,373,214,211,415,418,339,203,209,416,269,157,210,202,398,204,205,201,200,208,207,291,289,288,98,206,212,213,50,387,334,88,385,372,384,280,383,414,178,262,263,393,395,52,49,337,93,441,272,146,48,171,164,332,47,165,392,381,294,44,382,45,386,41,285,284,51,397,380,378,396,379,147,46,278,283,282,270,394,296,145,36,38,224,35,37,39,40,66,279,43,162,42,399,400,156,94,9,230,3,333,77,78,100,440,172,265,199,197,161,107,317,264,261,266,336,160,129,58,126,229,7,155,236,112,340,237,238,95,154,128,119,223,159,122,8,273,158,127,116,193,140,91,118,168,4,6,169,142,104,123,120,132,138,135,133,97,137,358,136,106,124,108,111,139,131,141,113,92,313,117,318,341,61,105,411,319,274,99,342,54,408,315,344,314,62,148,60,320,96,267,268,356,316,18,351,153,121,413,412,57,134,114,115,125,231,130,5,110,56,67,191,271,72,65,87,355,277,89,76,68,377,71,17,370,374,275,346,74,276,371,367,55,152,73,357,109,335,75,59,196,194,343,63,195,220,70,33,215,166,347,173,64,170,143,401,34,354,144,149,151,222,353,407,406,150,227,163,405,233,226,190,228,221,192,225,82,234,235,352,366,85,83,84,53,176,232,303,86,350,177,365,189,364,345,219,167,363,302,362,14,81,175,11,32,13,10,180,174,80,31,349,181,12,348,218,217,188,216,361,183,179,481,301,79,182,427,16,430,487,429,428,15,0,455,445,450,19,1,448,260,453,464,484,446,442,485,439,432,456,479,431,451,438,449,447,467,470,28,452,436,462,465,458,473,461,422,20,476,488,433,257,437,256,477,468,471,474,459,454,517,457,509,423,259,444,258,482,480,486,483,506,187,508,359,21,185,22,184,186,23,24,25,360,26,498,528,30,425,27,29,489,322,324,323,325,388,510,526,527,499,503,390,391,525,490,515,321,504,505,389,507,426,434,500,435,497,523,516,529,524,424,533,501,101,102,103,513,512,514,511,519,502,327,329,330,518,520,494,522,521,326,2,328,331,493,530,535,496,534,492,536,531,491,495,532,
402,369,403,404,309,69,241,311,250,254,305,310,308,306,253,304,255,247,252,246,251,410,243,242,249,248,240,245,466,478,244,463,475,90,368,295,419,469,472,307,312,460,417,293,298,297,376,286,421,375,409,281,287,239,300,292,290,299,443,420,338,198,373,214,211,418,415,339,203,209,269,416,157,202,210,398,204,205,201,200,208,207,291,289,288,98,206,212,213,50,387,334,88,385,372,384,383,280,414,178,263,262,393,395,52,49,337,93,272,441,48,146,171,164,332,47,392,381,165,294,44,386,41,382,285,45,51,284,397,378,379,380,396,147,46,278,283,282,394,270,296,36,145,38,224,37,35,39,40,66,279,43,162,42,399,400,156,94,9,230,3,333,77,78,100,440,172,265,199,197,161,107,317,261,264,266,336,58,129,160,126,229,7,155,236,112,340,237,95,238,119,128,154,223,159,158,8,273,122,127,116,140,193,91,118,168,4,6,169,142,120,132,123,138,104,135,97,137,136,358,133,106,124,108,111,139,141,131,113,313,92,117,318,411,341,105,61,319,274,54,99,342,408,315,344,314,148,60,62,320,356,267,268,316,96,18,153,351,134,413,121,114,57,412,231,125,130,115,56,5,110,65,67,72,271,191,277,355,87,89,76,68,17,374,377,370,71,275,346,74,276,371,367,55,152,73,357,109,75,335,59,196,343,194,195,63,220,33,70,215,166,347,64,173,170,401,143,34,354,144,149,151,222,353,407,150,406,227,405,163,226,228,192,190,221,233,82,225,234,235,352,83,366,84,85,303,176,232,53,350,86,365,177,189,364,345,363,219,167,362,302,14,81,175,11,10,13,32,180,80,31,174,181,349,12,348,218,216,188,217,361,183,179,481,79,301,182,427,16,430,487,429,428,0,15,455,445,450,19,1,448,260,453,484,446,464,485,442,439,432,456,479,431,451,438,449,447,467,470,28,436,452,465,458,462,473,461,422,20,476,433,488,257,477,468,437,474,471,256,459,454,517,457,509,259,423,444,258,486,480,482,483,506,187,508,359,21,185,184,23,22,24,186,25,360,26,498,528,30,425,27,29,489,322,324,388,325,323,526,510,527,391,503,525,390,490,499,515,321,505,389,504,426,507,434,500,435,523,497,533,424,529,516,524,101,501,512,511,103,513,102,514,519,502,327,518,330,329,520,326,521,522,494,331,2,328,491,495,493,536,532,535,492,531,530,534,496,
402,369,403,404,309,69,241,311,250,254,305,308,310,306,253,304,255,247,252,246,251,410,243,242,249,248,240,245,466,478,244,463,368,475,90,295,419,469,472,307,312,460,417,293,298,297,376,286,421,375,409,281,287,239,300,292,290,299,443,420,338,198,373,214,211,415,418,339,203,209,269,416,157,210,202,398,204,205,201,200,207,208,291,289,288,206,98,212,213,50,387,334,88,385,372,384,383,280,414,178,262,263,393,395,52,49,337,93,272,441,48,146,171,164,332,47,392,381,165,294,44,41,386,285,382,45,397,51,284,380,396,379,378,147,46,278,283,282,394,270,296,36,145,38,224,35,37,39,279,40,66,43,162,42,399,400,156,94,9,230,3,333,77,78,100,440,172,265,199,197,161,107,317,264,261,266,336,160,129,58,126,229,7,112,236,155,340,237,95,238,128,154,119,223,159,158,8,273,122,127,116,140,193,91,118,168,4,6,169,142,132,135,104,120,138,123,358,97,137,136,133,106,124,108,111,139,131,141,113,313,92,117,318,105,341,61,411,319,99,274,54,342,408,315,314,344,60,62,148,320,96,316,356,267,268,18,153,351,412,114,413,134,57,121,130,115,231,125,5,110,56,72,191,65,271,67,87,355,277,89,76,68,374,17,377,370,71,275,346,74,371,276,367,55,152,73,357,109,335,75,59,196,194,343,195,63,220,70,215,33,347,166,64,173,170,401,143,34,354,144,149,151,353,222,150,406,407,405,163,227,221,233,192,190,228,226,82,225,234,235,352,83,85,84,366,53,176,232,303,86,350,365,177,189,345,364,362,167,302,219,363,81,175,14,11,32,10,13,174,180,80,31,349,181,12,348,188,218,216,217,361,183,481,179,301,79,182,427,16,430,487,428,429,15,0,455,445,450,19,448,1,260,453,484,464,446,442,485,432,439,479,456,451,431,438,447,449,470,467,28,452,436,465,458,462,473,422,461,20,488,476,433,257,474,468,471,477,256,459,437,454,517,457,509,259,444,423,258,482,486,480,483,506,187,508,359,21,185,22,184,186,24,23,25,360,26,498,528,30,29,27,425,489,322,324,323,388,325,510,526,527,390,499,503,391,490,525,515,321,389,505,504,426,507,434,500,435,497,523,533,424,529,516,524,101,501,511,102,514,513,512,103,519,502,327,330,329,518,522,326,494,521,520,2,331,328,535,496,495,530,536,492,493,491,534,531,532,
402,369,403,404,309,69,241,311,250,254,305,308,310,306,253,304,255,247,252,246,251,410,243,242,249,248,240,245,466,478,244,463,475,90,368,295,419,469,472,307,312,460,417,293,297,298,376,286,421,375,409,281,287,239,300,292,290,299,443,420,338,198,373,214,211,418,415,339,203,209,416,269,157,210,202,398,204,205,201,200,207,208,291,289,288,98,206,212,213,50,387,334,88,385,372,384,383,280,414,178,263,262,393,395,52,49,337,93,441,272,48,146,171,164,332,47,381,165,392,294,382,41,44,45,386,285,284,397,51,378,396,379,380,147,46,278,283,282,394,270,296,145,36,38,224,35,37,39,40,66,279,43,162,42,399,400,156,94,9,230,3,333,77,100,78,440,172,265,199,197,161,107,317,261,264,266,336,58,129,160,126,229,7,112,155,236,340,237,95,238,154,119,128,223,159,122,273,8,158,127,140,116,193,91,118,4,168,6,169,142,104,120,123,135,138,132,97,133,137,136,358,106,124,111,139,108,141,131,113,313,92,117,61,105,318,411,341,319,274,342,54,99,408,315,314,344,60,62,148,320,96,316,268,356,267,18,153,351,121,57,134,413,412,114,115,125,130,231,110,56,5,191,67,72,65,271,87,277,355,89,68,76,17,370,377,374,71,275,346,74,371,276,367,55,73,152,357,109,75,335,59,196,343,194,195,63,220,33,215,70,347,166,173,64,170,401,143,34,354,144,151,149,353,222,406,407,150,227,405,163,233,226,221,190,228,192,225,82,235,234,352,85,83,84,366,53,303,176,232,86,350,189,177,365,364,345,302,167,362,219,363,175,81,14,11,13,32,10,80,180,31,174,181,349,12,348,188,217,216,218,361,183,481,179,79,301,182,427,16,430,487,429,428,0,15,455,445,19,450,1,448,453,260,484,446,464,442,485,432,439,479,456,451,431,438,447,449,467,470,28,436,452,462,458,465,473,422,461,20,433,476,488,257,256,474,477,468,459,471,437,454,517,457,509,444,259,423,258,482,486,480,483,506,187,508,359,21,185,22,186,23,184,24,25,360,26,498,528,425,29,27,30,322,324,489,325,388,323,526,510,527,490,499,525,503,391,390,515,321,504,505,389,426,507,434,500,435,523,497,516,524,533,529,424,501,101,513,102,512,103,514,511,519,502,518,330,329,327,520,494,521,522,326,331,328,2,491,495,493,535,530,536,531,492,496,532,534,
402,369,403,404,309,69,241,311,250,254,305,308,310,306,253,304,255,247,252,246,251,410,243,242,249,248,240,245,466,478,244,463,90,368,475,295,419,469,472,307,312,460,417,293,297,298,376,286,421,375,409,281,287,239,300,292,290,299,443,420,338,198,373,214,211,415,418,339,203,209,269,416,157,210,202,398,204,205,201,200,207,208,291,289,288,98,206,212,213,50,387,334,88,385,372,384,280,383,414,178,262,263,393,395,52,49,337,93,272,441,48,146,171,164,332,47,381,165,392,294,285,41,386,45,382,44,51,284,397,396,380,378,379,147,46,278,283,282,394,270,296,36,145,38,224,35,37,39,40,279,66,43,162,42,399,400,156,94,9,230,3,333,77,78,100,440,172,265,199,197,107,161,317,264,261,266,336,160,58,129,126,229,7,112,236,155,340,95,237,238,154,119,128,223,159,122,273,158,8,127,116,140,193,91,118,4,168,6,169,142,132,138,120,123,104,135,358,136,133,97,137,124,106,108,139,111,113,131,141,92,117,313,411,61,105,318,341,319,274,54,342,99,315,408,314,344,62,60,148,320,268,356,267,316,96,18,351,153,413,114,121,134,412,57,115,130,231,125,5,110,56,271,191,67,65,72,355,277,87,89,76,68,377,370,71,17,374,74,346,275,371,276,55,367,152,73,357,109,335,75,59,196,194,343,195,63,220,70,215,33,347,166,64,173,170,143,401,34,354,144,151,149,353,222,406,407,150,405,163,227,190,221,233,228,192,226,82,225,234,235,352,83,366,84,85,53,232,303,176,86,350,177,365,189,364,345,167,363,302,362,219,175,81,14,11,32,13,10,180,80,31,174,181,349,12,348,218,216,188,217,361,183,179,481,79,301,182,427,16,430,487,428,429,0,15,455,445,19,450,1,448,453,260,446,464,484,442,485,439,432,479,456,431,438,451,449,447,470,467,28,436,452,458,465,462,473,461,422,20,433,476,488,257,471,477,256,459,437,468,474,454,517,457,509,259,444,423,258,480,482,486,483,506,187,508,359,21,185,186,24,23,184,22,25,360,26,498,528,425,30,29,27,322,324,489,325,323,388,510,526,527,503,525,390,499,391,490,515,321,504,505,389,507,426,434,500,435,497,523,516,424,524,529,533,501,101,512,514,102,513,103,511,519,502,329,518,330,327,520,494,522,521,326,328,2,331,535,532,492,534,495,496,491,531,530,536,493,
402,369,403,404,309,69,241,311,250,254,305,308,310,306,253,304,255,247,252,246,251,410,243,242,249,248,240,245,466,478,244,463,475,368,90,295,419,469,472,307,312,460,417,293,298,297,376,286,421,375,409,281,287,239,300,292,290,299,443,420,338,198,373,214,211,418,415,339,209,203,416,269,157,210,202,204,398,205,201,200,208,207,291,289,288,98,206,212,213,50,387,334,88,385,372,384,383,280,414,178,263,262,393,395,52,49,337,93,272,441,48,146,171,164,332,47,381,165,392,294,285,44,41,382,386,45,51,284,397,378,380,396,379,147,278,46,283,282,394,270,296,145,36,38,224,37,35,39,66,279,40,43,162,42,399,156,400,94,230,9,3,333,77,78,100,440,172,265,199,197,107,161,317,264,261,266,336,160,58,129,126,229,7,236,112,155,340,238,237,95,119,154,128,223,159,8,273,122,158,127,116,193,140,91,118,168,4,6,169,142,120,123,104,135,138,132,97,136,133,358,137,106,124,139,108,111,113,131,141,313,117,92,61,318,105,341,411,319,274,99,54,342,315,408,314,344,62,148,60,320,267,268,356,316,96,351,153,18,114,412,121,134,413,57,130,231,125,115,5,110,56,271,191,65,67,72,355,87,277,89,68,76,377,374,370,17,71,275,346,74,276,371,367,55,73,152,357,109,335,75,59,196,343,194,195,63,220,215,70,33,347,166,173,64,170,34,143,401,354,144,151,149,353,222,406,407,150,227,405,163,221,192,226,228,190,233,225,82,235,234,352,83,84,366,85,303,232,53,176,350,86,189,177,365,345,364,362,167,302,363,219,175,14,81,11,13,10,32,80,31,174,180,349,181,348,12,217,218,216,188,361,183,481,179,301,79,182,427,16,430,487,429,428,0,15,455,445,450,19,448,1,453,260,464,484,446,442,485,439,432,479,456,438,451,431,449,447,470,467,28,452,436,462,458,465,473,422,461,20,433,476,488,257,256,474,437,459,468,477,471,454,517,457,509,259,423,444,258,482,486,480,483,506,187,508,359,21,185,186,23,184,24,22,25,360,26,528,498,29,27,30,425,322,489,324,325,323,388,526,510,527,490,390,503,499,525,391,515,321,505,389,504,426,507,434,500,435,497,523,516,533,524,529,424,101,501,513,102,511,512,103,514,519,502,518,327,330,329,521,520,522,494,326,331,328,2,492,495,534,536,532,531,535,496,491,493,530,
402,369,403,404,309,69,241,311,250,254,305,310,308,306,253,304,255,247,252,246,251,410,243,242,248,249,240,245,466,478,244,463,475,368,90,295,419,469,472,307,312,460,417,293,297,298,376,286,421,409,375,281,287,239,300,292,290,299,443,420,338,198,373,214,211,415,418,339,209,203,416,269,157,210,202,398,204,205,201,200,208,207,291,289,288,206,98,212,213,50,387,334,88,385,372,384,280,383,414,178,262,263,393,395,52,49,337,93,272,441,48,146,171,164,332,47,165,392,381,294,45,44,41,382,386,285,51,284,397,379,396,380,378,147,278,46,283,282,394,270,296,145,36,38,224,37,35,39,279,66,40,43,162,42,399,156,400,94,9,230,3,333,77,78,100,440,172,265,199,197,107,161,317,264,261,266,336,129,160,58,126,229,7,112,155,236,340,238,95,237,128,154,119,223,159,8,122,158,273,127,116,193,140,91,118,168,4,6,169,142,132,104,138,123,135,120,133,358,137,136,97,124,106,108,139,111,131,113,141,92,117,313,61,318,341,411,105,319,342,99,274,54,408,315,314,344,62,148,60,320,316,356,96,268,267,153,351,18,413,57,114,121,412,134,125,130,231,115,5,110,56,191,67,72,271,65,87,355,277,89,68,76,370,377,17,374,71,74,346,275,371,276,55,367,73,152,357,109,75,335,59,196,343,194,195,63,220,70,33,215,347,166,64,173,170,401,143,34,354,144,151,149,353,222,406,407,150,405,163,227,221,190,233,226,228,192,82,225,235,234,352,83,85,84,366,176,232,53,303,86,350,365,177,189,364,345,362,167,302,363,219,81,14,175,11,10,13,32,180,174,31,80,181,349,12,348,188,217,216,218,361,183,481,179,79,301,182,427,16,430,487,428,429,0,15,455,445,450,19,448,1,453,260,484,446,464,442,485,432,439,479,456,451,431,438,449,447,470,467,28,452,436,462,458,465,473,461,422,20,433,476,488,257,437,471,477,256,474,468,459,454,517,457,509,423,444,259,258,486,482,480,483,506,187,508,359,21,185,186,184,22,23,24,25,360,26,528,498,29,27,30,425,322,324,489,325,323,388,510,526,527,490,391,525,499,390,503,515,321,389,504,505,426,507,500,434,435,523,497,516,424,524,533,529,501,101,513,512,511,103,514,102,519,502,327,518,330,329,494,326,521,520,522,328,331,2,535,531,496,532,534,491,493,492,495,530,536,
402,369,403,404,309,69,241,311,250,254,305,308,310,306,253,304,255,247,252,246,251,410,243,242,249,248,240,245,466,478,244,463,368,90,475,295,419,469,472,307,312,460,417,293,297,298,376,286,421,375,409,281,287,239,300,292,290,299,443,420,338,198,373,214,211,418,415,339,203,209,269,416,157,210,202,204,398,205,201,200,208,207,291,289,288,206,98,212,213,50,387,334,88,385,372,384,280,383,414,178,262,263,393,395,52,49,337,93,441,272,146,48,171,164,332,47,392,165,381,294,382,386,285,45,41,44,51,284,397,378,396,379,380,147,46,278,283,282,394,270,296,36,145,38,224,35,37,39,66,40,279,43,162,42,399,400,156,94,9,230,3,333,77,78,100,440,172,265,199,197,161,107,317,261,264,266,336,129,160,58,126,229,7,155,112,236,340,237,95,238,119,128,154,223,159,122,273,158,8,127,193,116,140,91,118,168,4,6,169,142,123,104,120,138,135,132,133,97,137,358,136,106,124,139,111,108,113,141,131,117,92,313,411,318,61,341,105,319,342,99,54,274,315,408,344,314,148,62,60,320,267,268,96,316,356,351,18,153,57,121,412,134,114,413,125,130,115,231,56,110,5,191,65,271,67,72,87,277,355,89,68,76,71,377,374,370,17,275,74,346,371,276,367,55,73,152,357,109,335,75,59,196,343,194,195,63,220,215,70,33,347,166,64,173,170,143,34,401,354,144,149,151,222,353,406,407,150,405,163,227,221,233,226,228,192,190,82,225,235,234,352,84,85,83,366,232,53,303,176,350,86,189,365,177,345,364,219,363,302,362,167,14,175,81,11,10,32,13,80,31,174,180,181,349,12,348,218,216,188,217,361,183,481,179,79,301,182,427,16,430,487,429,428,15,0,455,445,19,450,1,448,453,260,484,446,464,442,485,432,439,456,479,431,451,438,447,449,470,467,28,436,452,462,458,465,473,461,422,20,488,433,476,257,459,468,471,474,256,477,437,454,517,457,509,259,444,423,258,482,486,480,483,506,187,508,359,21,185,22,184,24,186,23,25,360,26,498,528,29,30,425,27,324,489,322,325,323,388,510,526,527,391,390,490,499,503,525,515,321,504,505,389,426,507,434,500,435,497,523,524,424,533,516,529,101,501,514,513,511,102,103,512,519,502,327,330,518,329,522,494,520,521,326,328,331,2,493,536,534,530,496,531,495,535,532,492,491,
402,369,403,404,309,69,241,311,250,254,305,310,308,306,253,304,255,247,252,246,251,410,243,242,248,249,240,245,466,478,244,463,475,90,368,295,419,469,472,307,312,460,417,293,297,298,376,286,421,409,375,281,287,239,300,292,290,299,443,420,338,198,373,214,211,415,418,339,203,209,269,416,157,202,210,398,204,205,201,200,208,207,291,289,288,206,98,212,213,387,50,334,88,385,372,384,383,280,414,178,263,262,393,395,52,49,337,93,441,272,48,146,171,164,332,47,392,381,165,294,382,44,41,386,45,285,51,284,397,396,380,378,379,147,278,46,283,282,394,270,296,36,145,38,224,35,37,39,279,40,66,43,162,42,399,156,400,94,230,9,3,333,77,78,100,440,172,265,199,197,161,107,317,264,261,266,336,129,58,160,126,229,7,236,112,155,340,237,95,238,119,128,154,223,159,8,273,158,122,127,193,116,140,91,118,4,168,6,169,142,132,104,135,123,120,138,136,133,97,137,358,106,124,111,139,108,141,113,131,313,92,117,341,61,105,318,411,319,99,342,274,54,315,408,344,314,148,62,60,320,356,316,267,96,268,18,153,351,413,412,57,114,121,134,115,130,125,231,5,110,56,72,191,67,65,271,277,355,87,89,76,68,374,17,370,71,377,275,346,74,276,371,55,367,73,152,357,109,75,335,59,196,343,194,195,63,220,70,215,33,347,166,173,64,170,401,34,143,354,144,151,149,353,222,406,150,407,405,227,163,226,228,192,233,190,221,225,82,235,234,352,84,85,366,83,303,232,53,176,86,350,365,177,189,364,345,167,302,219,362,363,81,175,14,11,10,13,32,31,174,180,80,349,181,348,12,216,217,188,218,361,183,179,481,79,301,182,427,16,430,487,429,428,0,15,455,445,19,450,1,448,453,260,484,464,446,442,485,439,432,479,456,438,451,431,447,449,470,467,28,436,452,462,465,458,473,422,461,20,476,433,488,257,468,437,471,459,474,477,256,454,517,457,509,423,444,259,258,486,480,482,483,506,187,508,359,21,185,184,23,24,22,186,25,360,26,528,498,30,29,425,27,324,322,489,323,388,325,526,510,527,503,525,490,499,391,390,515,321,504,505,389,507,426,500,434,435,497,523,533,516,529,424,524,101,501,511,103,513,512,514,102,519,502,330,327,518,329,521,522,520,326,494,331,328,2,532,495,496,534,491,493,492,535,531,536,530,
402,369,403,404,309,69,241,311,250,254,305,310,308,306,253,304,255,247,252,246,251,410,243,242,248,249,240,245,466,478,244,463,90,368,475,295,419,469,472,307,312,460,417,293,297,298,376,286,421,409,375,281,287,239,300,292,290,299,443,420,338,198,373,214,211,418,415,339,203,209,269,416,157,202,210,398,204,205,201,200,207,208,291,289,288,98,206,212,213,387,50,334,88,385,372,384,383,280,414,178,263,262,393,395,52,49,337,93,441,272,48,146,171,164,332,47,392,381,165,294,386,382,41,45,285,44,51,397,284,378,380,379,396,147,46,278,283,282,394,270,296,145,36,38,224,37,35,39,40,279,66,43,162,42,399,156,400,94,9,230,3,333,77,78,100,440,172,265,199,197,107,161,317,261,264,266,336,58,160,129,126,229,7,155,236,112,340,95,237,238,154,119,128,223,159,273,122,8,158,127,193,116,140,91,118,168,4,6,169,142,132,104,135,138,123,120,137,133,358,97,136,124,106,108,139,111,113,141,131,117,313,92,318,411,61,341,105,319,342,54,274,99,408,315,344,314,62,148,60,320,356,268,267,316,96,351,18,153,121,57,413,412,114,134,130,231,115,125,110,5,56,191,65,72,271,67,87,277,355,89,76,68,71,17,374,370,377,74,275,346,371,276,367,55,152,73,357,109,335,75,59,196,194,343,195,63,220,33,70,215,347,166,173,64,170,34,401,143,354,144,151,149,353,222,407,150,406,405,227,163,221,233,228,190,192,226,225,82,235,234,352,83,84,85,366,53,232,303,176,350,86,189,365,177,364,345,167,302,363,219,362,175,81,14,11,13,10,32,180,174,80,31,181,349,348,12,188,218,217,216,361,183,481,179,301,79,182,427,16,430,487,428,429,0,15,455,445,450,19,448,1,260,453,464,446,484,485,442,432,439,456,479,431,451,438,449,447,470,467,28,436,452,462,458,465,473,461,422,20,488,433,476,257,477,437,474,468,471,256,459,454,517,457,509,259,444,423,258,480,486,482,483,506,187,508,359,21,185,23,24,186,22,184,25,360,26,498,528,27,29,425,30,324,322,489,323,388,325,526,510,527,391,390,525,503,499,490,515,321,389,505,504,426,507,434,500,435,497,523,529,424,524,516,533,101,501,512,514,103,513,102,511,519,502,330,329,327,518,326,494,522,520,521,2,328,331,530,532,536,492,491,535,495,531,493,496,534,
402,369,403,404,309,69,241,311,250,254,305,310,308,306,253,304,255,247,252,246,251,410,243,242,248,249,240,245,466,478,244,463,368,475,90,295,419,469,472,307,312,460,417,293,297,298,376,286,421,375,409,281,287,239,300,292,290,299,443,420,338,198,373,214,211,415,418,339,203,209,416,269,157,202,210,398,204,205,201,200,207,208,291,289,288,206,98,212,213,50,387,334,88,385,372,384,383,280,414,178,263,262,393,395,52,49,337,93,441,272,146,48,171,164,332,47,381,392,165,294,41,386,285,44,45,382,397,284,51,380,396,379,378,147,278,46,283,282,394,270,296,145,36,38,224,37,35,39,279,40,66,43,162,42,399,156,400,94,230,9,3,333,77,78,100,440,172,265,199,197,107,161,317,261,264,266,336,58,129,160,126,229,7,155,112,236,340,95,237,238,128,119,154,223,159,8,158,122,273,127,193,140,116,91,118,4,168,6,169,142,123,120,138,132,135,104,133,136,97,137,358,106,124,108,111,139,131,113,141,117,92,313,411,318,61,341,105,319,99,342,274,54,408,315,344,314,60,62,148,320,316,356,267,268,96,351,153,18,57,114,412,121,134,413,125,231,130,115,56,5,110,72,271,67,65,191,355,277,87,89,76,68,370,17,374,71,377,275,346,74,276,371,367,55,73,152,357,109,75,335,59,196,343,194,195,63,220,70,33,215,347,166,64,173,170,401,34,143,354,144,151,149,353,222,150,407,406,227,405,163,221,228,190,226,192,233,225,82,235,234,352,366,85,84,83,53,176,303,232,86,350,177,189,365,345,364,302,219,363,362,167,175,14,81,11,32,10,13,80,180,31,174,181,349,348,12,217,218,188,216,361,183,179,481,79,301,182,427,16,430,487,429,428,15,0,455,445,19,450,448,1,260,453,464,484,446,442,485,439,432,479,456,451,438,431,447,449,467,470,28,436,452,465,462,458,473,461,422,20,488,433,476,257,477,459,468,471,437,474,256,454,517,457,509,423,259,444,258,486,480,482,483,506,187,508,359,21,185,24,22,23,184,186,25,360,26,528,498,30,27,29,425,489,324,322,388,323,325,510,526,527,490,503,499,391,390,525,515,321,504,389,505,507,426,434,500,435,523,497,524,516,533,424,529,501,101,513,514,103,512,102,511,519,502,518,329,327,330,326,522,494,521,520,2,328,331,492,531,493,536,535,491,495,532,530,496,534,
402,369,403,404,309,69,241,311,250,254,305,308,310,306,253,304,255,247,252,246,251,410,243,242,248,249,240,245,466,478,244,463,368,90,475,295,419,469,472,307,312,460,417,293,298,297,376,286,421,409,375,281,287,239,300,292,290,299,443,420,338,198,373,214,211,415,418,339,203,209,416,269,157,210,202,398,204,205,201,200,207,208,291,289,288,98,206,212,213,50,387,334,88,385,372,384,280,383,414,178,263,262,393,395,52,49,337,93,441,272,146,48,171,164,332,47,392,381,165,294,285,44,382,45,386,41,397,284,51,378,379,396,380,147,278,46,283,282,394,270,296,145,36,38,224,37,35,39,66,40,279,43,162,42,399,400,156,94,230,9,3,333,77,78,100,440,172,265,199,197,161,107,317,261,264,266,336,160,58,129,126,229,7,155,112,236,340,238,237,95,119,128,154,223,159,158,122,8,273,127,193,140,116,91,118,168,4,6,169,142,135,132,120,123,138,104,136,137,358,97,133,124,106,111,108,139,141,131,113,313,92,117,318,341,105,411,61,319,274,99,54,342,315,408,344,314,62,60,148,320,356,96,267,316,268,18,351,153,134,121,412,57,413,114,130,115,231,125,110,5,56,72,67,271,65,191,277,355,87,89,68,76,377,374,17,71,370,275,74,346,371,276,55,367,73,152,357,109,335,75,59,196,194,343,195,63,220,70,33,215,166,347,173,64,170,401,143,34,354,144,149,151,353,222,407,150,406,163,227,405,226,221,233,190,192,228,82,225,234,235,352,83,85,366,84,303,232,176,53,350,86,189,365,177,345,364,302,363,219,362,167,14,81,175,11,13,32,10,174,31,180,80,349,181,12,348,188,217,218,216,361,183,179,481,301,79,182,427,16,430,487,429,428,0,15,455,445,450,19,448,1,260,453,464,484,446,442,485,439,432,456,479,438,431,451,447,449,470,467,28,452,436,458,462,465,473,461,422,20,488,433,476,257,459,437,256,474,471,477,468,454,517,457,509,423,444,259,258,480,486,482,483,506,187,508,359,21,185,23,22,186,24,184,25,360,26,498,528,425,29,27,30,322,324,489,325,388,323,510,526,527,490,499,503,525,391,390,515,321,505,389,504,507,426,500,434,435,497,523,529,533,516,424,524,101,501,511,103,513,514,102,512,519,502,329,330,327,518,522,326,521,520,494,2,328,331,536,496,532,495,491,530,531,493,535,534,492,
402,369,403,404,309,69,241,311,250,254,305,310,308,306,253,304,255,247,252,246,251,410,243,242,248,249,240,245,466,478,244,463,368,90,475,295,419,469,472,307,312,460,417,293,297,298,376,286,421,409,375,281,287,239,300,292,290,299,443,420,338,198,373,214,211,415,418,339,203,209,269,416,157,210,202,398,204,205,201,200,208,207,291,289,288,206,98,212,213,50,387,334,88,385,372,384,383,280,414,178,262,263,393,395,52,49,337,93,272,441,48,146,171,164,332,47,392,381,165,294,386,285,45,41,44,382,397,51,284,396,380,379,378,147,46,278,283,282,270,394,296,145,36,38,224,35,37,39,279,66,40,43,162,42,399,156,400,94,230,9,3,333,77,78,100,440,172,265,199,197,107,161,317,261,264,266,336,58,160,129,126,229,7,155,236,112,340,237,238,95,128,154,119,223,159,273,158,8,122,127,140,193,116,91,118,168,4,6,169,142,135,123,132,138,104,120,97,136,358,133,137,124,106,139,111,108,131,113,141,117,313,92,318,105,61,411,341,319,99,342,274,54,315,408,314,344,148,62,60,320,356,268,267,316,96,18,351,153,134,413,121,412,114,57,231,115,125,130,56,110,5,191,65,67,271,72,277,355,87,89,76,68,374,377,370,71,17,275,346,74,276,371,367,55,152,73,357,109,75,335,59,196,343,194,63,195,220,70,33,215,347,166,64,173,170,401,143,34,354,144,149,151,222,353,406,407,150,163,227,405,233,190,226,228,221,192,225,82,235,234,352,83,85,366,84,176,232,53,303,86,350,189,365,177,364,345,302,362,219,167,363,14,81,175,11,32,13,10,174,31,80,180,181,349,12,348,216,218,188,217,361,183,179,481,79,301,182,427,16,430,487,429,428,0,15,455,445,450,19,1,448,453,260,446,484,464,485,442,439,432,456,479,451,438,431,449,447,467,470,28,452,436,458,465,462,473,461,422,20,433,488,476,257,471,477,474,437,468,459,256,454,517,457,509,259,444,423,258,482,486,480,483,506,187,508,359,21,185,184,22,24,186,23,25,360,26,528,498,425,30,27,29,324,322,489,323,388,325,510,526,527,490,391,503,525,499,390,515,321,505,504,389,507,426,500,434,435,497,523,533,524,424,529,516,501,101,102,103,512,514,513,511,519,502,518,329,327,330,522,521,326,494,520,2,328,331,496,532,535,536,531,495,492,491,530,534,493,
402,369,403,404,309,69,241,311,250,254,305,308,310,306,253,304,255,247,252,246,251,410,243,242,249,248,240,245,466,478,244,463,90,368,475,295,419,469,472,307,312,460,417,293,298,297,376,286,421,375,409,281,287,239,300,292,290,299,443,420,338,198,373,214,211,418,415,339,203,209,416,269,157,210,202,204,398,205,201,200,207,208,291,289,288,206,98,212,213,50,387,334,88,385,372,384,280,383,414,178,263,262,393,395,52,49,337,93,441,272,48,146,171,164,332,47,392,381,165,294,44,45,382,285,41,386,397,51,284,380,396,379,378,147,278,46,283,282,270,394,296,145,36,38,224,37,35,39,279,66,40,43,162,42,399,400,156,94,9,230,3,333,77,100,78,440,172,265,199,197,107,161,317,264,261,266,336,58,160,129,126,229,7,112,236,155,340,95,237,238,128,154,119,223,159,273,158,122,8,127,116,140,193,91,118,4,168,6,169,142,104,132,135,123,138,120,97,133,137,358,136,124,106,108,139,111,131,113,141,92,117,313,61,341,105,411,318,319,342,54,274,99,408,315,314,344,148,62,60,320,268,96,316,356,267,351,153,18,134,121,114,412,413,57,130,231,115,125,56,5,110,72,271,191,65,67,87,355,277,89,68,76,374,17,370,377,71,275,346,74,371,276,55,367,152,73,357,109,335,75,59,196,194,343,63,195,220,70,33,215,166,347,64,173,170,34,143,401,354,144,149,151,222,353,406,407,150,227,163,405,221,228,192,190,226,233,82,225,235,234,352,366,83,84,85,53,303,232,176,86,350,189,365,177,345,364,167,362,219,363,302,81,175,14,11,10,13,32,80,31,180,174,181,349,12,348,216,217,218,188,361,183,481,179,79,301,182,427,16,430,487,429,428,15,0,455,445,19,450,1,448,453,260,484,464,446,485,442,439,432,456,479,451,431,438,449,447,467,470,28,452,436,462,465,458,473,461,422,20,433,488,476,257,256,474,459,471,468,437,477,454,517,457,509,259,423,444,258,482,480,486,483,506,187,508,359,21,185,23,22,24,184,186,25,360,26,498,528,30,29,27,425,489,322,324,388,323,325,510,526,527,525,391,503,499,490,390,515,321,389,505,504,507,426,500,434,435,523,497,529,524,533,424,516,101,501,514,512,103,513,102,511,519,502,518,330,329,327,494,520,521,326,522,2,328,331,534,532,531,491,530,493,496,492,536,535,495,
402,369,403,404,309,69,241,311,250,254,305,310,308,306,253,304,255,247,252,246,251,410,243,242,248,249,240,245,466,478,244,463,475,368,90,295,419,469,472,307,312,460,417,293,297,298,376,286,421,375,409,281,287,239,300,292,290,299,443,420,338,198,373,214,211,415,418,339,203,209,269,416,157,202,210,398,204,205,201,200,208,207,291,289,288,98,206,212,213,50,387,334,88,385,372,384,383,280,414,178,263,262,393,395,52,49,337,93,441,272,48,146,171,164,332,47,392,381,165,294,44,382,45,41,386,285,397,51,284,380,379,378,396,147,46,278,283,282,270,394,296,36,145,38,224,35,37,39,40,279,66,43,162,42,399,156,400,94,9,230,3,333,77,78,100,440,172,265,199,197,107,161,317,264,261,266,336,160,129,58,126,229,7,112,236,155,340,95,238,237,154,119,128,223,159,122,158,8,273,127,193,116,140,91,118,4,168,6,169,142,135,120,104,123,132,138,136,97,133,137,358,124,106,111,108,139,141,113,131,92,117,313,411,105,341,61,318,319,342,274,99,54,315,408,314,344,62,148,60,320,268,356,96,267,316,351,153,18,413,121,114,57,412,134,231,115,125,130,56,5,110,65,67,271,72,191,87,277,355,89,68,76,17,374,370,71,377,346,74,275,276,371,367,55,152,73,357,109,75,335,59,196,194,343,195,63,220,215,33,70,166,347,173,64,170,401,143,34,354,144,149,151,353,222,407,406,150,163,227,405,226,190,221,192,228,233,225,82,235,234,352,366,84,83,85,303,53,232,176,86,350,365,189,177,345,364,167,362,363,302,219,175,81,14,11,10,13,32,80,174,31,180,349,181,12,348,217,188,218,216,361,183,179,481,79,301,182,427,16,430,487,428,429,0,15,455,445,19,450,448,1,453,260,484,464,446,485,442,432,439,479,456,451,431,438,449,447,470,467,28,436,452,462,465,458,473,422,461,20,476,433,488,257,459,474,468,477,471,256,437,454,517,457,509,423,444,259,258,486,482,480,483,506,187,508,359,21,185,186,184,23,24,22,25,360,26,528,498,425,27,29,30,322,324,489,325,388,323,510,526,527,391,525,499,503,490,390,515,321,389,504,505,507,426,434,500,435,523,497,424,533,524,529,516,501,101,103,102,511,512,513,514,519,502,330,329,327,518,521,520,522,494,326,2,331,328,530,536,495,534,532,535,496,491,493,492,531,
402,369,403,404,309,69,241,311,250,254,305,308,310,306,253,304,255,247,252,246,251,410,243,242,248,249,240,245,466,478,244,463,90,368,475,295,419,469,472,307,312,460,417,293,298,297,376,286,421,375,409,281,287,239,300,292,290,299,443,420,338,198,373,214,211,415,418,339,209,203,269,416,157,210,202,204,398,205,201,200,208,207,291,289,288,206,98,212,213,387,50,334,88,385,372,384,280,383,414,178,263,262,393,395,52,49,337,93,272,441,146,48,171,164,332,47,165,392,381,294,382,45,44,386,41,285,51,397,284,380,396,379,378,147,278,46,283,282,270,394,296,145,36,38,224,37,35,39,40,279,66,43,162,42,399,400,156,94,9,230,3,333,77,100,78,440,172,265,199,197,161,107,317,261,264,266,336,160,129,58,126,229,7,112,236,155,340,95,238,237,119,154,128,223,159,8,158,273,122,127,116,193,140,91,118,4,168,169,6,142,132,104,120,135,138,123,137,358,133,97,136,106,124,139,108,111,113,131,141,313,92,117,411,341,318,61,105,319,54,274,99,342,315,408,314,344,60,148,62,320,268,316,267,356,96,153,351,18,121,413,412,57,134,114,125,130,231,115,5,110,56,67,65,72,271,191,87,277,355,89,68,76,377,17,71,374,370,74,346,275,371,276,367,55,73,152,357,109,75,335,59,196,343,194,195,63,220,70,215,33,166,347,64,173,170,34,143,401,354,144,151,149,222,353,406,150,407,227,405,163,226,233,221,190,228,192,82,225,235,234,352,84,85,83,366,232,53,176,303,86,350,365,189,177,364,345,362,219,302,363,167,175,81,14,11,10,32,13,80,180,31,174,181,349,348,12,218,217,188,216,361,183,179,481,79,301,182,427,16,430,487,428,429,0,15,455,445,450,19,1,448,260,453,446,484,464,485,442,432,439,479,456,431,451,438,447,449,470,467,28,436,452,462,465,458,473,461,422,20,433,476,488,257,477,474,256,468,459,437,471,454,517,457,509,259,423,444,258,486,480,482,483,506,187,508,359,21,185,23,184,24,186,22,25,360,26,528,498,30,425,27,29,324,489,322,323,325,388,526,510,527,390,490,525,503,391,499,515,321,505,389,504,426,507,434,500,435,497,523,533,524,529,516,424,501,101,512,102,513,511,514,103,519,502,327,330,518,329,494,521,522,326,520,328,2,331,531,491,535,530,492,536,493,534,495,496,532,
402,369,403,404,309,69,241,311,250,254,305,308,310,306,253,304,255,247,252,246,251,410,243,242,248,249,240,245,466,478,244,463,90,368,475,295,419,469,472,307,312,460,417,293,297,298,376,286,421,375,409,281,287,239,300,292,290,299,443,420,338,198,373,214,211,418,415,339,203,209,269,416,157,210,202,398,204,205,201,200,207,208,291,289,288,98,206,212,213,387,50,334,88,385,372,384,280,383,414,178,262,263,393,395,52,49,337,93,441,272,146,48,171,164,332,47,165,392,381,294,41,44,386,382,285,45,51,397,284,379,396,380,378,147,46,278,283,282,270,394,296,36,145,38,224,35,37,39,40,279,66,43,162,42,399,400,156,94,9,230,3,333,77,100,78,440,172,265,199,197,161,107,317,261,264,266,336,129,160,58,126,229,7,112,236,155,340,237,95,238,128,119,154,223,159,8,273,158,122,127,116,193,140,91,118,4,168,169,6,142,123,120,138,104,132,135,133,358,97,137,136,124,106,139,108,111,113,141,131,313,92,117,318,61,341,105,411,319,99,54,274,342,315,408,344,314,60,62,148,320,316,267,356,268,96,351,153,18,57,134,121,413,114,412,130,231,115,125,5,110,56,72,65,271,191,67,355,277,87,89,76,68,377,71,17,374,370,346,275,74,371,276,55,367,152,73,357,109,335,75,59,196,343,194,195,63,220,33,70,215,166,347,64,173,170,34,143,401,354,144,149,151,353,222,150,407,406,163,227,405,226,221,192,190,228,233,225,82,234,235,352,85,84,83,366,232,176,303,53,350,86,177,189,365,364,345,167,363,302,362,219,175,81,14,11,10,13,32,174,31,180,80,181,349,348,12,216,218,188,217,361,183,481,179,301,79,182,427,16,430,487,428,429,0,15,455,445,450,19,1,448,453,260,484,446,464,442,485,432,439,456,479,431,438,451,449,447,467,470,28,436,452,458,462,465,473,461,422,20,476,488,433,257,459,477,474,471,437,468,256,454,517,457,509,423,259,444,258,486,480,482,483,506,187,508,359,21,185,23,22,24,184,186,25,360,26,528,498,29,27,30,425,322,324,489,323,325,388,526,510,527,391,490,525,390,503,499,515,321,389,505,504,507,426,500,434,435,523,497,533,529,524,516,424,501,101,514,511,102,512,513,103,519,502,329,518,330,327,494,522,520,521,326,328,331,2,534,495,531,492,536,535,496,493,491,532,530,
402,369,403,404,309,69,241,311,250,254,305,308,310,306,253,304,255,247,252,246,251,410,243,242,248,249,240,245,466,478,244,463,90,475,368,295,419,469,472,307,312,460,417,293,298,297,376,286,421,375,409,281,287,239,300,292,290,299,443,420,338,198,373,214,211,418,415,339,209,203,416,269,157,202,210,398,204,205,201,200,208,207,291,289,288,98,206,212,213,387,50,334,88,385,372,384,280,383,414,178,263,262,393,395,52,49,337,93,441,272,146,48,171,164,332,47,392,381,165,294,382,41,45,285,386,44,397,284,51,380,378,379,396,147,278,46,283,282,270,394,296,145,36,38,224,37,35,39,40,279,66,43,162,42,399,156,400,94,230,9,3,333,77,78,100,440,172,265,199,197,107,161,317,261,264,266,336,58,160,129,126,229,7,112,236,155,340,238,95,237,128,119,154,223,159,122,158,273,8,127,116,193,140,91,118,168,4,169,6,142,135,138,123,132,104,120,133,97,358,137,136,124,106,139,108,111,141,131,113,92,313,117,318,411,105,341,61,319,54,99,274,342,408,315,314,344,60,148,62,320,268,267,356,96,316,18,153,351,413,134,57,114,121,412,130,115,125,231,110,5,56,72,67,65,191,271,87,355,277,89,76,68,374,377,71,17,370,74,275,346,371,276,55,367,152,73,357,109,335,75,59,196,343,194,195,63,220,33,70,215,166,347,173,64,170,143,34,401,354,144,149,151,353,222,406,150,407,405,163,227,192,190,228,226,221,233,225,82,234,235,352,85,83,366,84,232,303,176,53,350,86,365,189,177,345,364,362,363,167,302,219,175,14,81,11,10,32,13,174,31,180,80,181,349,12,348,188,217,218,216,361,183,179,481,79,301,182,427,16,430,487,428,429,0,15,455,445,19,450,1,448,453,260,484,446,464,442,485,432,439,456,479,451,431,438,447,449,467,470,28,436,452,465,462,458,473,422,461,20,488,433,476,257,477,468,459,256,437,471,474,454,517,457,509,423,259,444,258,480,486,482,483,506,187,508,359,21,185,24,22,184,23,186,25,360,26,498,528,29,27,30,425,322,489,324,325,388,323,526,510,527,499,525,490,390,391,503,515,321,389,505,504,507,426,500,434,435,497,523,516,529,424,533,524,501,101,513,103,511,102,512,514,519,502,327,329,330,518,521,522,494,326,520,328,2,331,491,496,535,495,493,530,536,534,492,532,531,
402,369,403,404,309,69,241,311,250,254,305,308,310,306,253,304,255,247,252,246,251,410,243,242,249,248,240,245,466,478,244,463,90,475,368,295,419,469,472,307,312,460,417,293,298,297,376,286,421,409,375,281,287,239,300,292,290,299,443,420,338,198,373,214,211,415,418,339,209,203,416,269,157,210,202,398,204,205,201,200,208,207,291,289,288,206,98,212,213,387,50,334,88,385,372,384,280,383,414,178,263,262,393,395,52,49,337,93,272,441,48,146,171,164,332,47,392,381,165,294,285,45,41,382,44,386,51,284,397,378,380,379,396,147,46,278,283,282,270,394,296,145,36,38,224,35,37,39,40,279,66,43,162,42,399,156,400,94,9,230,3,333,77,100,78,440,172,265,199,197,161,107,317,261,264,266,336,129,58,160,126,229,7,112,236,155,340,238,95,237,154,119,128,223,159,158,122,273,8,127,140,193,116,91,118,168,4,169,6,142,123,135,132,104,120,138,358,133,97,136,137,124,106,111,139,108,141,131,113,313,92,117,105,411,341,318,61,319,274,342,54,99,315,408,344,314,62,60,148,320,96,267,316,268,356,351,18,153,114,57,412,413,121,134,125,115,130,231,5,110,56,72,67,271,191,65,87,277,355,89,68,76,17,374,71,377,370,275,74,346,371,276,55,367,73,152,357,109,75,335,59,196,194,343,195,63,220,70,215,33,347,166,64,173,170,34,401,143,354,144,149,151,353,222,407,150,406,163,405,227,226,221,233,228,190,192,82,225,235,234,352,84,366,83,85,176,303,232,53,350,86,365,177,189,364,345,302,219,167,362,363,175,81,14,11,13,10,32,80,180,31,174,349,181,348,12,217,188,216,218,361,183,481,179,79,301,182,427,16,430,487,429,428,15,0,455,445,450,19,448,1,453,260,446,464,484,442,485,439,432,456,479,431,438,451,447,449,470,467,28,436,452,462,458,465,473,422,461,20,476,433,488,257,437,459,468,471,477,474,256,454,517,457,509,259,444,423,258,480,486,482,483,506,187,508,359,21,185,22,186,23,24,184,25,360,26,528,498,425,29,27,30,324,322,489,323,325,388,526,510,527,390,391,490,503,525,499,515,321,505,504,389,507,426,434,500,435,523,497,529,516,524,424,533,101,501,513,514,512,511,103,102,519,502,330,518,329,327,520,522,326,494,521,2,328,331,491,493,532,496,535,531,530,492,495,534,536,
402,369,403,404,309,69,241,311,250,254,305,308,310,306,253,304,255,247,252,246,251,410,243,242,248,249,240,245,466,478,244,463,475,90,368,295,419,469,472,307,312,460,417,293,298,297,376,286,421,409,375,281,287,239,300,292,290,299,443,420,338,198,373,214,211,415,418,339,203,209,269,416,157,202,210,204,398,205,201,200,208,207,291,289,288,206,98,212,213,387,50,334,88,385,372,384,383,280,414,178,263,262,393,395,52,49,337,93,441,272,48,146,171,164,332,47,165,392,381,294,41,285,45,382,44,386,284,397,51,379,380,396,378,147,46,278,283,282,394,270,296,36,145,38,224,37,35,39,40,279,66,43,162,42,399,400,156,94,230,9,3,333,77,78,100,440,172,265,199,197,161,107,317,261,264,266,336,160,129,58,126,229,7,112,236,155,340,95,237,238,128,154,119,223,159,273,122,8,158,127,140,193,116,91,118,168,4,6,169,142,123,138,135,132,104,120,358,136,137,97,133,124,106,139,108,111,113,131,141,117,92,313,105,61,341,411,318,319,274,342,54,99,408,315,344,314,62,148,60,320,316,96,267,356,268,153,18,351,134,114,412,413,57,121,115,125,130,231,5,56,110,72,191,271,65,67,277,355,87,89,76,68,17,374,71,370,377,74,275,346,276,371,367,55,73,152,357,109,75,335,59,196,343,194,195,63,220,70,33,215,166,347,173,64,170,34,143,401,354,144,151,149,222,353,407,150,406,405,227,163,233,226,192,228,221,190,225,82,235,234,352,366,84,83,85,303,232,53,176,350,86,365,177,189,345,364,362,219,167,302,363,175,81,14,11,13,10,32,80,180,174,31,349,181,12,348,218,217,188,216,361,183,481,179,301,79,182,427,16,430,487,429,428,0,15,455,445,450,19,1,448,260,453,484,446,464,442,485,439,432,479,456,451,438,431,447,449,470,467,28,436,452,465,462,458,473,422,461,20,433,476,488,257,474,437,471,459,477,468,256,454,517,457,509,259,423,444,258,486,482,480,483,506,187,508,359,21,185,186,184,23,22,24,25,360,26,528,498,425,27,29,30,324,489,322,323,325,388,526,510,527,390,503,525,499,391,490,515,321,505,389,504,426,507,434,500,435,523,497,516,533,524,424,529,101,501,514,103,511,513,512,102,519,502,330,327,329,518,494,522,521,326,520,2,331,328,491,492,536,531,532,496,534,535,495,493,530,
402,369,403,404,309,69,241,311,250,254,305,308,310,306,253,304,255,247,252,246,251,410,243,242,248,249,240,245,466,478,244,463,475,90,368,295,419,469,472,307,312,460,417,293,298,297,376,286,421,409,375,281,287,239,300,292,290,299,443,420,338,198,373,214,211,418,415,339,209,203,416,269,157,210,202,204,398,205,201,200,208,207,291,289,288,206,98,212,213,387,50,334,88,385,372,384,280,383,414,178,263,262,393,395,52,49,337,93,441,272,146,48,171,164,332,47,392,381,165,294,382,285,386,41,45,44,284,51,397,380,396,379,378,147,46,278,283,282,394,270,296,36,145,38,224,35,37,39,66,40,279,43,162,42,399,156,400,94,9,230,3,333,77,100,78,440,172,265,199,197,161,107,317,264,261,266,336,160,58,129,126,229,7,155,112,236,340,237,95,238,119,128,154,223,159,122,273,8,158,127,116,193,140,91,118,168,4,6,169,142,123,120,104,135,132,138,358,97,136,133,137,124,106,108,139,111,131,141,113,313,92,117,61,318,105,411,341,319,342,274,99,54,315,408,314,344,60,62,148,320,356,96,316,268,267,351,18,153,413,114,121,412,134,57,125,130,115,231,110,56,5,191,271,67,72,65,355,87,277,89,68,76,17,377,370,374,71,74,275,346,276,371,367,55,152,73,357,109,335,75,59,196,194,343,63,195,220,33,70,215,166,347,173,64,170,34,401,143,354,144,151,149,222,353,407,150,406,405,163,227,233,221,228,226,192,190,225,82,235,234,352,85,366,84,83,176,53,232,303,350,86,365,189,177,364,345,302,219,362,363,167,175,81,14,11,32,10,13,180,80,174,31,181,349,12,348,217,188,218,216,361,183,179,481,79,301,182,427,16,430,487,429,428,15,0,455,445,450,19,1,448,260,453,464,446,484,485,442,432,439,479,456,431,451,438,449,447,470,467,28,452,436,458,465,462,473,422,461,20,488,433,476,257,437,474,477,459,256,471,468,454,517,457,509,444,259,423,258,486,482,480,483,506,187,508,359,21,185,184,186,24,23,22,25,360,26,498,528,27,30,29,425,324,489,322,388,325,323,526,510,527,499,525,503,391,390,490,515,321,504,389,505,507,426,434,500,435,497,523,529,533,516,424,524,101,501,103,514,511,512,513,102,519,502,330,518,329,327,494,522,326,521,520,331,328,2,496,535,491,536,492,532,534,530,531,495,493,
402,369,403,404,309,69,241,311,250,254,305,310,308,306,253,304,255,247,252,246,251,410,243,242,248,249,240,245,466,478,244,463,90,368,475,295,419,469,472,307,312,460,417,293,298,297,376,286,421,375,409,281,287,239,300,292,290,299,443,420,338,198,373,214,211,418,415,339,203,209,269,416,157,210,202,398,204,205,201,200,207,208,291,289,288,206,98,212,213,387,50,334,88,385,372,384,383,280,414,178,262,263,393,395,52,49,337,93,272,441,48,146,171,164,332,47,165,381,392,294,41,44,285,45,386,382,284,397,51,379,396,378,380,147,46,278,283,282,394,270,296,145,36,38,224,35,37,39,279,40,66,43,162,42,399,156,400,94,9,230,3,333,77,78,100,440,172,265,199,197,107,161,317,264,261,266,336,160,129,58,126,229,7,236,155,112,340,237,238,95,128,154,119,223,159,122,158,8,273,127,116,140,193,91,118,168,4,169,6,142,135,104,132,123,138,120,136,137,358,97,133,106,124,139,111,108,113,141,131,117,92,313,105,411,318,341,61,319,274,54,99,342,315,408,314,344,148,62,60,320,316,356,267,96,268,351,18,153,413,114,412,134,57,121,115,231,130,125,5,56,110,191,271,65,67,72,355,87,277,89,68,76,71,374,17,370,377,275,346,74,276,371,55,367,73,152,357,109,335,75,59,196,194,343,63,195,220,70,33,215,347,166,64,173,170,34,143,401,354,144,149,151,222,353,150,406,407,405,163,227,190,226,192,221,233,228,82,225,235,234,352,83,85,366,84,176,53,232,303,86,350,177,189,365,364,345,362,167,219,363,302,81,14,175,11,10,13,32,80,31,174,180,181,349,12,348,216,218,188,217,361,183,179,481,79,301,182,427,16,430,487,429,428,0,15,455,445,19,450,448,1,453,260,446,484,464,442,485,439,432,456,479,438,451,431,449,447,467,470,28,436,452,462,465,458,473,461,422,20,488,433,476,257,437,459,256,468,477,471,474,454,517,457,509,444,259,423,258,480,482,486,483,506,187,508,359,21,185,22,184,186,24,23,25,360,26,528,498,29,27,425,30,324,322,489,323,388,325,510,526,527,499,391,490,525,390,503,515,321,504,389,505,507,426,434,500,435,497,523,529,424,524,533,516,101,501,511,513,103,102,514,512,519,502,518,327,329,330,494,521,520,522,326,2,331,328,530,535,491,493,495,492,534,532,496,531,536,
402,369,403,404,309,69,241,311,250,254,305,310,308,306,253,304,255,247,252,246,251,410,243,242,248,249,240,245,466,478,244,463,475,90,368,295,419,469,472,307,312,460,417,293,297,298,376,286,421,409,375,281,287,239,300,292,290,299,443,420,338,198,373,214,211,415,418,339,203,209,416,269,157,210,202,204,398,205,201,200,208,207,291,289,288,206,98,212,213,50,387,334,88,385,372,384,383,280,414,178,262,263,393,395,52,49,337,93,441,272,146,48,171,164,332,47,165,392,381,294,44,45,41,285,386,382,284,51,397,380,379,396,378,147,278,46,283,282,394,270,296,36,145,38,224,37,35,39,40,279,66,43,162,42,399,156,400,94,9,230,3,333,77,78,100,440,172,265,199,197,107,161,317,261,264,266,336,58,129,160,126,229,7,155,236,112,340,237,238,95,119,154,128,223,159,273,158,8,122,127,116,193,140,91,118,4,168,6,169,142,104,123,138,135,120,132,358,136,137,97,133,124,106,139,108,111,113,141,131,313,117,92,411,61,341,105,318,319,274,54,342,99,315,408,314,344,62,148,60,320,356,268,267,316,96,153,18,351,121,114,413,57,412,134,231,115,130,125,5,56,110,65,271,72,67,191,277,87,355,89,68,76,17,374,377,71,370,275,346,74,276,371,55,367,152,73,357,109,335,75,59,196,343,194,63,195,220,33,215,70,166,347,64,173,170,143,401,34,354,144,149,151,353,222,407,150,406,163,405,227,190,228,233,192,221,226,82,225,234,235,352,366,84,85,83,176,53,303,232,86,350,177,365,189,364,345,302,363,362,219,167,175,81,14,11,13,32,10,180,31,80,174,349,181,12,348,188,216,217,218,361,183,179,481,79,301,182,427,16,430,487,429,428,15,0,455,445,19,450,1,448,260,453,446,484,464,442,485,439,432,456,479,451,431,438,447,449,467,470,28,452,436,465,458,462,473,422,461,20,488,433,476,257,471,474,477,437,468,459,256,454,517,457,509,444,259,423,258,482,486,480,483,506,187,508,359,21,185,23,186,184,22,24,25,360,26,498,528,29,27,30,425,322,324,489,323,325,388,526,510,527,525,390,499,391,490,503,515,321,505,504,389,426,507,500,434,435,497,523,529,516,424,524,533,501,101,102,512,103,513,511,514,519,502,327,330,329,518,521,494,520,326,522,328,2,331,531,534,535,536,492,532,491,496,495,530,493,
402,369,403,404,309,69,241,311,250,254,305,310,308,306,253,304,255,247,252,246,251,410,243,242,249,248,240,245,466,478,244,463,475,368,90,295,419,469,472,307,312,460,417,293,298,297,376,286,421,375,409,281,287,239,300,292,290,299,443,420,338,198,373,214,211,418,415,339,203,209,416,269,157,202,210,398,204,205,201,200,207,208,291,289,288,206,98,212,213,387,50,334,88,385,372,384,383,280,414,178,262,263,393,395,52,49,337,93,272,441,146,48,171,164,332,47,165,381,392,294,41,44,382,45,386,285,397,51,284,379,396,378,380,147,278,46,283,282,394,270,296,145,36,38,224,37,35,39,279,66,40,43,162,42,399,156,400,94,230,9,3,333,77,100,78,440,172,265,199,197,107,161,317,264,261,266,336,129,58,160,126,229,7,155,236,112,340,238,95,237,128,154,119,223,159,8,158,122,273,127,193,140,116,91,118,168,4,6,169,142,104,120,135,138,132,123,133,136,97,137,358,106,124,108,111,139,131,141,113,313,117,92,341,318,61,411,105,319,54,342,274,99,408,315,314,344,148,60,62,320,96,268,267,316,356,18,153,351,413,57,121,412,114,134,231,130,115,125,56,110,5,67,271,65,72,191,87,355,277,89,76,68,71,377,17,374,370,275,346,74,276,371,367,55,152,73,357,109,75,335,59,196,343,194,195,63,220,215,33,70,166,347,173,64,170,401,143,34,354,144,149,151,222,353,150,407,406,163,227,405,192,190,228,233,226,221,225,82,235,234,352,85,366,83,84,176,303,53,232,86,350,177,189,365,364,345,302,219,362,363,167,175,14,81,11,32,13,10,180,80,174,31,181,349,12,348,188,218,216,217,361,183,481,179,301,79,182,427,16,430,487,429,428,15,0,455,445,450,19,1,448,260,453,464,446,484,485,442,439,432,479,456,438,451,431,449,447,470,467,28,436,452,462,458,465,473,422,461,20,488,476,433,257,474,477,468,459,471,437,256,454,517,457,509,423,259,444,258,480,486,482,483,506,187,508,359,21,185,22,23,184,24,186,25,360,26,528,498,29,30,425,27,489,322,324,325,388,323,526,510,527,490,391,503,499,525,390,515,321,504,505,389,426,507,500,434,435,497,523,529,524,533,424,516,101,501,514,103,511,513,512,102,519,502,518,330,329,327,520,494,522,521,326,328,331,2,491,534,495,536,496,532,493,531,530,535,492,
402,369,403,404,309,69,241,311,250,254,305,308,310,306,253,304,255,247,252,246,251,410,243,242,248,249,240,245,466,478,244,463,475,368,90,295,419,469,472,307,312,460,417,293,298,297,376,286,421,409,375,281,287,239,300,292,290,299,443,420,338,198,373,214,211,418,415,339,203,209,269,416,157,202,210,204,398,205,201,200,208,207,291,289,288,206,98,212,213,387,50,334,88,385,372,384,383,280,414,178,263,262,393,395,52,49,337,93,272,441,48,146,171,164,332,47,165,392,381,294,285,44,45,41,386,382,397,284,51,379,380,396,378,147,46,278,283,282,270,394,296,145,36,38,224,35,37,39,40,66,279,43,162,42,399,156,400,94,9,230,3,333,77,100,78,440,172,265,199,197,107,161,317,261,264,266,336,129,160,58,126,229,7,236,112,155,340,238,95,237,154,128,119,223,159,122,273,8,158,127,116,140,193,91,118,168,4,169,6,142,120,138,132,104,123,135,136,137,133,97,358,106,124,111,108,139,113,141,131,92,117,313,341,61,318,411,105,319,99,342,274,54,315,408,314,344,60,62,148,320,96,268,316,267,356,153,18,351,114,121,134,57,412,413,125,115,231,130,5,56,110,191,65,67,72,271,87,355,277,89,68,76,377,17,370,374,71,74,346,275,371,276,55,367,152,73,357,109,75,335,59,196,343,194,63,195,220,33,215,70,166,347,173,64,170,143,401,34,354,144,151,149,353,222,407,150,406,405,163,227,221,192,233,228,190,226,225,82,234,235,352,83,85,84,366,232,53,303,176,350,86,365,177,189,364,345,167,363,219,362,302,175,14,81,11,13,32,10,174,80,31,180,181,349,348,12,216,217,188,218,361,183,481,179,79,301,182,427,16,430,487,429,428,0,15,455,445,19,450,448,1,453,260,484,464,446,442,485,439,432,456,479,451,438,431,449,447,467,470,28,452,436,458,465,462,473,461,422,20,433,488,476,257,474,459,468,437,256,471,477,454,517,457,509,444,259,423,258,486,482,480,483,506,187,508,359,21,185,22,23,24,184,186,25,360,26,528,498,30,27,29,425,324,322,489,325,323,388,526,510,527,490,390,525,391,499,503,515,321,389,504,505,426,507,434,500,435,523,497,424,516,533,529,524,101,501,514,511,512,103,513,102,519,502,329,327,330,518,522,520,326,494,521,331,328,2,530,534,535,495,536,532,496,491,493,492,531,
402,369,403,404,309,69,241,311,250,254,305,310,308,306,253,304,255,247,252,246,251,410,243,242,249,248,240,245,466,478,244,463,475,368,90,295,419,469,472,307,312,460,417,293,298,297,376,286,421,409,375,281,287,239,300,292,290,299,443,420,338,198,373,214,211,415,418,339,203,209,269,416,157,210,202,398,204,205,201,200,207,208,291,289,288,206,98,212,213,387,50,334,88,385,372,384,383,280,414,178,262,263,393,395,52,49,337,93,272,441,146,48,171,164,332,47,392,381,165,294,45,44,41,386,285,382,284,51,397,379,380,378,396,147,278,46,283,282,394,270,296,145,36,38,224,35,37,39,66,40,279,43,162,42,399,156,400,94,9,230,3,333,77,78,100,440,172,265,199,197,161,107,317,264,261,266,336,129,58,160,126,229,7,155,112,236,340,237,238,95,128,154,119,223,159,122,8,273,158,127,193,116,140,91,118,168,4,6,169,142,123,132,104,138,135,120,133,97,137,358,136,124,106,139,111,108,113,141,131,117,313,92,411,341,318,105,61,319,54,342,274,99,408,315,344,314,62,60,148,320,356,316,268,267,96,153,18,351,121,413,134,412,114,57,115,231,130,125,56,110,5,67,72,191,271,65,87,355,277,89,76,68,17,377,71,374,370,275,74,346,371,276,55,367,152,73,357,109,75,335,59,196,194,343,63,195,220,70,215,33,166,347,173,64,170,143,401,34,354,144,149,151,222,353,150,406,407,163,405,227,226,228,192,233,190,221,82,225,235,234,352,366,85,83,84,232,53,303,176,350,86,189,365,177,364,345,219,362,363,302,167,175,14,81,11,10,13,32,80,180,174,31,349,181,12,348,217,216,188,218,361,183,481,179,301,79,182,427,16,430,487,429,428,0,15,455,445,450,19,448,1,453,260,464,446,484,442,485,432,439,479,456,451,438,431,447,449,470,467,28,452,436,458,462,465,473,422,461,20,488,476,433,257,437,471,256,477,459,468,474,454,517,457,509,423,259,444,258,482,480,486,483,506,187,508,359,21,185,22,23,184,186,24,25,360,26,498,528,30,29,27,425,489,324,322,323,388,325,510,526,527,499,503,391,525,390,490,515,321,504,505,389,426,507,434,500,435,523,497,516,529,524,533,424,101,501,103,512,511,102,513,514,519,502,330,518,327,329,520,521,522,494,326,2,331,328,532,495,493,531,491,492,530,536,535,534,496,
402,369,403,404,309,69,241,311,250,254,305,308,310,306,253,304,255,247,252,246,251,410,243,242,249,248,240,245,466,478,244,463,90,368,475,295,419,469,472,307,312,460,417,293,298,297,376,286,421,375,409,281,287,239,300,292,290,299,443,420,338,198,373,214,211,415,418,339,209,203,416,269,157,202,210,204,398,205,201,200,208,207,291,289,288,206,98,212,213,50,387,334,88,385,372,384,280,383,414,178,262,263,393,395,52,49,337,93,272,441,146,48,171,164,332,47,165,392,381,294,45,285,41,44,382,386,284,397,51,379,380,378,396,147,46,278,283,282,270,394,296,145,36,38,224,37,35,39,66,279,40,43,162,42,399,156,400,94,230,9,3,333,77,100,78,440,172,265,199,197,161,107,317,264,261,266,336,160,129,58,126,229,7,155,112,236,340,95,237,238,154,128,119,223,159,158,8,122,273,127,140,116,193,91,118,168,4,6,169,142,104,120,123,135,138,132,136,137,97,358,133,106,124,139,108,111,131,141,113,92,117,313,318,105,341,411,61,319,274,342,99,54,408,315,314,344,148,60,62,320,267,268,356,316,96,351,153,18,57,134,121,412,114,413,125,231,115,130,5,56,110,67,191,271,65,72,277,355,87,89,68,76,370,374,71,17,377,346,74,275,276,371,367,55,73,152,357,109,335,75,59,196,343,194,63,195,220,215,70,33,166,347,173,64,170,143,401,34,354,144,149,151,353,222,407,150,406,163,227,405,190,228,192,221,226,233,82,225,234,235,352,83,366,84,85,176,53,232,303,350,86,189,365,177,364,345,219,302,167,362,363,14,81,175,11,32,13,10,80,180,31,174,349,181,12,348,188,216,218,217,361,183,179,481,79,301,182,427,16,430,487,428,429,15,0,455,445,450,19,448,1,260,453,484,464,446,485,442,432,439,479,456,438,431,451,449,447,467,470,28,436,452,465,458,462,473,461,422,20,488,433,476,257,471,459,477,256,474,437,468,454,517,457,509,423,259,444,258,482,480,486,483,506,187,508,359,21,185,186,24,23,184,22,25,360,26,498,528,30,27,425,29,489,324,322,388,325,323,526,510,527,499,391,503,390,525,490,515,321,505,504,389,507,426,434,500,435,523,497,516,424,524,529,533,101,501,514,513,511,512,103,102,519,502,327,518,329,330,521,522,520,494,326,2,331,328,534,535,530,536,532,531,492,491,493,496,495,
402,369,403,404,309,69,241,311,250,254,305,308,310,306,253,304,255,247,252,246,251,410,243,242,248,249,240,245,466,478,244,463,368,475,90,295,419,469,472,307,312,460,417,293,298,297,376,286,421,375,409,281,287,239,300,292,290,299,443,420,338,198,373,214,211,415,418,339,209,203,269,416,157,210,202,398,204,205,201,200,207,208,291,289,288,206,98,212,213,50,387,334,88,385,372,384,280,383,414,178,263,262,393,395,52,49,337,93,441,272,146,48,171,164,332,47,381,392,165,294,45,285,44,41,382,386,397,51,284,378,379,396,380,147,46,278,283,282,394,270,296,145,36,38,224,37,35,39,66,40,279,43,162,42,399,400,156,94,9,230,3,333,77,78,100,440,172,265,199,197,161,107,317,264,261,266,336,58,129,160,126,229,7,112,155,236,340,238,95,237,119,128,154,223,159,273,122,8,158,127,193,140,116,91,118,4,168,169,6,142,104,120,132,138,135,123,136,358,97,133,137,124,106,111,139,108,141,113,131,313,92,117,318,105,341,411,61,319,54,274,99,342,408,315,314,344,62,60,148,320,316,356,268,267,96,153,18,351,134,114,413,412,121,57,231,115,130,125,56,5,110,72,271,67,65,191,355,87,277,89,76,68,71,377,17,370,374,74,346,275,371,276,55,367,73,152,357,109,335,75,59,196,343,194,195,63,220,70,215,33,166,347,64,173,170,143,401,34,354,144,151,149,353,222,406,150,407,227,405,163,228,221,190,226,192,233,225,82,234,235,352,84,83,85,366,53,176,303,232,350,86,189,177,365,345,364,363,302,362,167,219,81,175,14,11,32,13,10,31,80,180,174,181,349,12,348,217,216,188,218,361,183,179,481,301,79,182,427,16,430,487,429,428,0,15,455,445,19,450,448,1,453,260,446,464,484,442,485,439,432,479,456,431,451,438,449,447,470,467,28,452,436,458,465,462,473,461,422,20,433,488,476,257,471,474,468,437,256,477,459,454,517,457,509,444,423,259,258,486,482,480,483,506,187,508,359,21,185,23,22,24,186,184,25,360,26,498,528,425,30,29,27,324,322,489,325,323,388,510,526,527,390,499,391,525,490,503,515,321,504,389,505,426,507,500,434,435,497,523,533,424,524,529,516,101,501,512,103,102,511,513,514,519,502,518,330,329,327,521,326,520,522,494,2,331,328,496,491,535,530,492,531,495,534,532,493,536,
402,369,403,404,309,69,241,311,250,254,305,310,308,306,253,304,255,247,252,246,251,410,243,242,249,248,240,245,466,478,244,463,368,90,475,295,419,469,472,307,312,460,417,293,297,298,376,286,421,409,375,281,287,239,300,292,290,299,443,420,338,198,373,214,211,415,418,339,209,203,416,269,157,202,210,204,398,205,201,200,208,207,291,289,288,206,98,212,213,50,387,334,88,385,372,384,280,383,414,178,263,262,393,395,52,49,337,93,441,272,146,48,171,164,332,47,392,381,165,294,44,45,285,382,386,41,284,397,51,379,396,380,378,147,278,46,283,282,270,394,296,145,36,38,224,35,37,39,40,66,279,43,162,42,399,400,156,94,230,9,3,333,77,78,100,440,172,265,199,197,107,161,317,261,264,266,336,58,129,160,126,229,7,236,155,112,340,237,238,95,128,154,119,223,159,158,8,273,122,127,193,140,116,91,118,168,4,6,169,142,135,123,120,104,132,138,136,97,137,358,133,106,124,111,108,139,141,113,131,117,313,92,341,105,411,318,61,319,99,274,342,54,408,315,344,314,62,148,60,320,356,96,268,267,316,351,18,153,413,121,412,134,114,57,231,115,130,125,110,56,5,271,72,191,67,65,87,277,355,89,68,76,374,17,370,71,377,74,275,346,276,371,367,55,152,73,357,109,335,75,59,196,343,194,195,63,220,70,33,215,347,166,64,173,170,401,143,34,354,144,151,149,222,353,150,407,406,227,405,163,233,228,192,226,190,221,82,225,235,234,352,84,83,366,85,232,53,303,176,350,86,365,177,189,345,364,363,219,302,362,167,14,175,81,11,32,13,10,80,31,174,180,349,181,12,348,218,217,188,216,361,183,179,481,79,301,182,427,16,430,487,428,429,0,15,455,445,19,450,1,448,453,260,484,446,464,485,442,432,439,456,479,431,438,451,447,449,470,467,28,452,436,465,458,462,473,461,422,20,488,476,433,257,477,256,471,468,437,459,474,454,517,457,509,444,423,259,258,486,480,482,483,506,187,508,359,21,185,23,24,186,184,22,25,360,26,528,498,30,425,27,29,324,322,489,388,325,323,510,526,527,390,490,499,391,525,503,515,321,389,504,505,507,426,500,434,435,497,523,516,533,424,529,524,101,501,511,512,513,103,102,514,519,502,327,329,518,330,494,520,326,522,521,331,2,328,535,491,536,493,534,495,532,531,530,496,492,
402,369,403,404,309,69,241,311,250,254,305,310,308,306,253,304,255,247,252,246,251,410,243,242,249,248,240,245,466,478,244,463,475,368,90,295,419,469,472,307,312,460,417,293,297,298,376,286,421,409,375,281,287,239,300,292,290,299,443,420,338,198,373,214,211,418,415,339,203,209,416,269,157,202,210,398,204,205,201,200,207,208,291,289,288,206,98,212,213,387,50,334,88,385,372,384,383,280,414,178,263,262,393,395,52,49,337,93,272,441,48,146,171,164,332,47,381,165,392,294,41,386,382,45,44,285,397,51,284,396,379,380,378,147,278,46,283,282,394,270,296,145,36,38,224,37,35,39,40,279,66,43,162,42,399,156,400,94,9,230,3,333,77,100,78,440,172,265,199,197,107,161,317,261,264,266,336,58,160,129,126,229,7,155,236,112,340,238,95,237,119,128,154,223,159,158,122,273,8,127,116,193,140,91,118,168,4,6,169,142,132,138,135,123,120,104,136,358,137,97,133,106,124,108,139,111,141,131,113,92,117,313,411,341,61,105,318,319,274,54,99,342,315,408,344,314,148,62,60,320,96,316,356,268,267,18,153,351,413,114,57,412,121,134,125,231,115,130,110,56,5,67,65,191,72,271,87,355,277,89,68,76,374,377,71,370,17,346,74,275,371,276,55,367,73,152,357,109,75,335,59,196,194,343,195,63,220,70,33,215,347,166,64,173,170,143,401,34,354,144,149,151,353,222,150,407,406,163,227,405,221,233,190,192,228,226,225,82,234,235,352,85,84,366,83,303,232,176,53,350,86,177,189,365,364,345,362,167,219,363,302,175,14,81,11,32,13,10,80,180,31,174,349,181,348,12,188,218,217,216,361,183,179,481,79,301,182,427,16,430,487,429,428,0,15,455,445,450,19,1,448,260,453,484,464,446,442,485,439,432,456,479,431,438,451,447,449,467,470,28,436,452,465,462,458,473,461,422,20,476,433,488,257,477,474,459,437,256,468,471,454,517,457,509,444,259,423,258,486,480,482,483,506,187,508,359,21,185,24,184,23,186,22,25,360,26,528,498,425,29,30,27,324,489,322,325,323,388,510,526,527,390,499,490,503,391,525,515,321,504,389,505,426,507,500,434,435,523,497,524,529,533,424,516,101,501,103,512,511,513,514,102,519,502,327,329,330,518,522,521,326,520,494,2,328,331,530,492,493,534,532,536,531,496,495,491,535,
402,369,403,404,309,69,241,311,250,254,305,308,310,306,253,304,255,247,252,246,251,410,243,242,248,249,240,245,466,478,244,463,90,368,475,295,419,469,472,307,312,460,417,293,297,298,376,286,421,409,375,281,287,239,300,292,290,299,443,420,338,198,373,214,211,415,418,339,209,203,416,269,157,210,202,204,398,205,201,200,208,207,291,289,288,98,206,212,213,387,50,334,88,385,372,384,383,280,414,178,262,263,393,395,52,49,337,93,441,272,48,146,171,164,332,47,165,381,392,294,386,382,41,44,45,285,397,51,284,379,378,396,380,147,278,46,283,282,394,270,296,145,36,38,224,35,37,39,279,66,40,43,162,42,399,156,400,94,230,9,3,333,77,78,100,440,172,265,199,197,107,161,317,264,261,266,336,160,58,129,126,229,7,112,155,236,340,95,237,238,128,154,119,223,159,8,158,273,122,127,193,140,116,91,118,4,168,6,169,142,123,132,135,120,138,104,136,358,133,97,137,124,106,139,111,108,141,131,113,117,313,92,318,411,105,61,341,319,54,99,274,342,408,315,344,314,60,148,62,320,316,268,267,356,96,18,351,153,134,114,413,57,121,412,115,231,130,125,56,5,110,65,191,67,72,271,277,355,87,89,76,68,377,71,17,374,370,275,346,74,276,371,55,367,73,152,357,109,335,75,59,196,194,343,195,63,220,215,70,33,347,166,173,64,170,401,34,143,354,144,151,149,353,222,150,407,406,163,227,405,226,228,221,190,192,233,225,82,235,234,352,366,83,85,84,176,232,53,303,86,350,177,365,189,345,364,219,302,362,167,363,81,175,14,11,10,13,32,80,31,180,174,349,181,348,12,218,188,217,216,361,183,179,481,301,79,182,427,16,430,487,428,429,15,0,455,445,450,19,1,448,453,260,484,446,464,485,442,439,432,479,456,451,431,438,449,447,467,470,28,452,436,458,465,462,473,461,422,20,433,488,476,257,477,459,437,471,474,256,468,454,517,457,509,259,423,444,258,486,480,482,483,506,187,508,359,21,185,184,22,186,23,24,25,360,26,528,498,30,27,425,29,322,324,489,388,323,325,510,526,527,525,490,390,503,391,499,515,321,505,389,504,507,426,500,434,435,523,497,424,524,516,533,529,101,501,513,102,512,511,514,103,519,502,518,329,330,327,521,522,326,520,494,331,328,2,491,536,495,493,534,532,535,492,496,531,530,
402,369,403,404,309,69,241,311,250,254,305,310,308,306,253,304,255,247,252,246,251,410,243,242,249,248,240,245,466,478,244,463,475,368,90,295,419,469,472,307,312,460,417,293,297,298,376,286,421,409,375,281,287,239,300,292,290,299,443,420,338,198,373,214,211,418,415,339,203,209,416,269,157,210,202,204,398,205,201,200,208,207,291,289,288,98,206,212,213,50,387,334,88,385,372,384,383,280,414,178,263,262,393,395,52,49,337,93,441,272,146,48,171,164,332,47,381,165,392,294,382,386,41,285,45,44,51,397,284,379,378,380,396,147,46,278,283,282,270,394,296,145,36,38,224,35,37,39,40,66,279,43,162,42,399,156,400,94,9,230,3,333,77,100,78,440,172,265,199,197,107,161,317,264,261,266,336,58,129,160,126,229,7,236,112,155,340,237,95,238,154,119,128,223,159,158,8,122,273,127,193,140,116,91,118,4,168,169,6,142,123,135,138,120,132,104,137,133,97,358,136,124,106,139,108,111,141,113,131,92,117,313,61,411,318,341,105,319,274,54,99,342,315,408,344,314,148,62,60,320,267,316,268,356,96,18,351,153,114,413,57,412,134,121,115,125,130,231,5,110,56,191,67,72,65,271,277,87,355,89,76,68,374,71,377,370,17,74,275,346,276,371,367,55,73,152,357,109,75,335,59,196,343,194,63,195,220,215,33,70,166,347,173,64,170,143,401,34,354,144,151,149,353,222,406,407,150,405,163,227,226,190,233,221,228,192,82,225,234,235,352,84,85,366,83,176,303,53,232,350,86,365,177,189,364,345,363,167,219,362,302,175,14,81,11,13,32,10,180,80,174,31,349,181,12,348,188,216,218,217,361,183,179,481,79,301,182,427,16,430,487,428,429,0,15,455,445,450,19,1,448,453,260,446,484,464,442,485,439,432,479,456,451,438,431,447,449,470,467,28,436,452,462,465,458,473,422,461,20,476,488,433,257,437,256,459,468,471,477,474,454,517,457,509,423,259,444,258,486,482,480,483,506,187,508,359,21,185,22,23,184,24,186,25,360,26,528,498,425,27,29,30,322,324,489,388,323,325,526,510,527,503,499,390,391,525,490,515,321,505,389,504,507,426,500,434,435,523,497,516,524,533,424,529,101,501,103,102,512,513,514,511,519,502,330,327,329,518,326,494,520,522,521,328,331,2,531,492,532,535,530,491,493,495,534,536,496,
402,369,403,404,309,69,241,311,250,254,305,310,308,306,253,304,255,247,252,246,251,410,243,242,248,249,240,245,466,478,244,463,368,90,475,295,419,469,472,307,312,460,417,293,298,297,376,286,421,375,409,281,287,239,300,292,290,299,443,420,338,198,373,214,211,415,418,339,203,209,416,269,157,202,210,398,204,205,201,200,207,208,291,289,288,206,98,212,213,387,50,334,88,385,372,384,280,383,414,178,262,263,393,395,52,49,337,93,272,441,48,146,171,164,332,47,392,381,165,294,382,41,285,44,386,45,284,397,51,396,379,380,378,147,46,278,283,282,270,394,296,145,36,38,224,37,35,39,40,279,66,43,162,42,399,400,156,94,230,9,3,333,77,100,78,440,172,265,199,197,161,107,317,261,264,266,336,129,160,58,126,229,7,112,155,236,340,238,95,237,154,119,128,223,159,122,8,158,273,127,140,193,116,91,118,4,168,6,169,142,135,123,120,104,132,138,137,133,136,358,97,124,106,139,108,111,141,113,131,313,92,117,341,318,105,61,411,319,99,274,342,54,408,315,314,344,62,60,148,320,356,96,268,316,267,153,351,18,114,121,134,413,57,412,125,130,115,231,5,56,110,271,67,72,65,191,355,277,87,89,76,68,374,370,17,71,377,74,346,275,276,371,55,367,73,152,357,109,75,335,59,196,194,343,63,195,220,33,215,70,166,347,173,64,170,401,143,34,354,144,151,149,353,222,406,407,150,405,163,227,221,228,233,226,192,190,82,225,234,235,352,85,366,83,84,232,176,53,303,350,86,177,189,365,345,364,363,219,362,302,167,175,14,81,11,13,32,10,31,80,174,180,349,181,348,12,217,218,188,216,361,183,481,179,79,301,182,427,16,430,487,429,428,15,0,455,445,450,19,1,448,453,260,464,446,484,442,485,432,439,479,456,438,451,431,447,449,467,470,28,452,436,462,458,465,473,422,461,20,476,433,488,257,471,474,459,256,468,437,477,454,517,457,509,444,259,423,258,482,486,480,483,506,187,508,359,21,185,184,24,186,22,23,25,360,26,528,498,29,27,30,425,489,324,322,325,388,323,510,526,527,499,503,525,390,490,391,515,321,504,505,389,426,507,500,434,435,523,497,529,533,516,524,424,501,101,512,514,102,511,513,103,519,502,518,327,329,330,520,522,494,521,326,331,328,2,536,534,493,491,530,531,492,532,496,495,535,
402,369,403,404,309,69,241,311,250,254,305,310,308,306,253,304,255,247,252,246,251,410,243,242,249,248,240,245,466,478,244,463,368,90,475,295,419,469,472,307,312,460,417,293,297,298,376,286,421,409,375,281,287,239,300,292,290,299,443,420,338,198,373,214,211,418,415,339,209,203,416,269,157,202,210,204,398,205,201,200,207,208,291,289,288,98,206,212,213,387,50,334,88,385,372,384,280,383,414,178,262,263,393,395,52,49,337,93,272,441,48,146,171,164,332,47,165,381,392,294,45,285,44,41,386,382,284,397,51,379,378,396,380,147,46,278,283,282,270,394,296,36,145,38,224,37,35,39,66,279,40,43,162,42,399,156,400,94,9,230,3,333,77,78,100,440,172,265,199,197,161,107,317,264,261,266,336,58,129,160,126,229,7,236,155,112,340,237,95,238,128,119,154,223,159,122,158,8,273,127,116,193,140,91,118,168,4,6,169,142,132,138,104,123,135,120,97,133,136,358,137,124,106,108,139,111,113,141,131,313,117,92,318,105,341,411,61,319,99,274,342,54,315,408,344,314,148,60,62,320,356,316,268,267,96,18,351,153,134,121,114,412,57,413,130,231,125,115,56,110,5,67,191,65,271,72,277,355,87,89,76,68,370,71,17,377,374,275,74,346,371,276,367,55,152,73,357,109,75,335,59,196,194,343,195,63,220,70,33,215,347,166,64,173,170,401,34,143,354,144,149,151,353,222,150,406,407,163,227,405,221,228,226,192,233,190,82,225,235,234,352,366,84,85,83,53,176,303,232,86,350,365,189,177,364,345,362,363,219,302,167,14,175,81,11,10,32,13,31,174,180,80,349,181,348,12,218,188,216,217,361,183,179,481,79,301,182,427,16,430,487,429,428,15,0,455,445,19,450,448,1,453,260,484,446,464,442,485,432,439,479,456,451,431,438,447,449,470,467,28,436,452,465,462,458,473,461,422,20,488,433,476,257,459,471,256,474,477,437,468,454,517,457,509,444,423,259,258,486,480,482,483,506,187,508,359,21,185,23,184,22,186,24,25,360,26,528,498,425,29,27,30,324,322,489,325,323,388,510,526,527,490,390,391,499,503,525,515,321,505,504,389,426,507,434,500,435,497,523,533,424,516,529,524,501,101,103,511,514,512,513,102,519,502,330,518,329,327,494,521,522,326,520,2,331,328,532,530,536,534,535,491,531,492,495,493,496,
402,369,403,404,309,69,241,311,250,254,305,308,310,306,253,304,255,247,252,246,251,410,243,242,248,249,240,245,466,478,244,463,368,475,90,295,419,469,472,307,312,460,417,293,298,297,376,286,421,375,409,281,287,239,300,292,290,299,443,420,338,198,373,214,211,415,418,339,209,203,416,269,157,210,202,398,204,205,201,200,208,207,291,289,288,206,98,212,213,50,387,334,88,385,372,384,383,280,414,178,263,262,393,395,52,49,337,93,441,272,48,146,171,164,332,47,165,381,392,294,41,45,386,285,382,44,51,284,397,380,378,379,396,147,46,278,283,282,394,270,296,36,145,38,224,35,37,39,40,279,66,43,162,42,399,156,400,94,9,230,3,333,77,78,100,440,172,265,199,197,107,161,317,261,264,266,336,129,160,58,126,229,7,155,236,112,340,95,238,237,119,128,154,223,159,273,158,8,122,127,193,140,116,91,118,4,168,169,6,142,132,120,123,135,104,138,358,137,133,136,97,124,106,139,111,108,131,141,113,92,313,117,61,318,411,341,105,319,274,54,342,99,408,315,344,314,148,60,62,320,267,316,356,96,268,18,351,153,114,413,121,134,412,57,125,231,130,115,56,5,110,67,72,65,271,191,277,87,355,89,68,76,377,370,374,17,71,346,275,74,371,276,55,367,152,73,357,109,335,75,59,196,194,343,63,195,220,33,70,215,347,166,64,173,170,143,34,401,354,144,151,149,353,222,407,406,150,227,163,405,190,221,233,192,228,226,225,82,235,234,352,84,85,366,83,176,232,303,53,86,350,189,177,365,364,345,362,219,167,302,363,14,175,81,11,13,10,32,80,174,180,31,349,181,12,348,216,218,217,188,361,183,179,481,301,79,182,427,16,430,487,429,428,15,0,455,445,19,450,1,448,260,453,484,464,446,442,485,432,439,479,456,431,438,451,447,449,467,470,28,436,452,465,458,462,473,422,461,20,476,488,433,257,256,437,471,477,468,459,474,454,517,457,509,444,423,259,258,480,482,486,483,506,187,508,359,21,185,186,23,24,22,184,25,360,26,498,528,425,30,27,29,489,324,322,388,325,323,510,526,527,503,525,490,391,499,390,515,321,389,505,504,426,507,434,500,435,523,497,529,424,533,516,524,101,501,102,512,103,514,513,511,519,502,330,518,329,327,522,521,520,326,494,331,328,2,495,496,536,491,534,531,493,492,535,532,530,
402,369,403,404,309,69,241,311,250,254,305,308,310,306,253,304,255,247,252,246,251,410,243,242,249,248,240,245,466,478,244,463,475,90,368,295,419,469,472,307,312,460,417,293,298,297,376,286,421,375,409,281,287,239,300,292,290,299,443,420,338,198,373,214,211,415,418,339,209,203,416,269,157,202,210,204,398,205,201,200,207,208,291,289,288,206,98,212,213,387,50,334,88,385,372,384,280,383,414,178,262,263,393,395,52,49,337,93,441,272,146,48,171,164,332,47,392,381,165,294,382,45,386,41,285,44,51,284,397,378,380,396,379,147,46,278,283,282,270,394,296,36,145,38,224,37,35,39,40,279,66,43,162,42,399,400,156,94,9,230,3,333,77,78,100,440,172,265,199,197,107,161,317,261,264,266,336,160,129,58,126,229,7,236,155,112,340,95,237,238,119,128,154,223,159,273,8,122,158,127,116,140,193,91,118,4,168,6,169,142,104,123,135,138,120,132,133,97,136,137,358,106,124,139,111,108,131,141,113,92,117,313,61,105,411,318,341,319,99,342,274,54,408,315,314,344,148,62,60,320,316,268,96,356,267,351,153,18,412,413,121,134,114,57,231,125,115,130,110,5,56,65,67,191,72,271,355,277,87,89,76,68,377,17,71,374,370,346,74,275,371,276,55,367,152,73,357,109,75,335,59,196,194,343,195,63,220,70,215,33,166,347,64,173,170,143,401,34,354,144,151,149,222,353,406,407,150,405,163,227,221,228,190,226,192,233,225,82,235,234,352,83,84,85,366,303,53,232,176,350,86,177,365,189,345,364,362,302,363,219,167,81,175,14,11,10,13,32,31,174,80,180,349,181,348,12,217,188,218,216,361,183,481,179,79,301,182,427,16,430,487,428,429,15,0,455,445,450,19,448,1,453,260,446,464,484,485,442,432,439,479,456,451,438,431,449,447,467,470,28,452,436,462,465,458,473,461,422,20,433,488,476,257,437,468,474,477,459,256,471,454,517,457,509,444,423,259,258,480,486,482,483,506,187,508,359,21,185,22,23,24,186,184,25,360,26,498,528,27,425,29,30,324,489,322,388,323,325,510,526,527,391,525,499,490,503,390,515,321,389,504,505,426,507,434,500,435,523,497,529,516,524,424,533,101,501,513,103,512,514,102,511,519,502,518,327,329,330,326,521,494,520,522,2,328,331,531,532,534,535,496,492,530,536,491,495,493,
402,369,403,404,309,69,241,311,250,254,305,310,308,306,253,304,255,247,252,246,251,410,243,242,249,248,240,245,466,478,244,463,475,90,368,295,419,469,472,307,312,460,417,293,297,298,376,286,421,409,375,281,287,239,300,292,290,299,443,420,338,198,373,214,211,415,418,339,209,203,269,416,157,210,202,398,204,205,201,200,208,207,291,289,288,98,206,212,213,387,50,334,88,385,372,384,383,280,414,178,262,263,393,395,52,49,337,93,441,272,48,146,171,164,332,47,165,392,381,294,285,44,45,386,41,382,284,397,51,380,396,379,378,147,278,46,283,282,270,394,296,36,145,38,224,37,35,39,66,279,40,43,162,42,399,156,400,94,9,230,3,333,77,100,78,440,172,265,199,197,107,161,317,261,264,266,336,160,129,58,126,229,7,155,112,236,340,237,95,238,128,154,119,223,159,8,273,158,122,127,116,140,193,91,118,4,168,169,6,142,123,120,135,138,132,104,133,358,136,137,97,106,124,111,139,108,141,131,113,117,313,92,411,61,318,105,341,319,342,274,99,54,315,408,314,344,62,148,60,320,96,267,316,268,356,18,351,153,121,413,134,114,412,57,130,231,125,115,5,110,56,191,271,65,72,67,277,87,355,89,68,76,374,71,377,17,370,275,74,346,371,276,55,367,73,152,357,109,335,75,59,196,343,194,195,63,220,33,70,215,347,166,64,173,170,34,143,401,354,144,149,151,353,222,407,406,150,227,405,163,192,221,228,233,190,226,225,82,235,234,352,85,84,366,83,232,176,53,303,350,86,365,189,177,364,345,219,167,362,363,302,14,175,81,11,10,32,13,80,174,31,180,181,349,348,12,217,216,218,188,361,183,481,179,79,301,182,427,16,430,487,428,429,15,0,455,445,19,450,448,1,260,453,484,446,464,485,442,432,439,479,456,438,451,431,447,449,470,467,28,436,452,458,462,465,473,422,461,20,488,433,476,257,474,471,459,477,437,256,468,454,517,457,509,444,423,259,258,486,482,480,483,506,187,508,359,21,185,23,22,184,24,186,25,360,26,528,498,29,30,27,425,324,489,322,388,323,325,526,510,527,499,490,503,525,390,391,515,321,505,389,504,507,426,434,500,435,523,497,424,516,529,524,533,501,101,511,513,103,512,102,514,519,502,330,518,329,327,494,522,521,520,326,2,328,331,495,496,536,534,535,532,493,530,491,492,531,
402,369,403,404,309,69,241,311,250,254,305,308,310,306,253,304,255,247,252,246,251,410,243,242,249,248,240,245,466,478,244,463,368,90,475,295,419,469,472,307,312,460,417,293,298,297,376,286,421,375,409,281,287,239,300,292,290,299,443,420,338,198,373,214,211,418,415,339,203,209,269,416,157,210,202,398,204,205,201,200,207,208,291,289,288,98,206,212,213,387,50,334,88,385,372,384,383,280,414,178,263,262,393,395,52,49,337,93,272,441,48,146,171,164,332,47,392,165,381,294,285,45,382,41,44,386,51,397,284,378,379,380,396,147,46,278,283,282,270,394,296,36,145,38,224,37,35,39,279,66,40,43,162,42,399,156,400,94,230,9,3,333,77,78,100,440,172,265,199,197,107,161,317,264,261,266,336,58,160,129,126,229,7,236,112,155,340,238,95,237,154,128,119,223,159,8,158,273,122,127,116,193,140,91,118,168,4,169,6,142,104,123,132,120,135,138,136,137,97,133,358,124,106,108,139,111,141,131,113,117,92,313,411,61,341,105,318,319,99,54,342,274,408,315,314,344,60,148,62,320,268,96,267,316,356,153,18,351,413,114,57,412,121,134,130,231,125,115,110,56,5,72,271,191,65,67,87,355,277,89,76,68,17,374,71,370,377,346,74,275,276,371,367,55,152,73,357,109,75,335,59,196,343,194,195,63,220,33,215,70,166,347,173,64,170,34,401,143,354,144,151,149,353,222,406,150,407,163,405,227,226,190,233,192,228,221,225,82,234,235,352,85,83,84,366,176,303,53,232,350,86,365,177,189,345,364,302,219,362,363,167,175,14,81,11,10,13,32,180,174,31,80,181,349,348,12,188,216,218,217,361,183,179,481,301,79,182,427,16,430,487,428,429,15,0,455,445,450,19,1,448,453,260,484,464,446,485,442,439,432,479,456,451,431,438,449,447,467,470,28,452,436,458,465,462,473,461,422,20,488,433,476,257,477,474,468,471,256,437,459,454,517,457,509,423,444,259,258,486,480,482,483,506,187,508,359,21,185,23,22,186,184,24,25,360,26,528,498,29,30,27,425,322,489,324,325,388,323,510,526,527,390,391,503,490,499,525,515,321,505,504,389,507,426,434,500,435,523,497,516,424,533,524,529,101,501,513,511,102,514,103,512,519,502,518,329,327,330,494,326,522,520,521,328,331,2,495,530,531,491,493,536,535,534,492,532,496,
402,369,403,404,309,69,241,311,250,254,305,308,310,306,253,304,255,247,252,246,251,410,243,242,248,249,240,245,466,478,244,463,475,90,368,295,419,469,472,307,312,460,417,293,297,298,376,286,421,375,409,281,287,239,300,292,290,299,443,420,338,198,373,214,211,418,415,339,203,209,269,416,157,210,202,204,398,205,201,200,208,207,291,289,288,206,98,212,213,387,50,334,88,385,372,384,280,383,414,178,263,262,393,395,52,49,337,93,272,441,146,48,171,164,332,47,165,381,392,294,386,45,44,285,41,382,51,284,397,379,380,378,396,147,46,278,283,282,394,270,296,145,36,38,224,35,37,39,40,66,279,43,162,42,399,156,400,94,9,230,3,333,77,78,100,440,172,265,199,197,107,161,317,261,264,266,336,58,160,129,126,229,7,155,112,236,340,95,238,237,119,154,128,223,159,122,8,158,273,127,116,193,140,91,118,168,4,169,6,142,135,123,132,120,138,104,97,136,133,137,358,106,124,108,111,139,131,113,141,313,92,117,318,105,341,411,61,319,342,99,274,54,315,408,344,314,60,62,148,320,267,96,316,268,356,153,18,351,57,412,114,121,134,413,115,231,125,130,110,5,56,191,65,72,67,271,355,87,277,89,68,76,17,374,377,71,370,275,74,346,371,276,367,55,73,152,357,109,75,335,59,196,343,194,195,63,220,70,215,33,347,166,64,173,170,34,401,143,354,144,149,151,222,353,407,150,406,227,163,405,192,221,190,228,233,226,225,82,234,235,352,83,366,85,84,232,176,303,53,86,350,189,177,365,364,345,302,362,363,167,219,81,14,175,11,32,10,13,180,31,174,80,349,181,12,348,218,188,216,217,361,183,179,481,301,79,182,427,16,430,487,428,429,15,0,455,445,19,450,448,1,260,453,446,484,464,485,442,439,432,479,456,451,438,431,447,449,470,467,28,436,452,458,465,462,473,422,461,20,488,476,433,257,468,437,459,477,474,256,471,454,517,457,509,423,444,259,258,486,480,482,483,506,187,508,359,21,185,22,186,23,184,24,25,360,26,498,528,27,29,425,30,324,489,322,388,325,323,526,510,527,490,525,390,499,391,503,515,321,504,389,505,507,426,434,500,435,523,497,529,516,424,524,533,501,101,102,513,514,512,511,103,519,502,327,330,329,518,521,494,326,520,522,328,331,2,530,534,495,536,493,491,532,535,492,531,496,
402,369,403,404,309,69,241,311,250,254,305,310,308,306,253,304,255,247,252,246,251,410,243,242,249,248,240,245,466,478,244,463,90,475,368,295,419,469,472,307,312,460,417,293,297,298,376,286,421,409,375,281,287,239,300,292,290,299,443,420,338,198,373,214,211,415,418,339,209,203,269,416,157,202,210,398,204,205,201,200,208,207,291,289,288,206,98,212,213,387,50,334,88,385,372,384,280,383,414,178,263,262,393,395,52,49,337,93,272,441,146,48,171,164,332,47,165,381,392,294,44,386,41,45,285,382,284,51,397,378,380,396,379,147,46,278,283,282,394,270,296,145,36,38,224,37,35,39,66,40,279,43,162,42,399,400,156,94,230,9,3,333,77,78,100,440,172,265,199,197,107,161,317,261,264,266,336,58,160,129,126,229,7,112,236,155,340,95,237,238,154,128,119,223,159,158,8,273,122,127,140,116,193,91,118,168,4,6,169,142,123,138,104,132,120,135,358,133,97,137,136,124,106,139,108,111,113,141,131,92,313,117,61,105,318,341,411,319,342,274,54,99,408,315,344,314,62,60,148,320,268,356,316,96,267,153,18,351,121,134,114,57,412,413,115,125,130,231,56,110,5,65,67,191,271,72,277,87,355,89,68,76,17,370,71,377,374,74,275,346,276,371,367,55,152,73,357,109,75,335,59,196,194,343,195,63,220,215,70,33,347,166,64,173,170,143,401,34,354,144,149,151,222,353,407,406,150,227,405,163,228,190,233,226,221,192,225,82,235,234,352,85,83,366,84,176,303,232,53,86,350,189,365,177,364,345,219,302,167,363,362,14,175,81,11,10,13,32,180,80,174,31,181,349,348,12,188,216,218,217,361,183,179,481,79,301,182,427,16,430,487,428,429,15,0,455,445,19,450,1,448,260,453,446,464,484,485,442,432,439,479,456,438,431,451,447,449,470,467,28,452,436,465,458,462,473,461,422,20,476,433,488,257,437,256,468,474,459,477,471,454,517,457,509,259,423,444,258,482,486,480,483,506,187,508,359,21,185,186,184,23,24,22,25,360,26,498,528,30,425,27,29,324,322,489,323,388,325,510,526,527,525,499,390,490,503,391,515,321,389,505,504,507,426,500,434,435,497,523,533,529,424,516,524,101,501,103,514,512,513,511,102,519,502,518,330,329,327,326,494,521,522,520,2,331,328,530,534,535,536,492,532,491,493,495,496,531,
402,369,403,404,309,69,241,311,250,254,305,308,310,306,253,304,255,247,252,246,251,410,243,242,248,249,240,245,466,478,244,463,475,90,368,295,419,469,472,307,312,460,417,293,298,297,376,286,421,375,409,281,287,239,300,292,290,299,443,420,338,198,373,214,211,418,415,339,209,203,269,416,157,202,210,398,204,205,201,200,207,208,291,289,288,98,206,212,213,387,50,334,88,385,372,384,280,383,414,178,262,263,393,395,52,49,337,93,441,272,48,146,171,164,332,47,165,392,381,294,382,41,386,45,285,44,284,51,397,378,380,379,396,147,278,46,283,282,394,270,296,36,145,38,224,37,35,39,279,40,66,43,162,42,399,400,156,94,230,9,3,333,77,78,100,440,172,265,199,197,107,161,317,264,261,266,336,160,58,129,126,229,7,236,112,155,340,237,238,95,128,154,119,223,159,122,158,273,8,127,193,140,116,91,118,168,4,169,6,142,132,135,104,138,123,120,133,137,358,97,136,124,106,111,139,108,131,141,113,313,92,117,318,61,411,105,341,319,54,99,342,274,315,408,344,314,62,60,148,320,356,267,96,316,268,153,351,18,413,114,134,121,57,412,115,125,130,231,5,110,56,191,65,72,271,67,87,277,355,89,76,68,71,377,370,17,374,74,346,275,276,371,367,55,73,152,357,109,335,75,59,196,194,343,195,63,220,70,215,33,166,347,64,173,170,401,34,143,354,144,151,149,353,222,406,407,150,405,227,163,190,233,221,228,226,192,82,225,234,235,352,85,84,366,83,53,232,176,303,350,86,177,365,189,364,345,362,363,219,302,167,175,14,81,11,32,13,10,80,174,31,180,349,181,12,348,188,216,217,218,361,183,481,179,79,301,182,427,16,430,487,428,429,15,0,455,445,19,450,1,448,260,453,484,464,446,485,442,432,439,456,479,438,451,431,449,447,470,467,28,452,436,465,462,458,473,461,422,20,488,433,476,257,474,256,477,468,437,459,471,454,517,457,509,444,423,259,258,482,486,480,483,506,187,508,359,21,185,22,24,186,184,23,25,360,26,528,498,425,29,30,27,489,322,324,325,323,388,526,510,527,391,490,525,499,390,503,515,321,389,504,505,426,507,500,434,435,523,497,424,524,533,529,516,101,501,512,102,514,103,513,511,519,502,518,330,329,327,494,520,521,522,326,331,2,328,535,492,495,493,496,491,534,536,532,531,530,
402,369,403,404,309,69,241,311,250,254,305,310,308,306,253,304,255,247,252,246,251,410,243,242,249,248,240,245,466,478,244,463,90,475,368,295,419,469,472,307,312,460,417,293,298,297,376,286,421,409,375,281,287,239,300,292,290,299,443,420,338,198,373,214,211,418,415,339,203,209,269,416,157,202,210,204,398,205,201,200,208,207,291,289,288,206,98,212,213,387,50,334,88,385,372,384,280,383,414,178,263,262,393,395,52,49,337,93,272,441,48,146,171,164,332,47,392,381,165,294,285,45,41,44,382,386,51,397,284,379,380,396,378,147,278,46,283,282,270,394,296,36,145,38,224,37,35,39,279,66,40,43,162,42,399,400,156,94,9,230,3,333,77,100,78,440,172,265,199,197,107,161,317,264,261,266,336,58,129,160,126,229,7,155,112,236,340,238,237,95,154,119,128,223,159,8,158,122,273,127,140,193,116,91,118,168,4,169,6,142,135,120,104,138,123,132,358,136,133,137,97,124,106,139,108,111,113,141,131,313,92,117,61,105,411,341,318,319,99,54,274,342,408,315,314,344,62,60,148,320,356,267,316,268,96,153,18,351,413,134,114,121,412,57,125,231,115,130,110,5,56,72,67,191,65,271,277,355,87,89,76,68,374,377,17,71,370,346,74,275,276,371,55,367,73,152,357,109,75,335,59,196,194,343,195,63,220,215,70,33,166,347,64,173,170,34,143,401,354,144,151,149,353,222,150,406,407,405,227,163,233,190,228,226,192,221,225,82,235,234,352,85,83,84,366,53,303,176,232,86,350,189,177,365,345,364,362,302,167,219,363,175,14,81,11,32,13,10,180,80,174,31,181,349,12,348,217,218,216,188,361,183,179,481,301,79,182,427,16,430,487,429,428,0,15,455,445,450,19,448,1,453,260,446,464,484,442,485,439,432,479,456,451,431,438,447,449,467,470,28,436,452,458,465,462,473,461,422,20,476,433,488,257,459,477,474,468,437,256,471,454,517,457,509,423,259,444,258,480,486,482,483,506,187,508,359,21,185,184,23,24,186,22,25,360,26,498,528,425,29,30,27,324,322,489,325,323,388,510,526,527,499,391,390,503,490,525,515,321,389,504,505,507,426,500,434,435,523,497,533,524,516,529,424,501,101,512,103,514,102,513,511,519,502,329,327,518,330,521,326,522,520,494,331,328,2,496,491,495,531,532,535,492,534,536,493,530,
402,369,403,404,309,69,241,311,250,254,305,310,308,306,253,304,255,247,252,246,251,410,243,242,248,249,240,245,466,478,244,463,90,368,475,295,419,469,472,307,312,460,417,293,298,297,376,286,421,375,409,281,287,239,300,292,290,299,443,420,338,198,373,214,211,418,415,339,203,209,416,269,157,202,210,398,204,205,201,200,208,207,291,289,288,98,206,212,213,50,387,334,88,385,372,384,280,383,414,178,262,263,393,395,52,49,337,93,272,441,48,146,171,164,332,47,392,381,165,294,386,44,41,45,285,382,51,284,397,379,380,396,378,147,46,278,283,282,270,394,296,145,36,38,224,37,35,39,279,66,40,43,162,42,399,156,400,94,9,230,3,333,77,78,100,440,172,265,199,197,161,107,317,264,261,266,336,58,129,160,126,229,7,155,112,236,340,237,95,238,119,128,154,223,159,122,158,8,273,127,193,116,140,91,118,168,4,6,169,142,132,104,135,120,123,138,133,136,97,358,137,124,106,139,108,111,131,113,141,313,92,117,105,341,61,411,318,319,342,99,274,54,408,315,344,314,148,60,62,320,316,268,356,267,96,351,18,153,114,121,413,134,412,57,231,115,130,125,5,56,110,191,72,65,67,271,87,277,355,89,76,68,370,17,374,71,377,74,346,275,276,371,367,55,73,152,357,109,75,335,59,196,343,194,195,63,220,33,70,215,166,347,64,173,170,401,143,34,354,144,149,151,222,353,407,150,406,163,405,227,192,233,226,221,228,190,82,225,234,235,352,85,366,83,84,232,53,303,176,350,86,365,177,189,345,364,167,362,219,302,363,14,81,175,11,10,32,13,180,174,80,31,349,181,348,12,217,188,216,218,361,183,179,481,301,79,182,427,16,430,487,429,428,0,15,455,445,19,450,1,448,453,260,484,446,464,442,485,439,432,456,479,438,431,451,447,449,467,470,28,436,452,465,462,458,473,422,461,20,488,433,476,257,474,468,459,477,256,471,437,454,517,457,509,444,259,423,258,486,482,480,483,506,187,508,359,21,185,184,22,186,23,24,25,360,26,498,528,30,425,27,29,324,322,489,325,323,388,526,510,527,391,525,390,499,490,503,515,321,389,504,505,426,507,434,500,435,523,497,516,533,424,529,524,101,501,514,103,102,513,512,511,519,502,327,330,329,518,522,326,494,520,521,2,331,328,530,495,534,536,532,493,491,535,531,496,492,
402,369,403,404,309,69,241,311,250,254,305,310,308,306,253,304,255,247,252,246,251,410,243,242,248,249,240,245,466,478,244,463,475,368,90,295,419,469,472,307,312,460,417,293,298,297,376,286,421,375,409,281,287,239,300,292,290,299,443,420,338,198,373,214,211,418,415,339,209,203,269,416,157,202,210,204,398,205,201,200,207,208,291,289,288,206,98,212,213,387,50,334,88,385,372,384,383,280,414,178,263,262,393,395,52,49,337,93,441,272,48,146,171,164,332,47,392,381,165,294,44,45,382,285,386,41,51,284,397,379,380,396,378,147,46,278,283,282,270,394,296,145,36,38,224,35,37,39,40,66,279,43,162,42,399,156,400,94,230,9,3,333,77,100,78,440,172,265,199,197,107,161,317,261,264,266,336,160,129,58,126,229,7,155,236,112,340,95,238,237,119,154,128,223,159,122,273,8,158,127,193,116,140,91,118,4,168,169,6,142,120,104,135,123,138,132,137,358,97,133,136,106,124,139,108,111,131,141,113,92,117,313,341,61,105,411,318,319,99,342,54,274,315,408,344,314,62,148,60,320,316,268,356,267,96,153,18,351,57,134,413,412,121,114,125,130,231,115,5,56,110,67,191,72,271,65,277,87,355,89,68,76,71,377,370,17,374,275,346,74,276,371,367,55,73,152,357,109,335,75,59,196,194,343,195,63,220,33,215,70,166,347,173,64,170,34,401,143,354,144,151,149,353,222,150,406,407,405,163,227,233,192,221,226,228,190,82,225,235,234,352,84,83,366,85,53,232,176,303,86,350,365,177,189,345,364,302,167,219,363,362,175,81,14,11,13,10,32,31,80,180,174,181,349,12,348,216,188,218,217,361,183,179,481,79,301,182,427,16,430,487,428,429,15,0,455,445,450,19,1,448,453,260,446,464,484,442,485,432,439,456,479,451,438,431,449,447,470,467,28,436,452,465,462,458,473,422,461,20,433,476,488,257,477,256,474,468,471,459,437,454,517,457,509,259,444,423,258,482,486,480,483,506,187,508,359,21,185,23,186,24,184,22,25,360,26,498,528,425,30,27,29,322,489,324,323,325,388,510,526,527,390,525,391,490,499,503,515,321,389,505,504,507,426,500,434,435,497,523,533,516,424,529,524,501,101,102,514,512,513,103,511,519,502,327,329,330,518,521,494,520,522,326,2,331,328,491,496,492,536,531,534,532,495,535,493,530,
402,369,403,404,309,69,241,311,250,254,305,308,310,306,253,304,255,247,252,246,251,410,243,242,248,249,240,245,466,478,244,463,368,475,90,295,419,469,472,307,312,460,417,293,297,298,376,286,421,375,409,281,287,239,300,292,290,299,443,420,338,198,373,214,211,418,415,339,209,203,416,269,157,202,210,398,204,205,201,200,208,207,291,289,288,98,206,212,213,387,50,334,88,385,372,384,280,383,414,178,263,262,393,395,52,49,337,93,272,441,48,146,171,164,332,47,165,381,392,294,45,285,41,44,382,386,51,397,284,396,380,379,378,147,278,46,283,282,394,270,296,36,145,38,224,37,35,39,40,66,279,43,162,42,399,400,156,94,9,230,3,333,77,100,78,440,172,265,199,197,107,161,317,264,261,266,336,129,160,58,126,229,7,155,236,112,340,237,95,238,128,154,119,223,159,8,158,122,273,127,116,193,140,91,118,168,4,169,6,142,132,120,104,123,138,135,97,358,137,136,133,106,124,108,139,111,141,113,131,92,313,117,411,341,105,61,318,319,99,54,274,342,315,408,344,314,62,60,148,320,316,268,96,267,356,153,18,351,413,412,121,134,114,57,115,130,231,125,56,110,5,67,271,65,191,72,277,87,355,89,76,68,377,374,370,71,17,74,275,346,276,371,55,367,152,73,357,109,75,335,59,196,343,194,63,195,220,33,70,215,347,166,64,173,170,143,401,34,354,144,151,149,222,353,406,150,407,163,227,405,190,221,226,233,192,228,82,225,234,235,352,85,83,366,84,176,232,53,303,350,86,177,365,189,364,345,362,302,219,167,363,175,81,14,11,32,10,13,31,180,80,174,181,349,12,348,188,216,217,218,361,183,481,179,301,79,182,427,16,430,487,428,429,15,0,455,445,450,19,448,1,453,260,464,484,446,485,442,439,432,456,479,451,431,438,449,447,470,467,28,436,452,462,458,465,473,461,422,20,476,433,488,257,471,459,437,468,474,477,256,454,517,457,509,423,259,444,258,480,486,482,483,506,187,508,359,21,185,22,24,23,184,186,25,360,26,528,498,30,29,425,27,322,324,489,325,323,388,526,510,527,525,499,391,390,490,503,515,321,505,389,504,426,507,434,500,435,497,523,533,524,529,516,424,501,101,103,511,512,514,102,513,519,502,327,330,518,329,520,522,326,494,521,331,328,2,496,491,536,530,495,531,532,493,492,535,534,
402,369,403,404,309,69,241,311,250,254,305,310,308,306,253,304,255,247,252,246,251,410,243,242,249,248,240,245,466,478,244,463,475,368,90,295,419,469,472,307,312,460,417,293,297,298,376,286,421,409,375,281,287,239,300,292,290,299,443,420,338,198,373,214,211,415,418,339,209,203,416,269,157,210,202,398,204,205,201,200,207,208,291,289,288,98,206,212,213,50,387,334,88,385,372,384,383,280,414,178,263,262,393,395,52,49,337,93,441,272,48,146,171,164,332,47,392,165,381,294,382,386,285,44,45,41,397,284,51,379,378,396,380,147,278,46,283,282,270,394,296,145,36,38,224,35,37,39,66,279,40,43,162,42,399,156,400,94,9,230,3,333,77,78,100,440,172,265,199,197,107,161,317,261,264,266,336,160,58,129,126,229,7,112,236,155,340,95,237,238,128,154,119,223,159,273,8,158,122,127,140,116,193,91,118,168,4,6,169,142,123,138,132,135,104,120,133,136,97,358,137,106,124,108,139,111,113,131,141,92,117,313,341,411,61,105,318,319,99,342,54,274,408,315,344,314,60,148,62,320,316,356,96,267,268,18,351,153,134,413,114,57,121,412,125,130,231,115,110,5,56,65,67,191,271,72,355,277,87,89,68,76,17,370,374,71,377,275,74,346,276,371,55,367,73,152,357,109,75,335,59,196,194,343,195,63,220,70,33,215,347,166,64,173,170,401,34,143,354,144,151,149,222,353,150,407,406,227,163,405,228,226,192,190,221,233,82,225,234,235,352,85,84,366,83,232,53,176,303,86,350,365,189,177,345,364,363,302,167,219,362,175,81,14,11,32,13,10,174,31,80,180,181,349,12,348,216,218,188,217,361,183,179,481,79,301,182,427,16,430,487,428,429,15,0,455,445,19,450,448,1,453,260,446,484,464,485,442,439,432,479,456,451,438,431,449,447,470,467,28,436,452,465,462,458,473,422,461,20,433,476,488,257,474,471,256,468,477,437,459,454,517,457,509,259,423,444,258,486,480,482,483,506,187,508,359,21,185,24,23,186,184,22,25,360,26,498,528,27,29,425,30,322,324,489,323,325,388,510,526,527,391,499,490,503,525,390,515,321,389,504,505,426,507,500,434,435,523,497,524,529,516,424,533,501,101,103,513,514,511,102,512,519,502,327,330,518,329,326,520,521,522,494,331,2,328,531,496,491,495,530,534,492,535,493,532,536,
402,369,403,404,309,69,241,311,250,254,305,310,308,306,253,304,255,247,252,246,251,410,243,242,248,249,240,245,466,478,244,463,475,90,368,295,419,469,472,307,312,460,417,293,297,298,376,286,421,409,375,281,287,239,300,292,290,299,443,420,338,198,373,214,211,418,415,339,203,209,416,269,157,202,210,204,398,205,201,200,208,207,291,289,288,206,98,212,213,50,387,334,88,385,372,384,383,280,414,178,263,262,393,395,52,49,337,93,441,272,48,146,171,164,332,47,381,165,392,294,386,285,45,41,44,382,51,284,397,378,379,380,396,147,46,278,283,282,270,394,296,145,36,38,224,37,35,39,279,40,66,43,162,42,399,400,156,94,230,9,3,333,77,100,78,440,172,265,199,197,107,161,317,264,261,266,336,160,58,129,126,229,7,112,236,155,340,237,95,238,119,128,154,223,159,273,122,158,8,127,116,140,193,91,118,4,168,169,6,142,123,104,135,132,120,138,133,136,137,97,358,124,106,139,108,111,113,141,131,117,92,313,341,411,318,61,105,319,99,54,274,342,408,315,314,344,60,148,62,320,267,316,356,96,268,153,18,351,57,121,412,134,413,114,115,231,130,125,5,56,110,191,67,72,271,65,87,355,277,89,76,68,71,370,17,377,374,275,74,346,371,276,55,367,73,152,357,109,335,75,59,196,194,343,195,63,220,215,33,70,166,347,173,64,170,401,143,34,354,144,149,151,353,222,407,406,150,405,227,163,221,226,228,233,192,190,225,82,234,235,352,83,84,85,366,232,53,176,303,86,350,177,365,189,345,364,167,302,362,363,219,81,14,175,11,10,32,13,174,31,180,80,349,181,348,12,188,216,218,217,361,183,481,179,301,79,182,427,16,430,487,428,429,0,15,455,445,450,19,1,448,453,260,464,484,446,442,485,439,432,456,479,431,438,451,449,447,467,470,28,452,436,458,462,465,473,461,422,20,476,488,433,257,474,437,468,459,471,477,256,454,517,457,509,444,259,423,258,486,482,480,483,506,187,508,359,21,185,23,184,24,22,186,25,360,26,498,528,27,29,30,425,324,322,489,323,388,325,526,510,527,390,499,490,525,391,503,515,321,505,389,504,507,426,500,434,435,523,497,529,524,533,424,516,501,101,513,103,511,512,102,514,519,502,518,329,330,327,522,521,494,520,326,331,328,2,493,530,496,492,536,491,535,534,532,531,495,
402,369,403,404,309,69,241,311,250,254,305,310,308,306,253,304,255,247,252,246,251,410,243,242,249,248,240,245,466,478,244,463,368,475,90,295,419,469,472,307,312,460,417,293,297,298,376,286,421,409,375,281,287,239,300,292,290,299,443,420,338,198,373,214,211,415,418,339,209,203,269,416,157,202,210,204,398,205,201,200,208,207,291,289,288,98,206,212,213,50,387,334,88,385,372,384,280,383,414,178,262,263,393,395,52,49,337,93,272,441,48,146,171,164,332,47,392,165,381,294,44,45,285,386,41,382,284,51,397,380,379,378,396,147,46,278,283,282,270,394,296,36,145,38,224,37,35,39,40,279,66,43,162,42,399,400,156,94,230,9,3,333,77,78,100,440,172,265,199,197,161,107,317,261,264,266,336,160,58,129,126,229,7,112,236,155,340,95,237,238,119,154,128,223,159,8,122,273,158,127,193,140,116,91,118,168,4,169,6,142,135,120,104,132,123,138,133,97,136,137,358,124,106,139,111,108,141,113,131,313,117,92,318,105,61,341,411,319,54,342,99,274,408,315,314,344,60,148,62,320,356,268,96,267,316,18,153,351,134,114,413,121,412,57,115,125,130,231,5,56,110,65,271,191,72,67,355,87,277,89,68,76,377,17,374,71,370,346,275,74,371,276,367,55,73,152,357,109,75,335,59,196,194,343,195,63,220,33,215,70,347,166,64,173,170,401,143,34,354,144,149,151,353,222,407,150,406,405,163,227,221,226,192,190,233,228,82,225,234,235,352,84,83,366,85,232,303,53,176,350,86,189,365,177,345,364,363,219,167,362,302,81,14,175,11,32,10,13,31,80,180,174,349,181,348,12,188,216,218,217,361,183,481,179,79,301,182,427,16,430,487,429,428,0,15,455,445,450,19,1,448,453,260,484,464,446,442,485,439,432,456,479,438,431,451,447,449,470,467,28,452,436,465,458,462,473,461,422,20,488,476,433,257,474,256,459,477,471,468,437,454,517,457,509,259,423,444,258,480,482,486,483,506,187,508,359,21,185,184,186,24,22,23,25,360,26,498,528,29,30,425,27,324,489,322,325,323,388,510,526,527,490,390,391,503,525,499,515,321,389,505,504,507,426,434,500,435,497,523,533,529,424,516,524,101,501,103,514,511,102,513,512,519,502,518,327,329,330,326,494,520,522,521,2,328,331,496,532,491,530,531,534,493,492,536,495,535,
402,369,403,404,309,69,241,311,250,254,305,310,308,306,253,304,255,247,252,246,251,410,243,242,249,248,240,245,466,478,244,463,475,90,368,295,419,469,472,307,312,460,417,293,298,297,376,286,421,409,375,281,287,239,300,292,290,299,443,420,338,198,373,214,211,415,418,339,209,203,416,269,157,202,210,398,204,205,201,200,207,208,291,289,288,98,206,212,213,387,50,334,88,385,372,384,280,383,414,178,262,263,393,395,52,49,337,93,441,272,48,146,171,164,332,47,392,165,381,294,285,382,386,45,41,44,51,284,397,379,378,380,396,147,46,278,283,282,394,270,296,145,36,38,224,37,35,39,40,279,66,43,162,42,399,400,156,94,9,230,3,333,77,78,100,440,172,265,199,197,161,107,317,264,261,266,336,58,160,129,126,229,7,236,155,112,340,95,237,238,128,154,119,223,159,122,8,158,273,127,140,193,116,91,118,168,4,6,169,142,135,123,104,138,120,132,133,137,97,136,358,124,106,108,111,139,131,113,141,117,92,313,411,318,341,61,105,319,274,54,342,99,408,315,344,314,60,148,62,320,316,267,96,268,356,351,153,18,57,121,413,134,412,114,115,125,130,231,56,5,110,72,271,67,191,65,277,87,355,89,68,76,377,71,374,370,17,74,275,346,371,276,367,55,152,73,357,109,75,335,59,196,194,343,63,195,220,33,70,215,166,347,173,64,170,34,401,143,354,144,149,151,222,353,406,150,407,227,163,405,228,221,226,190,192,233,82,225,234,235,352,83,85,84,366,176,232,303,53,86,350,189,365,177,364,345,363,219,302,362,167,81,14,175,11,10,13,32,180,31,80,174,181,349,12,348,217,216,188,218,361,183,179,481,79,301,182,427,16,430,487,428,429,15,0,455,445,450,19,448,1,260,453,464,446,484,442,485,432,439,479,456,431,451,438,449,447,467,470,28,436,452,465,462,458,473,461,422,20,488,433,476,257,474,468,471,437,459,477,256,454,517,457,509,259,444,423,258,482,486,480,483,506,187,508,359,21,185,22,23,24,186,184,25,360,26,498,528,425,29,30,27,322,489,324,325,388,323,526,510,527,499,391,390,525,490,503,515,321,389,504,505,426,507,434,500,435,497,523,524,529,516,424,533,501,101,511,512,514,103,102,513,519,502,330,329,327,518,522,494,521,326,520,328,2,331,530,535,531,493,496,492,491,534,536,532,495,
402,369,403,404,309,69,241,311,250,254,305,310,308,306,253,304,255,247,252,246,251,410,243,242,248,249,240,245,466,478,244,463,90,368,475,295,419,469,472,307,312,460,417,293,298,297,376,286,421,409,375,281,287,239,300,292,290,299,443,420,338,198,373,214,211,418,415,339,209,203,269,416,157,210,202,398,204,205,201,200,208,207,291,289,288,98,206,212,213,50,387,334,88,385,372,384,383,280,414,178,262,263,393,395,52,49,337,93,441,272,48,146,171,164,332,47,381,392,165,294,382,44,285,45,41,386,51,397,284,379,380,396,378,147,278,46,283,282,270,394,296,36,145,38,224,37,35,39,279,66,40,43,162,42,399,400,156,94,230,9,3,333,77,100,78,440,172,265,199,197,107,161,317,264,261,266,336,160,129,58,126,229,7,112,155,236,340,237,95,238,119,154,128,223,159,8,158,122,273,127,140,193,116,91,118,168,4,6,169,142,104,135,132,138,120,123,358,137,97,136,133,124,106,139,111,108,131,141,113,117,92,313,411,318,341,105,61,319,274,54,342,99,408,315,344,314,62,148,60,320,96,267,316,356,268,351,153,18,413,412,57,114,134,121,115,231,130,125,110,56,5,65,271,72,191,67,277,87,355,89,76,68,374,17,71,377,370,275,346,74,276,371,55,367,73,152,357,109,335,75,59,196,194,343,195,63,220,70,33,215,166,347,173,64,170,34,143,401,354,144,149,151,353,222,406,150,407,405,227,163,221,228,226,192,233,190,225,82,235,234,352,366,85,84,83,303,53,232,176,86,350,189,177,365,345,364,167,219,362,302,363,175,14,81,11,13,10,32,174,80,31,180,349,181,12,348,218,217,216,188,361,183,481,179,301,79,182,427,16,430,487,429,428,15,0,455,445,450,19,448,1,260,453,464,484,446,485,442,439,432,456,479,431,438,451,447,449,467,470,28,452,436,465,458,462,473,422,461,20,433,488,476,257,256,459,477,468,437,474,471,454,517,457,509,444,259,423,258,480,486,482,483,506,187,508,359,21,185,24,22,186,23,184,25,360,26,528,498,425,30,27,29,324,322,489,388,323,325,526,510,527,390,391,525,503,499,490,515,321,389,504,505,507,426,434,500,435,523,497,529,424,516,524,533,101,501,514,511,512,102,513,103,519,502,327,518,330,329,522,520,326,494,521,328,2,331,532,495,536,496,491,535,534,493,531,492,530,
402,369,403,404,309,69,241,311,250,254,305,310,308,306,253,304,255,247,252,246,251,410,243,242,248,249,240,245,466,478,244,463,90,475,368,295,419,469,472,307,312,460,417,293,297,298,376,286,421,409,375,281,287,239,300,292,290,299,443,420,338,198,373,214,211,415,418,339,203,209,416,269,157,202,210,398,204,205,201,200,207,208,291,289,288,98,206,212,213,50,387,334,88,385,372,384,383,280,414,178,263,262,393,395,52,49,337,93,272,441,48,146,171,164,332,47,381,165,392,294,41,45,44,285,386,382,397,51,284,379,378,380,396,147,278,46,283,282,270,394,296,36,145,38,224,35,37,39,40,66,279,43,162,42,399,156,400,94,9,230,3,333,77,78,100,440,172,265,199,197,161,107,317,261,264,266,336,129,58,160,126,229,7,155,112,236,340,95,238,237,154,128,119,223,159,8,273,158,122,127,116,193,140,91,118,168,4,169,6,142,120,135,104,132,123,138,137,97,136,358,133,106,124,108,139,111,113,141,131,92,117,313,318,341,105,61,411,319,274,54,99,342,315,408,344,314,148,60,62,320,356,316,96,267,268,18,351,153,412,114,57,413,121,134,130,115,231,125,5,56,110,72,67,271,191,65,277,87,355,89,68,76,71,370,374,377,17,346,74,275,276,371,55,367,152,73,357,109,75,335,59,196,194,343,195,63,220,70,215,33,166,347,64,173,170,401,143,34,354,144,151,149,353,222,150,407,406,163,405,227,190,226,233,192,221,228,225,82,235,234,352,366,84,83,85,303,232,176,53,350,86,365,177,189,345,364,167,302,219,362,363,175,81,14,11,32,10,13,174,80,180,31,181,349,348,12,217,216,188,218,361,183,481,179,79,301,182,427,16,430,487,429,428,0,15,455,445,450,19,1,448,453,260,484,464,446,485,442,439,432,479,456,438,431,451,449,447,467,470,28,452,436,458,465,462,473,461,422,20,476,433,488,257,437,256,471,477,468,474,459,454,517,457,509,444,259,423,258,486,482,480,483,506,187,508,359,21,185,22,184,24,186,23,25,360,26,498,528,27,425,30,29,324,322,489,388,325,323,510,526,527,490,390,499,391,503,525,515,321,504,505,389,426,507,500,434,435,497,523,533,424,529,524,516,101,501,513,514,102,103,512,511,519,502,330,327,518,329,521,522,520,494,326,2,328,331,493,496,532,495,536,534,535,491,531,492,530,
402,369,403,404,309,69,241,311,250,254,305,310,308,306,253,304,255,247,252,246,251,410,243,242,249,248,240,245,466,478,244,463,475,90,368,295,419,469,472,307,312,460,417,293,298,297,376,286,421,375,409,281,287,239,300,292,290,299,443,420,338,198,373,214,211,418,415,339,203,209,269,416,157,202,210,204,398,205,201,200,207,208,291,289,288,206,98,212,213,387,50,334,88,385,372,384,383,280,414,178,262,263,393,395,52,49,337,93,272,441,146,48,171,164,332,47,381,165,392,294,382,285,44,386,45,41,51,284,397,380,396,378,379,147,278,46,283,282,270,394,296,145,36,38,224,35,37,39,66,40,279,43,162,42,399,156,400,94,230,9,3,333,77,78,100,440,172,265,199,197,161,107,317,264,261,266,336,160,58,129,126,229,7,155,112,236,340,95,238,237,154,119,128,223,159,122,273,158,8,127,193,140,116,91,118,4,168,169,6,142,138,120,135,123,104,132,136,137,358,133,97,124,106,139,111,108,131,113,141,117,92,313,411,105,61,341,318,319,99,54,342,274,315,408,344,314,62,148,60,320,356,96,316,268,267,351,153,18,413,121,57,412,134,114,115,231,130,125,56,5,110,191,65,67,271,72,87,355,277,89,68,76,370,374,377,17,71,74,346,275,371,276,367,55,73,152,357,109,75,335,59,196,194,343,63,195,220,33,70,215,347,166,173,64,170,143,34,401,354,144,151,149,222,353,150,406,407,227,163,405,228,190,226,192,233,221,225,82,234,235,352,84,83,85,366,232,176,53,303,350,86,177,189,365,364,345,219,363,302,167,362,14,175,81,11,32,13,10,174,31,180,80,349,181,12,348,216,218,188,217,361,183,179,481,79,301,182,427,16,430,487,429,428,0,15,455,445,19,450,1,448,453,260,464,446,484,485,442,432,439,479,456,438,431,451,449,447,470,467,28,436,452,462,465,458,473,422,461,20,433,476,488,257,477,437,468,474,256,459,471,454,517,457,509,444,423,259,258,482,486,480,483,506,187,508,359,21,185,184,23,186,22,24,25,360,26,528,498,27,29,425,30,489,324,322,323,388,325,526,510,527,499,390,525,391,490,503,515,321,505,389,504,507,426,434,500,435,497,523,524,533,516,529,424,501,101,103,514,511,512,102,513,519,502,330,327,518,329,326,494,521,520,522,328,331,2,491,530,493,536,535,531,496,492,534,495,532,
402,369,403,404,309,69,241,311,250,254,305,308,310,306,253,304,255,247,252,246,251,410,243,242,249,248,240,245,466,478,244,463,475,368,90,295,419,469,472,307,312,460,417,293,297,298,376,286,421,375,409,281,287,239,300,292,290,299,443,420,338,198,373,214,211,415,418,339,209,203,416,269,157,202,210,398,204,205,201,200,207,208,291,289,288,98,206,212,213,50,387,334,88,385,372,384,383,280,414,178,263,262,393,395,52,49,337,93,441,272,146,48,171,164,332,47,381,165,392,294,41,44,382,386,45,285,284,51,397,378,396,380,379,147,278,46,283,282,270,394,296,36,145,38,224,37,35,39,40,279,66,43,162,42,399,156,400,94,230,9,3,333,77,100,78,440,172,265,199,197,107,161,317,261,264,266,336,58,129,160,126,229,7,112,155,236,340,238,95,237,154,119,128,223,159,8,122,158,273,127,116,140,193,91,118,4,168,6,169,142,135,120,104,132,123,138,137,133,136,358,97,124,106,108,111,139,131,113,141,92,117,313,61,411,318,341,105,319,99,54,342,274,315,408,344,314,148,62,60,320,96,268,316,267,356,153,18,351,57,121,413,114,134,412,231,125,130,115,110,56,5,67,271,65,72,191,277,355,87,89,68,76,377,71,370,17,374,275,74,346,371,276,55,367,152,73,357,109,335,75,59,196,194,343,195,63,220,33,70,215,347,166,64,173,170,143,34,401,354,144,149,151,222,353,407,150,406,227,163,405,233,192,226,190,221,228,225,82,235,234,352,83,85,366,84,53,176,303,232,86,350,189,365,177,364,345,219,302,363,167,362,14,81,175,11,10,13,32,180,80,174,31,181,349,12,348,216,217,188,218,361,183,481,179,79,301,182,427,16,430,487,429,428,0,15,455,445,450,19,1,448,260,453,464,484,446,485,442,432,439,456,479,451,431,438,447,449,470,467,28,452,436,465,458,462,473,461,422,20,433,488,476,257,437,256,477,459,474,471,468,454,517,457,509,444,423,259,258,482,486,480,483,506,187,508,359,21,185,22,184,23,24,186,25,360,26,498,528,30,425,27,29,489,324,322,323,325,388,526,510,527,503,525,391,490,499,390,515,321,389,504,505,426,507,500,434,435,523,497,529,524,533,516,424,101,501,514,102,512,511,103,513,519,502,518,330,329,327,521,520,522,494,326,331,328,2,535,530,493,495,536,534,496,531,491,492,532,
402,369,403,404,309,69,241,311,250,254,305,310,308,306,253,304,255,247,252,246,251,410,243,242,249,248,240,245,466,478,244,463,90,368,475,295,419,469,472,307,312,460,417,293,297,298,376,286,421,409,375,281,287,239,300,292,290,299,443,420,338,198,373,214,211,418,415,339,209,203,416,269,157,202,210,398,204,205,201,200,207,208,291,289,288,206,98,212,213,387,50,334,88,385,372,384,383,280,414,178,262,263,393,395,52,49,337,93,272,441,48,146,171,164,332,47,165,381,392,294,41,44,382,386,45,285,397,284,51,380,378,379,396,147,278,46,283,282,394,270,296,36,145,38,224,37,35,39,40,66,279,43,162,42,399,156,400,94,9,230,3,333,77,100,78,440,172,265,199,197,161,107,317,264,261,266,336,58,129,160,126,229,7,112,155,236,340,95,237,238,119,154,128,223,159,122,8,273,158,127,140,193,116,91,118,4,168,169,6,142,120,138,132,104,135,123,136,137,97,133,358,124,106,139,111,108,113,131,141,92,117,313,341,61,318,411,105,319,99,342,54,274,408,315,314,344,62,60,148,320,267,316,356,268,96,153,351,18,413,57,114,134,121,412,130,115,125,231,110,5,56,72,271,191,67,65,355,87,277,89,68,76,17,71,374,377,370,275,74,346,276,371,55,367,152,73,357,109,75,335,59,196,194,343,63,195,220,215,33,70,347,166,64,173,170,34,401,143,354,144,149,151,353,222,406,150,407,163,227,405,190,233,226,228,221,192,82,225,235,234,352,83,366,85,84,303,176,53,232,350,86,365,189,177,364,345,302,363,219,167,362,81,14,175,11,13,32,10,174,180,80,31,349,181,348,12,216,218,217,188,361,183,179,481,301,79,182,427,16,430,487,429,428,15,0,455,445,19,450,1,448,260,453,464,484,446,485,442,432,439,479,456,431,438,451,449,447,467,470,28,452,436,462,465,458,473,422,461,20,433,476,488,257,256,477,474,468,459,471,437,454,517,457,509,423,444,259,258,480,482,486,483,506,187,508,359,21,185,24,186,184,22,23,25,360,26,498,528,30,425,29,27,322,489,324,323,325,388,510,526,527,499,490,525,390,503,391,515,321,504,389,505,426,507,434,500,435,497,523,533,424,529,516,524,501,101,513,512,103,514,511,102,519,502,330,329,327,518,521,522,494,326,520,2,328,331,493,495,536,532,535,530,534,491,531,492,496,
402,369,403,404,309,69,241,311,250,254,305,310,308,306,253,304,255,247,252,246,251,410,243,242,249,248,240,245,466,478,244,463,368,90,475,295,419,469,472,307,312,460,417,293,297,298,376,286,421,409,375,281,287,239,300,292,290,299,443,420,338,198,373,214,211,418,415,339,203,209,269,416,157,202,210,398,204,205,201,200,207,208,291,289,288,206,98,212,213,387,50,334,88,385,372,384,383,280,414,178,263,262,393,395,52,49,337,93,441,272,146,48,171,164,332,47,165,392,381,294,285,45,382,386,41,44,284,397,51,396,379,378,380,147,46,278,283,282,394,270,296,36,145,38,224,37,35,39,279,66,40,43,162,42,399,400,156,94,230,9,3,333,77,100,78,440,172,265,199,197,161,107,317,261,264,266,336,160,129,58,126,229,7,112,155,236,340,238,95,237,154,119,128,223,159,158,8,273,122,127,116,193,140,91,118,168,4,6,169,142,104,138,135,132,123,120,97,358,136,137,133,124,106,111,108,139,141,131,113,117,92,313,341,411,61,318,105,319,99,274,342,54,408,315,314,344,62,60,148,320,268,316,267,96,356,18,153,351,57,134,413,412,114,121,231,125,130,115,110,5,56,67,65,72,191,271,355,277,87,89,68,76,370,71,17,374,377,74,346,275,276,371,367,55,73,152,357,109,75,335,59,196,194,343,63,195,220,215,70,33,347,166,173,64,170,34,143,401,354,144,149,151,353,222,406,150,407,405,163,227,190,226,233,228,192,221,225,82,235,234,352,84,366,83,85,303,176,232,53,86,350,177,189,365,364,345,363,302,167,362,219,175,14,81,11,10,32,13,174,31,80,180,349,181,12,348,217,216,188,218,361,183,179,481,79,301,182,427,16,430,487,429,428,0,15,455,445,450,19,1,448,453,260,464,446,484,442,485,439,432,456,479,438,431,451,449,447,467,470,28,452,436,465,458,462,473,461,422,20,476,488,433,257,474,459,437,256,477,471,468,454,517,457,509,423,444,259,258,486,482,480,483,506,187,508,359,21,185,23,184,186,22,24,25,360,26,528,498,425,29,30,27,324,322,489,388,323,325,526,510,527,391,503,390,490,525,499,515,321,504,505,389,426,507,434,500,435,497,523,524,516,424,533,529,501,101,514,512,102,511,513,103,519,502,327,330,329,518,326,520,522,494,521,331,2,328,531,532,535,491,534,530,492,495,493,496,536,
402,369,403,404,309,69,241,311,250,254,305,308,310,306,253,304,255,247,252,246,251,410,243,242,249,248,240,245,466,478,244,463,368,90,475,295,419,469,472,307,312,460,417,293,298,297,376,286,421,375,409,281,287,239,300,292,290,299,443,420,338,198,373,214,211,418,415,339,209,203,269,416,157,210,202,398,204,205,201,200,207,208,291,289,288,98,206,212,213,387,50,334,88,385,372,384,383,280,414,178,263,262,393,395,52,49,337,93,441,272,146,48,171,164,332,47,165,381,392,294,44,285,382,386,41,45,397,51,284,380,378,379,396,147,278,46,283,282,394,270,296,36,145,38,224,37,35,39,66,279,40,43,162,42,399,156,400,94,230,9,3,333,77,100,78,440,172,265,199,197,161,107,317,261,264,266,336,58,160,129,126,229,7,112,236,155,340,238,95,237,154,119,128,223,159,273,8,158,122,127,116,193,140,91,118,168,4,6,169,142,135,132,104,138,120,123,358,136,97,133,137,106,124,108,111,139,131,113,141,92,117,313,411,105,341,318,61,319,274,342,99,54,408,315,314,344,60,62,148,320,356,267,268,316,96,351,153,18,413,412,121,57,134,114,115,125,231,130,5,110,56,271,72,67,65,191,277,355,87,89,76,68,71,377,370,17,374,74,275,346,276,371,367,55,152,73,357,109,335,75,59,196,343,194,195,63,220,33,70,215,347,166,64,173,170,401,34,143,354,144,149,151,353,222,150,407,406,227,405,163,233,192,226,190,221,228,225,82,234,235,352,83,366,84,85,303,176,53,232,350,86,177,189,365,364,345,167,302,362,219,363,81,175,14,11,10,13,32,174,80,180,31,181,349,348,12,217,218,188,216,361,183,179,481,79,301,182,427,16,430,487,428,429,15,0,455,445,450,19,1,448,260,453,484,464,446,442,485,432,439,456,479,438,451,431,447,449,467,470,28,452,436,465,458,462,473,461,422,20,476,488,433,257,459,471,437,256,477,474,468,454,517,457,509,423,444,259,258,480,486,482,483,506,187,508,359,21,185,184,23,22,186,24,25,360,26,498,528,425,27,29,30,489,322,324,325,323,388,526,510,527,499,490,390,503,525,391,515,321,504,389,505,507,426,500,434,435,523,497,524,533,424,516,529,101,501,514,511,102,103,512,513,519,502,518,327,329,330,494,520,326,522,521,328,331,2,536,530,496,535,532,531,492,534,493,495,491,
402,369,403,404,309,69,241,311,250,254,305,308,310,306,253,304,255,247,252,246,251,410,243,242,248,249,240,245,466,478,244,463,90,475,368,295,419,469,472,307,312,460,417,293,297,298,376,286,421,409,375,281,287,239,300,292,290,299,443,420,338,198,373,214,211,415,418,339,209,203,269,416,157,210,202,398,204,205,201,200,207,208,291,289,288,206,98,212,213,50,387,334,88,385,372,384,383,280,414,178,263,262,393,395,52,49,337,93,272,441,48,146,171,164,332,47,381,165,392,294,285,41,44,382,386,45,397,284,51,378,380,379,396,147,46,278,283,282,270,394,296,36,145,38,224,35,37,39,40,66,279,43,162,42,399,400,156,94,230,9,3,333,77,78,100,440,172,265,199,197,161,107,317,264,261,266,336,58,129,160,126,229,7,112,155,236,340,95,238,237,128,119,154,223,159,158,8,122,273,127,116,140,193,91,118,168,4,6,169,142,120,123,138,104,132,135,136,137,97,358,133,124,106,111,139,108,131,113,141,117,92,313,411,61,341,105,318,319,342,54,274,99,408,315,344,314,62,148,60,320,356,268,96,267,316,351,18,153,114,121,413,57,412,134,231,115,130,125,56,110,5,72,65,191,271,67,277,355,87,89,76,68,374,370,17,71,377,346,74,275,276,371,367,55,73,152,357,109,75,335,59,196,194,343,63,195,220,215,33,70,166,347,64,173,170,401,143,34,354,144,151,149,353,222,150,406,407,227,163,405,190,221,228,192,233,226,82,225,234,235,352,84,85,83,366,232,303,176,53,86,350,177,189,365,364,345,167,363,302,362,219,81,14,175,11,32,13,10,80,174,31,180,181,349,12,348,188,217,218,216,361,183,481,179,301,79,182,427,16,430,487,428,429,0,15,455,445,19,450,1,448,260,453,464,484,446,442,485,439,432,456,479,431,451,438,447,449,467,470,28,452,436,462,458,465,473,422,461,20,476,488,433,257,468,437,477,474,256,471,459,454,517,457,509,444,423,259,258,482,480,486,483,506,187,508,359,21,185,186,24,184,23,22,25,360,26,498,528,27,30,425,29,324,322,489,388,325,323,510,526,527,490,503,391,525,390,499,515,321,505,389,504,426,507,500,434,435,523,497,529,424,516,524,533,501,101,103,513,514,512,102,511,519,502,518,329,330,327,522,521,326,494,520,328,331,2,532,530,536,491,495,496,493,531,534,492,535,
402,369,403,404,309,69,241,311,250,254,305,310,308,306,253,304,255,247,252,246,251,410,243,242,248,249,240,245,466,478,244,463,368,90,475,295,419,469,472,307,312,460,417,293,297,298,376,286,421,375,409,281,287,239,300,292,290,299,443,420,338,198,373,214,211,418,415,339,203,209,416,269,157,210,202,204,398,205,201,200,207,208,291,289,288,206,98,212,213,50,387,334,88,385,372,384,383,280,414,178,262,263,393,395,52,49,337,93,272,441,48,146,171,164,332,47,381,165,392,294,382,45,386,285,44,41,51,397,284,380,396,379,378,147,278,46,283,282,394,270,296,36,145,38,224,35,37,39,279,66,40,43,162,42,399,400,156,94,9,230,3,333,77,100,78,440,172,265,199,197,161,107,317,261,264,266,336,58,129,160,126,229,7,112,155,236,340,237,95,238,154,128,119,223,159,8,158,122,273,127,116,140,193,91,118,4,168,169,6,142,135,123,104,138,120,132,136,137,133,97,358,106,124,139,111,108,141,131,113,117,92,313,341,318,61,105,411,319,342,54,274,99,315,408,344,314,62,60,148,320,316,267,356,96,268,18,153,351,121,413,412,134,114,57,125,130,231,115,110,5,56,65,271,72,67,191,277,87,355,89,68,76,377,370,374,17,71,346,74,275,276,371,55,367,152,73,357,109,335,75,59,196,343,194,63,195,220,215,70,33,347,166,173,64,170,34,143,401,354,144,149,151,222,353,406,407,150,405,163,227,226,221,233,190,228,192,82,225,234,235,352,84,366,83,85,232,53,303,176,86,350,189,177,365,364,345,167,302,363,362,219,81,14,175,11,13,10,32,174,180,80,31,349,181,12,348,216,188,218,217,361,183,179,481,301,79,182,427,16,430,487,428,429,15,0,455,445,450,19,1,448,260,453,446,464,484,442,485,432,439,479,456,431,451,438,447,449,467,470,28,452,436,462,465,458,473,461,422,20,433,476,488,257,256,437,471,477,468,459,474,454,517,457,509,423,259,444,258,482,486,480,483,506,187,508,359,21,185,24,184,22,186,23,25,360,26,498,528,27,425,30,29,489,324,322,325,323,388,526,510,527,391,525,503,490,390,499,515,321,504,505,389,426,507,434,500,435,497,523,516,424,533,529,524,501,101,511,513,514,512,103,102,519,502,518,329,330,327,521,520,494,522,326,331,328,2,492,532,491,535,530,536,496,531,534,495,493,
402,369,403,404,309,69,241,311,250,254,305,310,308,306,253,304,255,247,252,246,251,410,243,242,249,248,240,245,466,478,244,463,475,90,368,295,419,469,472,307,312,460,417,293,298,297,376,286,421,409,375,281,287,239,300,292,290,299,443,420,338,198,373,214,211,418,415,339,203,209,416,269,157,210,202,398,204,205,201,200,207,208,291,289,288,98,206,212,213,50,387,334,88,385,372,384,383,280,414,178,263,262,393,395,52,49,337,93,441,272,48,146,171,164,332,47,381,392,165,294,382,386,44,41,45,285,284,397,51,378,380,379,396,147,46,278,283,282,270,394,296,145,36,38,224,37,35,39,40,279,66,43,162,42,399,156,400,94,9,230,3,333,77,78,100,440,172,265,199,197,107,161,317,261,264,266,336,160,129,58,126,229,7,236,155,112,340,237,238,95,119,154,128,223,159,273,158,122,8,127,193,116,140,91,118,168,4,169,6,142,138,123,132,120,135,104,137,133,97,358,136,106,124,139,108,111,113,141,131,92,117,313,411,318,341,105,61,319,274,99,54,342,408,315,314,344,62,60,148,320,96,268,316,267,356,153,351,18,413,121,57,134,114,412,115,231,125,130,56,5,110,191,67,65,72,271,277,355,87,89,68,76,374,370,17,71,377,275,74,346,276,371,55,367,73,152,357,109,75,335,59,196,343,194,63,195,220,215,70,33,166,347,64,173,170,143,34,401,354,144,151,149,222,353,407,406,150,227,163,405,190,226,192,228,221,233,82,225,234,235,352,366,83,84,85,232,176,53,303,86,350,189,365,177,345,364,302,219,363,362,167,175,14,81,11,13,32,10,174,80,31,180,181,349,348,12,218,217,216,188,361,183,481,179,79,301,182,427,16,430,487,429,428,0,15,455,445,19,450,448,1,453,260,484,464,446,485,442,432,439,456,479,451,438,431,447,449,467,470,28,452,436,458,462,465,473,461,422,20,433,488,476,257,471,474,468,459,437,477,256,454,517,457,509,423,259,444,258,486,482,480,483,506,187,508,359,21,185,186,23,22,184,24,25,360,26,498,528,30,27,29,425,489,322,324,325,388,323,526,510,527,390,525,503,499,391,490,515,321,505,504,389,507,426,434,500,435,497,523,424,529,533,516,524,101,501,514,512,513,103,511,102,519,502,518,327,329,330,522,521,520,494,326,2,331,328,492,491,531,495,493,536,534,496,535,530,532,
402,369,403,404,309,69,241,311,250,254,305,308,310,306,253,304,255,247,252,246,251,410,243,242,249,248,240,245,466,478,244,463,368,90,475,295,419,469,472,307,312,460,417,293,298,297,376,286,421,409,375,281,287,239,300,292,290,299,443,420,338,198,373,214,211,415,418,339,203,209,269,416,157,210,202,204,398,205,201,200,208,207,291,289,288,206,98,212,213,387,50,334,88,385,372,384,280,383,414,178,263,262,393,395,52,49,337,93,272,441,48,146,171,164,332,47,381,165,392,294,382,386,45,41,285,44,397,284,51,378,396,380,379,147,278,46,283,282,394,270,296,145,36,38,224,35,37,39,279,66,40,43,162,42,399,400,156,94,9,230,3,333,77,78,100,440,172,265,199,197,161,107,317,264,261,266,336,160,58,129,126,229,7,155,236,112,340,238,95,237,119,128,154,223,159,122,8,158,273,127,193,140,116,91,118,4,168,6,169,142,135,138,104,132,120,123,136,137,358,97,133,124,106,139,111,108,141,113,131,92,117,313,61,411,341,318,105,319,342,99,54,274,315,408,344,314,62,148,60,320,96,267,268,356,316,153,351,18,57,114,121,412,134,413,130,115,125,231,110,5,56,65,271,67,191,72,87,277,355,89,76,68,370,374,377,17,71,74,346,275,276,371,55,367,73,152,357,109,75,335,59,196,343,194,63,195,220,70,33,215,166,347,64,173,170,401,143,34,354,144,151,149,353,222,407,406,150,163,227,405,226,221,233,190,228,192,82,225,235,234,352,366,84,83,85,176,303,232,53,86,350,177,365,189,345,364,362,167,219,363,302,175,14,81,11,10,32,13,31,180,80,174,349,181,12,348,217,188,218,216,361,183,179,481,79,301,182,427,16,430,487,429,428,0,15,455,445,450,19,448,1,260,453,484,446,464,485,442,439,432,479,456,438,451,431,449,447,467,470,28,436,452,465,458,462,473,422,461,20,488,476,433,257,437,471,256,459,468,474,477,454,517,457,509,444,259,423,258,480,486,482,483,506,187,508,359,21,185,184,24,186,22,23,25,360,26,528,498,425,27,29,30,322,324,489,388,325,323,510,526,527,499,391,490,503,525,390,515,321,389,505,504,426,507,500,434,435,523,497,524,533,516,424,529,101,501,511,514,513,102,103,512,519,502,329,327,518,330,520,494,326,522,521,328,2,331,535,491,493,532,534,495,492,536,531,530,496,
402,369,403,404,309,69,241,311,250,254,305,310,308,306,253,304,255,247,252,246,251,410,243,242,248,249,240,245,466,478,244,463,90,475,368,295,419,469,472,307,312,460,417,293,298,297,376,286,421,409,375,281,287,239,300,292,290,299,443,420,338,198,373,214,211,415,418,339,203,209,269,416,157,202,210,204,398,205,201,200,208,207,291,289,288,98,206,212,213,50,387,334,88,385,372,384,383,280,414,178,263,262,393,395,52,49,337,93,441,272,48,146,171,164,332,47,381,392,165,294,41,45,382,386,285,44,51,284,397,379,380,396,378,147,278,46,283,282,394,270,296,36,145,38,224,35,37,39,40,279,66,43,162,42,399,156,400,94,9,230,3,333,77,100,78,440,172,265,199,197,107,161,317,261,264,266,336,160,129,58,126,229,7,155,236,112,340,95,238,237,154,128,119,223,159,158,8,273,122,127,116,193,140,91,118,4,168,169,6,142,135,138,120,104,132,123,358,137,136,133,97,106,124,111,139,108,141,113,131,313,92,117,318,105,341,411,61,319,342,274,54,99,315,408,314,344,62,148,60,320,96,267,356,316,268,351,153,18,121,412,134,57,114,413,115,130,231,125,110,56,5,65,271,72,67,191,355,277,87,89,68,76,377,374,71,370,17,74,275,346,371,276,55,367,73,152,357,109,335,75,59,196,194,343,63,195,220,33,70,215,166,347,64,173,170,143,401,34,354,144,151,149,353,222,407,150,406,405,163,227,221,228,192,226,190,233,82,225,234,235,352,85,366,83,84,232,303,176,53,350,86,365,177,189,345,364,219,302,362,363,167,81,14,175,11,13,10,32,174,180,80,31,349,181,12,348,218,217,188,216,361,183,179,481,301,79,182,427,16,430,487,429,428,15,0,455,445,450,19,1,448,260,453,464,446,484,485,442,432,439,456,479,431,438,451,449,447,467,470,28,436,452,458,465,462,473,422,461,20,433,488,476,257,477,437,474,459,471,256,468,454,517,457,509,259,444,423,258,482,486,480,483,506,187,508,359,21,185,186,23,22,24,184,25,360,26,498,528,30,29,27,425,324,489,322,323,325,388,510,526,527,490,390,499,525,391,503,515,321,505,389,504,507,426,500,434,435,523,497,524,529,533,516,424,501,101,514,512,513,511,102,103,519,502,327,329,518,330,520,521,326,494,522,331,328,2,531,535,492,532,493,495,491,496,536,534,530,
402,369,403,404,309,69,241,311,250,254,305,310,308,306,253,304,255,247,252,246,251,410,243,242,249,248,240,245,466,478,244,463,368,90,475,295,419,469,472,307,312,460,417,293,298,297,376,286,421,409,375,281,287,239,300,292,290,299,443,420,338,198,373,214,211,418,415,339,209,203,269,416,157,202,210,204,398,205,201,200,207,208,291,289,288,98,206,212,213,387,50,334,88,385,372,384,383,280,414,178,263,262,393,395,52,49,337,93,441,272,146,48,171,164,332,47,165,381,392,294,285,41,44,386,45,382,284,51,397,379,378,380,396,147,278,46,283,282,270,394,296,36,145,38,224,37,35,39,279,40,66,43,162,42,399,156,400,94,230,9,3,333,77,100,78,440,172,265,199,197,107,161,317,261,264,266,336,129,58,160,126,229,7,155,112,236,340,95,238,237,119,128,154,223,159,273,122,158,8,127,116,193,140,91,118,168,4,169,6,142,104,123,132,135,138,120,133,358,97,136,137,124,106,108,111,139,113,131,141,313,92,117,318,411,61,341,105,319,342,54,274,99,408,315,314,344,60,148,62,320,316,96,268,356,267,153,351,18,412,134,114,121,57,413,130,125,115,231,56,5,110,65,67,271,72,191,355,87,277,89,68,76,71,377,17,370,374,74,346,275,276,371,55,367,73,152,357,109,75,335,59,196,194,343,63,195,220,70,33,215,166,347,64,173,170,34,401,143,354,144,149,151,222,353,407,406,150,405,227,163,192,190,228,226,221,233,82,225,234,235,352,85,366,84,83,232,176,303,53,350,86,177,365,189,345,364,363,167,302,219,362,81,175,14,11,13,32,10,180,80,31,174,349,181,348,12,217,218,216,188,361,183,179,481,79,301,182,427,16,430,487,429,428,0,15,455,445,19,450,1,448,260,453,464,446,484,485,442,432,439,479,456,438,451,431,449,447,470,467,28,452,436,458,462,465,473,461,422,20,476,433,488,257,471,477,437,474,468,459,256,454,517,457,509,444,259,423,258,480,486,482,483,506,187,508,359,21,185,24,23,184,186,22,25,360,26,498,528,30,425,27,29,324,489,322,325,323,388,510,526,527,499,390,490,525,391,503,515,321,389,504,505,507,426,434,500,435,523,497,533,424,529,524,516,501,101,103,102,513,514,512,511,519,502,327,518,330,329,520,522,521,494,326,331,328,2,492,531,496,534,495,493,532,536,535,491,530,
402,369,403,404,309,69,241,311,250,254,305,310,308,306,253,304,255,247,252,246,251,410,243,242,249,248,240,245,466,478,244,463,368,475,90,295,419,469,472,307,312,460,417,293,297,298,376,286,421,375,409,281,287,239,300,292,290,299,443,420,338,198,373,214,211,415,418,339,209,203,416,269,157,202,210,204,398,205,201,200,207,208,291,289,288,206,98,212,213,387,50,334,88,385,372,384,280,383,414,178,262,263,393,395,52,49,337,93,441,272,146,48,171,164,332,47,392,381,165,294,41,382,44,386,45,285,397,284,51,396,378,379,380,147,278,46,283,282,394,270,296,145,36,38,224,35,37,39,66,279,40,43,162,42,399,156,400,94,9,230,3,333,77,100,78,440,172,265,199,197,161,107,317,261,264,266,336,160,129,58,126,229,7,112,155,236,340,237,238,95,128,154,119,223,159,8,122,158,273,127,193,116,140,91,118,4,168,169,6,142,120,135,138,132,104,123,133,358,136,97,137,106,124,111,108,139,131,113,141,92,117,313,105,318,341,411,61,319,274,99,342,54,315,408,344,314,60,148,62,320,316,267,268,356,96,18,351,153,412,134,121,413,114,57,115,125,130,231,56,110,5,271,191,72,65,67,277,87,355,89,68,76,71,374,370,17,377,275,346,74,276,371,55,367,73,152,357,109,75,335,59,196,194,343,195,63,220,215,33,70,347,166,173,64,170,34,143,401,354,144,151,149,353,222,407,406,150,163,405,227,226,190,228,221,192,233,225,82,234,235,352,85,366,84,83,232,176,53,303,86,350,365,189,177,345,364,219,167,362,363,302,14,81,175,11,32,10,13,31,180,174,80,349,181,348,12,217,218,216,188,361,183,179,481,301,79,182,427,16,430,487,428,429,0,15,455,445,450,19,448,1,260,453,446,484,464,442,485,432,439,456,479,451,431,438,447,449,467,470,28,436,452,465,458,462,473,422,461,20,433,488,476,257,468,437,474,471,256,459,477,454,517,457,509,423,259,444,258,480,486,482,483,506,187,508,359,21,185,22,23,186,184,24,25,360,26,528,498,27,425,30,29,489,324,322,323,388,325,526,510,527,490,390,503,499,391,525,515,321,505,504,389,507,426,500,434,435,497,523,424,533,529,524,516,501,101,513,511,103,512,102,514,519,502,330,327,329,518,494,326,522,520,521,328,2,331,492,491,534,535,496,493,536,530,531,495,532,
402,369,403,404,309,69,241,311,250,254,305,310,308,306,253,304,255,247,252,246,251,410,243,242,248,249,240,245,466,478,244,463,90,475,368,295,419,469,472,307,312,460,417,293,297,298,376,286,421,375,409,281,287,239,300,292,290,299,443,420,338,198,373,214,211,418,415,339,209,203,269,416,157,210,202,398,204,205,201,200,207,208,291,289,288,98,206,212,213,387,50,334,88,385,372,384,280,383,414,178,263,262,393,395,52,49,337,93,441,272,146,48,171,164,332,47,165,392,381,294,386,44,45,41,285,382,284,51,397,378,396,379,380,147,278,46,283,282,270,394,296,36,145,38,224,35,37,39,279,66,40,43,162,42,399,156,400,94,230,9,3,333,77,100,78,440,172,265,199,197,161,107,317,264,261,266,336,58,129,160,126,229,7,155,236,112,340,238,237,95,119,154,128,223,159,122,8,158,273,127,116,193,140,91,118,168,4,6,169,142,138,104,120,135,123,132,358,136,137,133,97,106,124,111,108,139,131,141,113,92,313,117,411,318,61,105,341,319,342,99,274,54,315,408,314,344,60,148,62,320,356,268,96,267,316,351,153,18,121,413,57,114,412,134,125,115,130,231,5,56,110,191,65,72,67,271,355,87,277,89,68,76,71,374,17,377,370,74,346,275,276,371,55,367,152,73,357,109,335,75,59,196,343,194,63,195,220,70,215,33,166,347,173,64,170,143,401,34,354,144,151,149,222,353,407,406,150,405,227,163,192,190,228,226,233,221,225,82,234,235,352,84,366,83,85,303,232,53,176,86,350,189,365,177,345,364,363,167,219,302,362,81,175,14,11,13,32,10,180,31,80,174,181,349,348,12,216,217,218,188,361,183,179,481,301,79,182,427,16,430,487,429,428,0,15,455,445,450,19,1,448,453,260,464,446,484,485,442,439,432,479,456,431,451,438,447,449,470,467,28,452,436,465,458,462,473,422,461,20,433,488,476,257,459,474,471,437,468,256,477,454,517,457,509,259,444,423,258,482,486,480,483,506,187,508,359,21,185,23,22,24,184,186,25,360,26,528,498,27,29,30,425,489,324,322,388,325,323,510,526,527,499,525,503,391,490,390,515,321,389,505,504,507,426,500,434,435,523,497,524,529,516,424,533,101,501,102,512,511,514,513,103,519,502,327,330,329,518,494,521,326,520,522,2,328,331,496,530,492,535,491,495,531,536,532,534,493,
402,369,403,404,309,69,241,311,250,254,305,310,308,306,253,304,255,247,252,246,251,410,243,242,249,248,240,245,466,478,244,463,475,368,90,295,419,469,472,307,312,460,417,293,298,297,376,286,421,375,409,281,287,239,300,292,290,299,443,420,338,198,373,214,211,418,415,339,203,209,416,269,157,202,210,398,204,205,201,200,207,208,291,289,288,206,98,212,213,50,387,334,88,385,372,384,383,280,414,178,262,263,393,395,52,49,337,93,441,272,48,146,171,164,332,47,165,392,381,294,285,41,45,382,386,44,397,51,284,396,379,378,380,147,278,46,283,282,270,394,296,36,145,38,224,35,37,39,66,40,279,43,162,42,399,400,156,94,230,9,3,333,77,78,100,440,172,265,199,197,161,107,317,261,264,266,336,58,160,129,126,229,7,236,112,155,340,237,95,238,119,128,154,223,159,122,8,158,273,127,193,116,140,91,118,4,168,169,6,142,120,135,132,104,123,138,358,136,133,137,97,106,124,108,111,139,113,141,131,313,92,117,318,105,411,61,341,319,99,54,274,342,408,315,344,314,148,62,60,320,356,316,96,268,267,351,153,18,413,114,121,412,134,57,130,125,115,231,56,5,110,191,67,72,65,271,277,355,87,89,68,76,377,17,71,370,374,275,346,74,276,371,367,55,152,73,357,109,75,335,59,196,343,194,63,195,220,33,70,215,347,166,173,64,170,401,143,34,354,144,151,149,222,353,406,407,150,163,227,405,192,226,221,190,228,233,225,82,234,235,352,85,84,366,83,53,176,303,232,86,350,177,365,189,364,345,167,362,302,219,363,175,14,81,11,32,10,13,174,180,31,80,181,349,12,348,216,218,188,217,361,183,481,179,301,79,182,427,16,430,487,428,429,0,15,455,445,450,19,448,1,260,453,484,446,464,442,485,432,439,479,456,451,438,431,449,447,467,470,28,436,452,462,458,465,473,461,422,20,488,476,433,257,477,474,256,437,468,471,459,454,517,457,509,423,444,259,258,486,482,480,483,506,187,508,359,21,185,22,184,23,24,186,25,360,26,498,528,29,425,30,27,322,489,324,323,325,388,510,526,527,390,391,499,503,490,525,515,321,504,389,505,507,426,500,434,435,497,523,424,516,533,529,524,101,501,514,512,103,102,511,513,519,502,518,330,327,329,520,494,521,326,522,2,331,328,495,530,496,534,536,531,492,493,491,535,532,
402,369,403,404,309,69,241,311,250,254,305,310,308,306,253,304,255,247,252,246,251,410,243,242,249,248,240,245,466,478,244,463,368,90,475,295,419,469,472,307,312,460,417,293,297,298,376,286,421,375,409,281,287,239,300,292,290,299,443,420,338,198,373,214,211,418,415,339,203,209,269,416,157,202,210,204,398,205,201,200,208,207,291,289,288,206,98,212,213,387,50,334,88,385,372,384,280,383,414,178,263,262,393,395,52,49,337,93,272,441,48,146,171,164,332,47,381,165,392,294,382,386,44,41,45,285,397,51,284,379,378,396,380,147,278,46,283,282,394,270,296,145,36,38,224,35,37,39,66,279,40,43,162,42,399,400,156,94,230,9,3,333,77,100,78,440,172,265,199,197,107,161,317,264,261,266,336,58,160,129,126,229,7,112,155,236,340,95,238,237,154,128,119,223,159,158,273,8,122,127,193,116,140,91,118,4,168,169,6,142,123,120,138,135,104,132,358,137,133,136,97,106,124,139,108,111,131,113,141,117,313,92,318,411,105,61,341,319,99,54,342,274,315,408,344,314,62,148,60,320,316,96,267,268,356,153,351,18,121,57,413,412,114,134,231,130,125,115,5,110,56,271,72,65,67,191,355,87,277,89,68,76,377,71,17,370,374,275,74,346,371,276,55,367,73,152,357,109,75,335,59,196,194,343,195,63,220,33,70,215,347,166,173,64,170,34,143,401,354,144,149,151,353,222,150,406,407,405,227,163,233,226,192,221,228,190,82,225,235,234,352,83,84,366,85,303,176,232,53,86,350,365,189,177,345,364,302,167,362,219,363,175,14,81,11,10,32,13,80,174,180,31,349,181,12,348,216,218,188,217,361,183,481,179,301,79,182,427,16,430,487,429,428,15,0,455,445,450,19,1,448,260,453,464,446,484,485,442,439,432,456,479,451,438,431,447,449,470,467,28,436,452,465,462,458,473,461,422,20,488,476,433,257,256,459,477,468,471,474,437,454,517,457,509,444,259,423,258,486,482,480,483,506,187,508,359,21,185,22,24,186,23,184,25,360,26,528,498,27,30,29,425,324,489,322,388,325,323,526,510,527,490,525,391,499,390,503,515,321,504,389,505,426,507,434,500,435,497,523,529,533,516,424,524,501,101,511,513,512,103,514,102,519,502,327,330,518,329,520,494,326,522,521,331,2,328,495,492,496,531,530,532,493,536,534,535,491,
402,369,403,404,309,69,241,311,250,254,305,310,308,306,253,304,255,247,252,246,251,410,243,242,248,249,240,245,466,478,244,463,90,368,475,295,419,469,472,307,312,460,417,293,298,297,376,286,421,409,375,281,287,239,300,292,290,299,443,420,338,198,373,214,211,418,415,339,209,203,269,416,157,202,210,398,204,205,201,200,208,207,291,289,288,206,98,212,213,387,50,334,88,385,372,384,280,383,414,178,262,263,393,395,52,49,337,93,441,272,48,146,171,164,332,47,392,381,165,294,41,45,285,386,44,382,51,397,284,378,379,396,380,147,278,46,283,282,394,270,296,145,36,38,224,37,35,39,279,40,66,43,162,42,399,400,156,94,9,230,3,333,77,100,78,440,172,265,199,197,161,107,317,264,261,266,336,129,58,160,126,229,7,155,112,236,340,238,237,95,128,119,154,223,159,273,122,8,158,127,116,193,140,91,118,168,4,169,6,142,104,135,120,123,132,138,137,136,97,358,133,106,124,139,111,108,141,131,113,92,117,313,318,61,341,411,105,319,99,54,274,342,315,408,344,314,62,60,148,320,268,356,267,316,96,18,153,351,134,114,413,412,121,57,231,125,115,130,56,5,110,191,72,271,67,65,87,277,355,89,76,68,71,370,374,377,17,275,346,74,276,371,55,367,73,152,357,109,335,75,59,196,194,343,195,63,220,70,33,215,347,166,64,173,170,34,401,143,354,144,149,151,222,353,150,406,407,227,405,163,221,233,190,226,192,228,82,225,235,234,352,84,366,83,85,176,232,53,303,86,350,365,189,177,345,364,219,302,362,363,167,14,175,81,11,10,13,32,174,180,31,80,349,181,348,12,216,218,188,217,361,183,481,179,79,301,182,427,16,430,487,429,428,0,15,455,445,19,450,1,448,260,453,446,484,464,442,485,439,432,456,479,438,431,451,447,449,467,470,28,452,436,462,465,458,473,422,461,20,433,476,488,257,477,256,437,471,474,468,459,454,517,457,509,259,423,444,258,486,482,480,483,506,187,508,359,21,185,23,22,186,24,184,25,360,26,528,498,29,27,425,30,489,322,324,388,325,323,510,526,527,499,503,490,525,390,391,515,321,505,504,389,507,426,434,500,435,523,497,524,424,516,529,533,501,101,102,513,511,103,514,512,519,502,329,327,518,330,520,522,494,326,521,331,328,2,532,492,536,534,530,491,493,535,496,531,495,
402,369,403,404,309,69,241,311,250,254,305,308,310,306,253,304,255,247,252,246,251,410,243,242,248,249,240,245,466,478,244,463,475,90,368,295,419,469,472,307,312,460,417,293,298,297,376,286,421,409,375,281,287,239,300,292,290,299,443,420,338,198,373,214,211,415,418,339,209,203,269,416,157,202,210,398,204,205,201,200,207,208,291,289,288,98,206,212,213,387,50,334,88,385,372,384,383,280,414,178,263,262,393,395,52,49,337,93,441,272,48,146,171,164,332,47,392,165,381,294,44,45,41,285,382,386,284,51,397,379,378,396,380,147,278,46,283,282,394,270,296,36,145,38,224,37,35,39,40,279,66,43,162,42,399,400,156,94,230,9,3,333,77,100,78,440,172,265,199,197,107,161,317,264,261,266,336,160,58,129,126,229,7,236,155,112,340,238,95,237,119,128,154,223,159,158,122,8,273,127,193,140,116,91,118,168,4,6,169,142,138,123,120,135,132,104,97,137,136,133,358,124,106,139,111,108,141,131,113,117,92,313,341,61,411,105,318,319,274,54,99,342,408,315,344,314,62,148,60,320,267,96,268,316,356,18,153,351,114,121,134,57,413,412,115,125,130,231,110,56,5,67,72,271,65,191,277,355,87,89,68,76,377,17,374,370,71,74,346,275,371,276,367,55,152,73,357,109,75,335,59,196,343,194,195,63,220,70,33,215,166,347,173,64,170,34,401,143,354,144,151,149,353,222,407,150,406,163,227,405,221,228,190,233,226,192,225,82,234,235,352,366,84,83,85,176,303,232,53,350,86,189,365,177,345,364,167,363,219,362,302,81,175,14,11,10,13,32,180,31,80,174,181,349,12,348,218,217,188,216,361,183,481,179,79,301,182,427,16,430,487,429,428,15,0,455,445,19,450,1,448,260,453,446,484,464,485,442,439,432,456,479,431,438,451,447,449,467,470,28,436,452,462,465,458,473,461,422,20,476,488,433,257,459,474,437,477,471,468,256,454,517,457,509,259,444,423,258,482,486,480,483,506,187,508,359,21,185,186,23,22,184,24,25,360,26,528,498,27,30,29,425,322,489,324,323,325,388,510,526,527,390,490,499,391,525,503,515,321,504,389,505,507,426,434,500,435,497,523,524,516,424,529,533,101,501,513,102,512,103,511,514,519,502,330,518,327,329,522,520,521,494,326,328,331,2,531,493,491,496,534,492,532,530,536,495,535,
402,369,403,404,309,69,241,311,250,254,305,310,308,306,253,304,255,247,252,246,251,410,243,242,248,249,240,245,466,478,244,463,475,90,368,295,419,469,472,307,312,460,417,293,297,298,376,286,421,375,409,281,287,239,300,292,290,299,443,420,338,198,373,214,211,418,415,339,203,209,416,269,157,202,210,398,204,205,201,200,208,207,291,289,288,98,206,212,213,387,50,334,88,385,372,384,383,280,414,178,263,262,393,395,52,49,337,93,272,441,48,146,171,164,332,47,381,165,392,294,386,382,41,44,45,285,51,284,397,379,380,396,378,147,278,46,283,282,270,394,296,145,36,38,224,37,35,39,40,279,66,43,162,42,399,400,156,94,9,230,3,333,77,100,78,440,172,265,199,197,161,107,317,261,264,266,336,58,160,129,126,229,7,112,236,155,340,95,237,238,128,119,154,223,159,158,273,8,122,127,140,193,116,91,118,4,168,169,6,142,138,123,132,104,120,135,136,97,358,137,133,124,106,111,108,139,131,141,113,92,117,313,61,341,105,411,318,319,99,274,342,54,408,315,344,314,148,60,62,320,267,268,96,356,316,153,351,18,121,412,134,413,57,114,130,115,125,231,110,5,56,72,67,271,191,65,355,277,87,89,76,68,71,374,17,370,377,275,74,346,276,371,55,367,152,73,357,109,335,75,59,196,343,194,63,195,220,215,70,33,347,166,64,173,170,401,143,34,354,144,149,151,222,353,406,407,150,405,163,227,221,228,192,226,190,233,82,225,235,234,352,366,85,83,84,53,232,176,303,350,86,177,189,365,345,364,167,363,219,302,362,175,14,81,11,10,32,13,31,80,180,174,181,349,12,348,188,217,218,216,361,183,179,481,301,79,182,427,16,430,487,429,428,15,0,455,445,19,450,1,448,453,260,446,484,464,442,485,432,439,479,456,438,451,431,449,447,467,470,28,452,436,462,458,465,473,422,461,20,476,433,488,257,468,471,474,459,477,437,256,454,517,457,509,444,259,423,258,480,482,486,483,506,187,508,359,21,185,22,186,184,23,24,25,360,26,528,498,27,425,30,29,322,324,489,323,388,325,510,526,527,525,391,490,503,499,390,515,321,505,504,389,507,426,500,434,435,523,497,533,529,424,516,524,501,101,512,511,102,103,514,513,519,502,329,330,327,518,522,521,520,326,494,328,331,2,492,534,491,495,532,493,530,496,535,531,536,
402,369,403,404,309,69,241,311,250,254,305,308,310,306,253,304,255,247,252,246,251,410,243,242,249,248,240,245,466,478,244,463,368,475,90,295,419,469,472,307,312,460,417,293,297,298,376,286,421,375,409,281,287,239,300,292,290,299,443,420,338,198,373,214,211,415,418,339,203,209,416,269,157,210,202,204,398,205,201,200,208,207,291,289,288,206,98,212,213,50,387,334,88,385,372,384,280,383,414,178,262,263,393,395,52,49,337,93,441,272,146,48,171,164,332,47,381,392,165,294,386,44,41,285,382,45,397,284,51,378,396,379,380,147,278,46,283,282,270,394,296,145,36,38,224,37,35,39,40,279,66,43,162,42,399,400,156,94,9,230,3,333,77,78,100,440,172,265,199,197,161,107,317,261,264,266,336,160,129,58,126,229,7,112,155,236,340,95,238,237,119,128,154,223,159,273,122,8,158,127,140,193,116,91,118,168,4,6,169,142,135,132,123,138,120,104,136,358,97,137,133,106,124,139,108,111,113,141,131,92,313,117,318,105,341,411,61,319,274,99,342,54,315,408,344,314,62,148,60,320,96,316,268,267,356,18,153,351,121,134,412,413,57,114,125,130,231,115,5,56,110,271,72,65,67,191,87,277,355,89,68,76,71,377,370,374,17,74,346,275,276,371,55,367,73,152,357,109,335,75,59,196,343,194,195,63,220,33,215,70,166,347,64,173,170,143,401,34,354,144,151,149,353,222,406,150,407,227,405,163,190,233,226,192,221,228,225,82,234,235,352,366,83,84,85,53,176,303,232,350,86,365,189,177,364,345,362,219,363,302,167,14,81,175,11,10,32,13,31,180,174,80,349,181,12,348,188,217,218,216,361,183,481,179,301,79,182,427,16,430,487,429,428,15,0,455,445,19,450,448,1,453,260,464,484,446,485,442,432,439,479,456,431,438,451,449,447,467,470,28,436,452,462,465,458,473,422,461,20,488,433,476,257,477,256,459,468,471,437,474,454,517,457,509,423,259,444,258,480,486,482,483,506,187,508,359,21,185,24,184,22,186,23,25,360,26,498,528,27,29,30,425,489,322,324,325,323,388,526,510,527,490,390,503,499,391,525,515,321,504,505,389,426,507,434,500,435,523,497,529,524,424,516,533,501,101,514,103,102,511,513,512,519,502,518,329,330,327,520,521,326,522,494,2,331,328,535,530,534,536,493,532,492,491,496,495,531,
402,369,403,404,309,69,241,311,250,254,305,308,310,306,253,304,255,247,252,246,251,410,243,242,248,249,240,245,466,478,244,463,368,475,90,295,419,469,472,307,312,460,417,293,298,297,376,286,421,409,375,281,287,239,300,292,290,299,443,420,338,198,373,214,211,418,415,339,203,209,416,269,157,210,202,398,204,205,201,200,207,208,291,289,288,206,98,212,213,50,387,334,88,385,372,384,280,383,414,178,263,262,393,395,52,49,337,93,272,441,146,48,171,164,332,47,381,165,392,294,386,382,41,285,45,44,51,397,284,378,396,379,380,147,278,46,283,282,394,270,296,145,36,38,224,37,35,39,40,66,279,43,162,42,399,156,400,94,230,9,3,333,77,100,78,440,172,265,199,197,161,107,317,261,264,266,336,129,160,58,126,229,7,236,155,112,340,95,238,237,119,154,128,223,159,122,8,158,273,127,140,193,116,91,118,168,4,169,6,142,138,135,123,120,132,104,133,358,97,137,136,106,124,111,139,108,141,113,131,313,117,92,341,411,318,61,105,319,274,99,342,54,315,408,344,314,60,148,62,320,316,268,96,267,356,351,18,153,121,57,413,114,134,412,231,115,130,125,110,56,5,72,271,191,67,65,87,277,355,89,68,76,377,374,17,370,71,275,346,74,371,276,55,367,73,152,357,109,335,75,59,196,194,343,195,63,220,70,215,33,347,166,173,64,170,34,143,401,354,144,151,149,222,353,406,407,150,227,163,405,233,190,228,221,192,226,82,225,235,234,352,83,84,366,85,232,176,303,53,350,86,189,365,177,364,345,302,363,167,219,362,175,81,14,11,32,10,13,80,31,180,174,181,349,12,348,218,188,216,217,361,183,179,481,79,301,182,427,16,430,487,429,428,0,15,455,445,450,19,448,1,260,453,464,446,484,442,485,432,439,479,456,431,438,451,449,447,467,470,28,436,452,465,458,462,473,422,461,20,488,476,433,257,474,437,471,256,468,459,477,454,517,457,509,259,423,444,258,482,486,480,483,506,187,508,359,21,185,23,24,186,184,22,25,360,26,498,528,425,30,27,29,489,322,324,325,388,323,510,526,527,503,490,391,525,499,390,515,321,505,504,389,426,507,434,500,435,523,497,533,524,424,529,516,501,101,102,513,103,512,514,511,519,502,518,330,327,329,522,326,494,521,520,331,328,2,491,493,536,535,492,531,495,532,534,530,496,
402,369,403,404,309,69,241,311,250,254,305,310,308,306,253,304,255,247,252,246,251,410,243,242,249,248,240,245,466,478,244,463,90,475,368,295,419,469,472,307,312,460,417,293,297,298,376,286,421,375,409,281,287,239,300,292,290,299,443,420,338,198,373,214,211,418,415,339,209,203,269,416,157,202,210,398,204,205,201,200,207,208,291,289,288,98,206,212,213,50,387,334,88,385,372,384,383,280,414,178,262,263,393,395,52,49,337,93,272,441,48,146,171,164,332,47,165,381,392,294,44,382,386,285,45,41,51,284,397,379,396,380,378,147,278,46,283,282,394,270,296,145,36,38,224,37,35,39,279,66,40,43,162,42,399,400,156,94,9,230,3,333,77,78,100,440,172,265,199,197,107,161,317,264,261,266,336,58,160,129,126,229,7,236,112,155,340,237,95,238,154,128,119,223,159,158,122,8,273,127,193,116,140,91,118,168,4,6,169,142,123,138,120,132,135,104,358,133,136,97,137,106,124,139,108,111,141,131,113,313,117,92,105,61,411,341,318,319,99,54,342,274,315,408,314,344,60,62,148,320,267,268,356,96,316,351,153,18,121,114,57,134,412,413,231,125,115,130,110,56,5,67,65,271,72,191,87,355,277,89,76,68,377,370,71,374,17,74,346,275,276,371,367,55,73,152,357,109,75,335,59,196,343,194,63,195,220,70,215,33,166,347,64,173,170,143,34,401,354,144,149,151,222,353,406,150,407,163,227,405,228,221,226,192,190,233,82,225,235,234,352,85,84,366,83,232,176,303,53,350,86,177,365,189,345,364,302,363,362,219,167,14,81,175,11,13,10,32,80,174,180,31,181,349,12,348,216,217,188,218,361,183,481,179,79,301,182,427,16,430,487,428,429,0,15,455,445,450,19,1,448,260,453,484,446,464,485,442,432,439,456,479,451,438,431,449,447,467,470,28,452,436,462,465,458,473,461,422,20,433,488,476,257,459,471,477,256,437,474,468,454,517,457,509,259,423,444,258,486,482,480,483,506,187,508,359,21,185,186,22,24,184,23,25,360,26,498,528,30,425,27,29,489,324,322,388,323,325,510,526,527,503,490,390,499,391,525,515,321,389,505,504,507,426,434,500,435,523,497,524,516,424,533,529,501,101,102,514,513,103,512,511,519,502,330,329,518,327,326,522,494,520,521,2,331,328,492,532,530,491,535,493,531,536,496,534,495,
402,369,403,404,309,69,241,311,250,254,305,310,308,306,253,304,255,247,252,246,251,410,243,242,248,249,240,245,466,478,244,463,368,475,90,295,419,469,472,307,312,460,417,293,298,297,376,286,421,375,409,281,287,239,300,292,290,299,443,420,338,198,373,214,211,415,418,339,203,209,416,269,157,210,202,398,204,205,201,200,207,208,291,289,288,98,206,212,213,387,50,334,88,385,372,384,280,383,414,178,263,262,393,395,52,49,337,93,272,441,146,48,171,164,332,47,381,392,165,294,386,41,45,44,285,382,284,51,397,378,379,396,380,147,278,46,283,282,270,394,296,36,145,38,224,37,35,39,40,279,66,43,162,42,399,400,156,94,230,9,3,333,77,100,78,440,172,265,199,197,107,161,317,264,261,266,336,58,129,160,126,229,7,112,236,155,340,238,95,237,154,119,128,223,159,273,122,158,8,127,193,116,140,91,118,4,168,6,169,142,138,132,123,135,120,104,97,136,358,133,137,124,106,139,111,108,113,141,131,92,117,313,105,341,318,411,61,319,274,99,342,54,408,315,344,314,62,60,148,320,268,356,267,96,316,351,153,18,412,114,134,121,57,413,231,130,115,125,5,110,56,72,271,65,67,191,355,87,277,89,76,68,370,71,17,374,377,346,275,74,276,371,367,55,152,73,357,109,75,335,59,196,343,194,195,63,220,33,215,70,347,166,173,64,170,143,34,401,354,144,149,151,222,353,150,406,407,405,227,163,226,221,233,192,190,228,82,225,234,235,352,83,85,84,366,53,303,176,232,86,350,365,177,189,364,345,363,167,302,219,362,175,14,81,11,13,32,10,80,31,180,174,181,349,12,348,188,217,218,216,361,183,481,179,301,79,182,427,16,430,487,429,428,15,0,455,445,450,19,448,1,453,260,464,446,484,485,442,432,439,479,456,431,438,451,449,447,470,467,28,436,452,465,462,458,473,422,461,20,433,488,476,257,468,437,477,459,474,256,471,454,517,457,509,259,423,444,258,482,486,480,483,506,187,508,359,21,185,186,24,23,22,184,25,360,26,498,528,425,27,30,29,324,322,489,323,388,325,510,526,527,390,490,503,391,525,499,515,321,504,389,505,507,426,500,434,435,497,523,516,424,529,533,524,501,101,513,511,103,514,102,512,519,502,330,329,327,518,326,521,520,494,522,328,2,331,534,532,536,535,495,491,492,496,493,530,531,
402,369,403,404,309,69,241,311,250,254,305,310,308,306,253,304,255,247,252,246,251,410,243,242,248,249,240,245,466,478,244,463,475,368,90,295,419,469,472,307,312,460,417,293,297,298,376,286,421,409,375,281,287,239,300,292,290,299,443,420,338,198,373,214,211,418,415,339,203,209,269,416,157,210,202,204,398,205,201,200,208,207,291,289,288,98,206,212,213,387,50,334,88,385,372,384,383,280,414,178,263,262,393,395,52,49,337,93,272,441,48,146,171,164,332,47,392,381,165,294,44,41,285,386,382,45,284,51,397,379,396,378,380,147,278,46,283,282,394,270,296,36,145,38,224,37,35,39,40,279,66,43,162,42,399,156,400,94,230,9,3,333,77,100,78,440,172,265,199,197,161,107,317,264,261,266,336,129,58,160,126,229,7,155,112,236,340,237,238,95,154,128,119,223,159,158,122,273,8,127,116,193,140,91,118,4,168,169,6,142,123,138,120,132,104,135,133,137,136,358,97,124,106,111,139,108,113,131,141,92,313,117,318,105,61,341,411,319,274,54,342,99,408,315,344,314,60,148,62,320,356,268,316,267,96,351,153,18,412,121,134,413,114,57,231,115,125,130,5,110,56,271,72,191,67,65,355,277,87,89,68,76,370,377,71,374,17,346,275,74,371,276,55,367,152,73,357,109,335,75,59,196,343,194,195,63,220,33,70,215,347,166,64,173,170,34,143,401,354,144,149,151,222,353,150,407,406,227,405,163,190,226,192,233,221,228,225,82,235,234,352,83,85,366,84,303,232,176,53,350,86,365,177,189,364,345,363,362,219,302,167,14,81,175,11,32,13,10,80,180,31,174,181,349,12,348,218,217,188,216,361,183,481,179,79,301,182,427,16,430,487,429,428,15,0,455,445,19,450,448,1,453,260,484,464,446,485,442,439,432,456,479,438,431,451,447,449,470,467,28,436,452,462,465,458,473,461,422,20,433,476,488,257,468,474,471,477,437,256,459,454,517,457,509,423,444,259,258,482,486,480,483,506,187,508,359,21,185,186,24,23,184,22,25,360,26,498,528,30,29,27,425,489,324,322,388,323,325,526,510,527,490,390,499,503,525,391,515,321,504,505,389,507,426,500,434,435,497,523,516,533,424,524,529,101,501,511,102,513,514,512,103,519,502,518,330,327,329,326,520,521,522,494,331,2,328,491,532,493,535,531,496,536,534,492,495,530,
402,369,403,404,309,69,241,311,250,254,305,310,308,306,253,304,255,247,252,246,251,410,243,242,248,249,240,245,466,478,244,463,90,475,368,295,419,469,472,307,312,460,417,293,298,297,376,286,421,409,375,281,287,239,300,292,290,299,443,420,338,198,373,214,211,418,415,339,209,203,269,416,157,202,210,398,204,205,201,200,208,207,291,289,288,206,98,212,213,387,50,334,88,385,372,384,280,383,414,178,263,262,393,395,52,49,337,93,441,272,146,48,171,164,332,47,392,165,381,294,285,382,386,44,45,41,397,51,284,378,396,380,379,147,46,278,283,282,270,394,296,36,145,38,224,35,37,39,66,279,40,43,162,42,399,400,156,94,9,230,3,333,77,100,78,440,172,265,199,197,161,107,317,264,261,266,336,160,58,129,126,229,7,236,155,112,340,238,237,95,128,119,154,223,159,122,8,273,158,127,116,193,140,91,118,168,4,169,6,142,138,120,104,123,132,135,358,137,136,97,133,106,124,139,111,108,141,131,113,117,313,92,318,341,61,105,411,319,274,342,99,54,315,408,314,344,60,148,62,320,96,316,356,267,268,153,351,18,412,134,413,121,114,57,231,125,130,115,56,5,110,67,65,72,271,191,87,355,277,89,76,68,374,370,71,17,377,275,74,346,276,371,55,367,152,73,357,109,335,75,59,196,343,194,63,195,220,215,33,70,347,166,173,64,170,401,143,34,354,144,151,149,222,353,406,150,407,227,405,163,226,233,228,221,192,190,225,82,235,234,352,84,83,85,366,53,232,176,303,350,86,177,365,189,364,345,219,302,362,363,167,175,14,81,11,32,10,13,174,31,80,180,181,349,348,12,188,217,218,216,361,183,481,179,79,301,182,427,16,430,487,429,428,15,0,455,445,450,19,1,448,453,260,446,464,484,485,442,439,432,456,479,451,431,438,449,447,470,467,28,452,436,462,465,458,473,461,422,20,433,476,488,257,471,459,477,256,437,468,474,454,517,457,509,444,423,259,258,482,486,480,483,506,187,508,359,21,185,184,186,22,24,23,25,360,26,528,498,27,29,425,30,324,489,322,325,323,388,510,526,527,490,499,391,525,390,503,515,321,504,389,505,507,426,434,500,435,497,523,533,516,529,424,524,501,101,103,511,102,512,513,514,519,502,327,518,330,329,494,521,520,522,326,331,2,328,495,491,536,531,496,535,534,532,492,530,493,
402,369,403,404,309,69,241,311,250,254,305,308,310,306,253,304,255,247,252,246,251,410,243,242,248,249,240,245,466,478,244,463,368,90,475,295,419,469,472,307,312,460,417,293,298,297,376,286,421,409,375,281,287,239,300,292,290,299,443,420,338,198,373,214,211,418,415,339,203,209,416,269,157,210,202,204,398,205,201,200,207,208,291,289,288,98,206,212,213,387,50,334,88,385,372,384,383,280,414,178,262,263,393,395,52,49,337,93,441,272,48,146,171,164,332,47,392,381,165,294,44,386,41,382,45,285,284,397,51,396,380,378,379,147,278,46,283,282,394,270,296,145,36,38,224,37,35,39,279,40,66,43,162,42,399,400,156,94,9,230,3,333,77,78,100,440,172,265,199,197,107,161,317,264,261,266,336,129,58,160,126,229,7,112,155,236,340,238,95,237,119,128,154,223,159,273,122,8,158,127,116,193,140,91,118,168,4,169,6,142,120,135,104,132,138,123,137,133,97,136,358,124,106,108,111,139,131,141,113,117,92,313,318,105,61,341,411,319,54,99,274,342,408,315,314,344,62,148,60,320,268,267,316,96,356,18,153,351,57,121,413,412,134,114,115,125,130,231,5,56,110,271,72,67,191,65,355,87,277,89,68,76,370,71,377,374,17,346,74,275,276,371,55,367,73,152,357,109,75,335,59,196,194,343,63,195,220,33,215,70,166,347,64,173,170,34,143,401,354,144,149,151,353,222,406,407,150,405,163,227,221,233,190,228,192,226,225,82,234,235,352,84,83,366,85,303,176,232,53,86,350,365,189,177,345,364,363,167,302,219,362,14,175,81,11,13,10,32,174,80,180,31,349,181,12,348,216,188,218,217,361,183,481,179,79,301,182,427,16,430,487,429,428,0,15,455,445,19,450,1,448,260,453,464,484,446,442,485,432,439,456,479,438,451,431,449,447,467,470,28,436,452,462,465,458,473,461,422,20,488,476,433,257,477,437,474,256,459,471,468,454,517,457,509,444,259,423,258,486,482,480,483,506,187,508,359,21,185,22,23,184,186,24,25,360,26,528,498,30,29,425,27,322,324,489,325,388,323,526,510,527,391,525,390,490,503,499,515,321,505,389,504,507,426,434,500,435,497,523,533,524,529,516,424,101,501,103,511,514,512,513,102,519,502,329,327,330,518,522,494,521,520,326,328,2,331,532,530,496,536,535,493,531,492,495,491,534,
402,369,403,404,309,69,241,311,250,254,305,308,310,306,253,304,255,247,252,246,251,410,243,242,249,248,240,245,466,478,244,463,90,368,475,295,419,469,472,307,312,460,417,293,297,298,376,286,421,409,375,281,287,239,300,292,290,299,443,420,338,198,373,214,211,418,415,339,209,203,269,416,157,210,202,204,398,205,201,200,207,208,291,289,288,206,98,212,213,50,387,334,88,385,372,384,383,280,414,178,263,262,393,395,52,49,337,93,441,272,146,48,171,164,332,47,392,165,381,294,382,386,45,44,41,285,284,51,397,396,380,379,378,147,278,46,283,282,394,270,296,36,145,38,224,37,35,39,66,279,40,43,162,42,399,400,156,94,230,9,3,333,77,100,78,440,172,265,199,197,161,107,317,264,261,266,336,129,58,160,126,229,7,112,236,155,340,95,237,238,154,128,119,223,159,8,122,158,273,127,116,193,140,91,118,4,168,169,6,142,138,104,135,132,123,120,358,137,97,133,136,124,106,111,139,108,131,113,141,92,117,313,411,318,61,105,341,319,342,274,99,54,408,315,314,344,60,62,148,320,356,316,268,96,267,18,153,351,134,412,121,413,57,114,231,115,125,130,5,110,56,191,72,67,271,65,277,355,87,89,76,68,370,374,377,71,17,74,346,275,276,371,55,367,73,152,357,109,75,335,59,196,343,194,195,63,220,70,33,215,347,166,64,173,170,401,143,34,354,144,151,149,353,222,150,406,407,405,227,163,192,221,228,190,233,226,82,225,234,235,352,85,84,83,366,176,303,53,232,350,86,365,189,177,345,364,302,167,362,219,363,14,81,175,11,32,13,10,180,80,174,31,349,181,12,348,188,216,217,218,361,183,179,481,301,79,182,427,16,430,487,429,428,0,15,455,445,19,450,448,1,260,453,484,464,446,485,442,432,439,479,456,431,451,438,447,449,470,467,28,452,436,462,465,458,473,461,422,20,476,488,433,257,459,256,437,477,471,474,468,454,517,457,509,444,423,259,258,482,480,486,483,506,187,508,359,21,185,24,23,186,22,184,25,360,26,528,498,27,29,30,425,489,324,322,325,323,388,510,526,527,490,390,503,499,391,525,515,321,505,389,504,426,507,434,500,435,497,523,529,524,424,533,516,501,101,103,513,102,511,512,514,519,502,327,329,518,330,522,494,520,521,326,331,328,2,493,535,530,534,531,492,491,495,532,536,496,
402,369,403,404,309,69,241,311,250,254,305,308,310,306,253,304,255,247,252,246,251,410,243,242,248,249,240,245,466,478,244,463,475,90,368,295,419,469,472,307,312,460,417,293,297,298,376,286,421,375,409,281,287,239,300,292,290,299,443,420,338,198,373,214,211,415,418,339,203,209,416,269,157,202,210,398,204,205,201,200,207,208,291,289,288,98,206,212,213,50,387,334,88,385,372,384,280,383,414,178,263,262,393,395,52,49,337,93,441,272,146,48,171,164,332,47,392,165,381,294,386,382,45,285,41,44,397,51,284,378,396,379,380,147,278,46,283,282,394,270,296,36,145,38,224,37,35,39,66,279,40,43,162,42,399,400,156,94,9,230,3,333,77,78,100,440,172,265,199,197,161,107,317,261,264,266,336,160,58,129,126,229,7,155,236,112,340,95,237,238,128,119,154,223,159,273,122,158,8,127,193,116,140,91,118,168,4,169,6,142,120,104,123,135,138,132,136,97,358,137,133,124,106,139,111,108,113,141,131,117,92,313,318,411,61,105,341,319,54,99,342,274,315,408,344,314,60,148,62,320,267,268,356,316,96,18,351,153,57,413,412,114,121,134,115,130,231,125,110,56,5,191,65,72,67,271,277,87,355,89,76,68,377,71,370,17,374,275,74,346,276,371,367,55,152,73,357,109,75,335,59,196,194,343,63,195,220,70,215,33,347,166,64,173,170,34,401,143,354,144,149,151,353,222,150,407,406,405,163,227,233,192,228,221,190,226,225,82,235,234,352,366,83,84,85,53,303,176,232,350,86,177,189,365,345,364,362,363,219,167,302,175,81,14,11,32,10,13,80,174,31,180,349,181,348,12,217,188,218,216,361,183,481,179,79,301,182,427,16,430,487,428,429,0,15,455,445,19,450,448,1,453,260,464,484,446,485,442,439,432,456,479,438,431,451,449,447,470,467,28,452,436,462,458,465,473,461,422,20,433,476,488,257,468,437,459,256,474,471,477,454,517,457,509,444,259,423,258,486,480,482,483,506,187,508,359,21,185,184,24,23,186,22,25,360,26,498,528,425,30,29,27,322,489,324,323,325,388,526,510,527,391,490,390,499,525,503,515,321,389,504,505,426,507,434,500,435,497,523,529,524,516,533,424,501,101,102,103,512,511,514,513,519,502,518,329,330,327,326,522,520,521,494,328,331,2,535,536,491,532,493,495,530,492,531,534,496,
402,369,403,404,309,69,241,311,250,254,305,310,308,306,253,304,255,247,252,246,251,410,243,242,249,248,240,245,466,478,244,463,90,475,368,295,419,469,472,307,312,460,417,293,297,298,376,286,421,409,375,281,287,239,300,292,290,299,443,420,338,198,373,214,211,415,418,339,203,209,269,416,157,210,202,398,204,205,201,200,208,207,291,289,288,206,98,212,213,387,50,334,88,385,372,384,383,280,414,178,263,262,393,395,52,49,337,93,441,272,48,146,171,164,332,47,381,165,392,294,41,386,44,285,45,382,397,51,284,396,378,380,379,147,46,278,283,282,270,394,296,36,145,38,224,37,35,39,279,40,66,43,162,42,399,156,400,94,9,230,3,333,77,78,100,440,172,265,199,197,107,161,317,264,261,266,336,129,160,58,126,229,7,155,236,112,340,238,95,237,154,119,128,223,159,273,158,8,122,127,116,140,193,91,118,168,4,169,6,142,104,132,120,135,123,138,137,358,133,136,97,124,106,111,108,139,131,113,141,313,92,117,341,105,61,411,318,319,342,99,274,54,315,408,314,344,60,62,148,320,268,267,356,316,96,153,18,351,134,413,57,114,121,412,125,115,231,130,5,56,110,191,72,65,67,271,277,355,87,89,68,76,71,370,17,377,374,346,74,275,371,276,367,55,73,152,357,109,335,75,59,196,194,343,195,63,220,33,215,70,166,347,64,173,170,34,143,401,354,144,151,149,353,222,406,150,407,227,405,163,233,192,226,190,228,221,82,225,234,235,352,84,83,366,85,53,303,176,232,86,350,189,177,365,364,345,362,302,167,219,363,175,81,14,11,10,13,32,80,180,174,31,349,181,12,348,216,217,188,218,361,183,481,179,79,301,182,427,16,430,487,428,429,15,0,455,445,450,19,448,1,260,453,446,464,484,485,442,432,439,479,456,438,431,451,447,449,467,470,28,436,452,462,465,458,473,461,422,20,433,488,476,257,471,437,256,474,459,477,468,454,517,457,509,444,259,423,258,486,482,480,483,506,187,508,359,21,185,22,184,24,186,23,25,360,26,498,528,425,29,27,30,489,322,324,388,323,325,510,526,527,499,503,490,391,525,390,515,321,504,389,505,507,426,434,500,435,497,523,533,424,516,524,529,501,101,512,103,511,513,514,102,519,502,329,327,330,518,522,494,326,521,520,328,331,2,536,491,492,535,530,493,531,534,532,495,496,
402,369,403,404,309,69,241,311,250,254,305,310,308,306,253,304,255,247,252,246,251,410,243,242,249,248,240,245,466,478,244,463,475,90,368,295,419,469,472,307,312,460,417,293,297,298,376,286,421,409,375,281,287,239,300,292,290,299,443,420,338,198,373,214,211,415,418,339,209,203,416,269,157,210,202,204,398,205,201,200,207,208,291,289,288,98,206,212,213,50,387,334,88,385,372,384,280,383,414,178,262,263,393,395,52,49,337,93,272,441,146,48,171,164,332,47,392,381,165,294,44,382,386,285,45,41,397,51,284,379,396,378,380,147,46,278,283,282,394,270,296,36,145,38,224,35,37,39,66,279,40,43,162,42,399,156,400,94,230,9,3,333,77,78,100,440,172,265,199,197,107,161,317,264,261,266,336,129,58,160,126,229,7,236,155,112,340,238,95,237,119,128,154,223,159,122,158,8,273,127,193,116,140,91,118,168,4,169,6,142,135,123,138,104,132,120,133,97,137,136,358,124,106,111,139,108,113,141,131,92,313,117,105,341,61,411,318,319,99,274,342,54,408,315,314,344,148,62,60,320,316,267,356,268,96,18,153,351,114,57,121,412,413,134,115,231,125,130,110,56,5,72,67,191,65,271,277,355,87,89,76,68,71,377,17,370,374,275,346,74,371,276,55,367,152,73,357,109,75,335,59,196,343,194,63,195,220,70,215,33,347,166,173,64,170,143,34,401,354,144,151,149,222,353,150,406,407,227,163,405,221,228,226,233,190,192,82,225,235,234,352,83,85,84,366,53,176,303,232,350,86,189,177,365,364,345,363,167,302,219,362,175,81,14,11,10,32,13,80,180,31,174,181,349,348,12,217,218,216,188,361,183,481,179,301,79,182,427,16,430,487,429,428,0,15,455,445,19,450,448,1,453,260,484,464,446,485,442,432,439,456,479,451,431,438,449,447,470,467,28,452,436,465,462,458,473,461,422,20,433,476,488,257,477,468,256,474,471,437,459,454,517,457,509,423,259,444,258,482,486,480,483,506,187,508,359,21,185,24,186,184,23,22,25,360,26,498,528,29,425,27,30,324,322,489,388,323,325,526,510,527,391,525,490,503,499,390,515,321,389,505,504,507,426,500,434,435,523,497,533,516,424,524,529,101,501,514,511,102,512,103,513,519,502,327,518,330,329,522,520,521,326,494,2,331,328,530,493,534,536,492,496,535,531,532,491,495,
402,369,403,404,309,69,241,311,250,254,305,308,310,306,253,304,255,247,252,246,251,410,243,242,248,249,240,245,466,478,244,463,368,475,90,295,419,469,472,307,312,460,417,293,298,297,376,286,421,409,375,281,287,239,300,292,290,299,443,420,338,198,373,214,211,415,418,339,209,203,269,416,157,202,210,398,204,205,201,200,207,208,291,289,288,98,206,212,213,387,50,334,88,385,372,384,383,280,414,178,262,263,393,395,52,49,337,93,441,272,146,48,171,164,332,47,392,165,381,294,44,285,41,382,45,386,284,51,397,378,379,380,396,147,46,278,283,282,394,270,296,36,145,38,224,37,35,39,66,40,279,43,162,42,399,400,156,94,9,230,3,333,77,78,100,440,172,265,199,197,107,161,317,264,261,266,336,129,160,58,126,229,7,236,155,112,340,237,238,95,119,128,154,223,159,158,122,8,273,127,193,116,140,91,118,168,4,6,169,142,138,120,123,104,132,135,97,358,133,137,136,106,124,111,108,139,131,113,141,92,313,117,341,61,411,318,105,319,99,54,274,342,408,315,344,314,60,148,62,320,267,356,316,268,96,153,18,351,413,412,57,134,121,114,231,125,115,130,110,56,5,67,271,72,191,65,277,87,355,89,68,76,17,374,377,370,71,346,275,74,371,276,55,367,73,152,357,109,335,75,59,196,343,194,63,195,220,215,33,70,166,347,173,64,170,143,401,34,354,144,151,149,353,222,150,407,406,227,163,405,221,190,233,228,226,192,225,82,234,235,352,85,84,83,366,303,53,232,176,86,350,177,189,365,345,364,362,167,363,219,302,14,175,81,11,10,32,13,174,80,31,180,181,349,348,12,188,216,218,217,361,183,179,481,79,301,182,427,16,430,487,429,428,0,15,455,445,19,450,1,448,260,453,446,464,484,442,485,432,439,479,456,431,451,438,449,447,470,467,28,436,452,465,458,462,473,461,422,20,433,476,488,257,474,256,468,437,471,477,459,454,517,457,509,444,423,259,258,480,486,482,483,506,187,508,359,21,185,23,22,24,184,186,25,360,26,528,498,30,425,27,29,322,489,324,388,323,325,510,526,527,391,390,525,499,490,503,515,321,504,389,505,426,507,434,500,435,523,497,424,516,529,524,533,101,501,102,103,512,514,511,513,519,502,330,329,327,518,494,326,521,522,520,331,328,2,531,491,532,492,493,496,495,536,530,535,534,
402,369,403,404,309,69,241,311,250,254,305,308,310,306,253,304,255,247,252,246,251,410,243,242,248,249,240,245,466,478,244,463,475,90,368,295,419,469,472,307,312,460,417,293,297,298,376,286,421,375,409,281,287,239,300,292,290,299,443,420,338,198,373,214,211,415,418,339,203,209,269,416,157,210,202,204,398,205,201,200,207,208,291,289,288,206,98,212,213,387,50,334,88,385,372,384,280,383,414,178,262,263,393,395,52,49,337,93,441,272,48,146,171,164,332,47,392,165,381,294,44,285,382,45,41,386,397,284,51,380,396,379,378,147,278,46,283,282,394,270,296,36,145,38,224,37,35,39,40,66,279,43,162,42,399,156,400,94,230,9,3,333,77,100,78,440,172,265,199,197,161,107,317,264,261,266,336,129,58,160,126,229,7,236,112,155,340,237,238,95,119,154,128,223,159,122,158,273,8,127,140,193,116,91,118,168,4,169,6,142,132,123,138,135,104,120,137,358,133,136,97,106,124,139,108,111,141,113,131,92,313,117,411,105,61,318,341,319,274,54,99,342,315,408,314,344,60,62,148,320,356,96,316,268,267,153,18,351,114,121,413,57,134,412,115,125,130,231,110,5,56,271,67,72,191,65,87,277,355,89,76,68,17,71,377,370,374,346,74,275,276,371,55,367,152,73,357,109,335,75,59,196,343,194,195,63,220,215,33,70,166,347,173,64,170,401,143,34,354,144,149,151,222,353,150,407,406,163,405,227,192,233,190,221,228,226,82,225,234,235,352,366,84,83,85,303,53,176,232,86,350,177,365,189,364,345,302,219,167,362,363,81,175,14,11,10,32,13,180,80,174,31,181,349,12,348,216,217,188,218,361,183,481,179,301,79,182,427,16,430,487,428,429,0,15,455,445,19,450,1,448,260,453,464,484,446,442,485,432,439,456,479,438,431,451,449,447,470,467,28,452,436,458,465,462,473,461,422,20,476,488,433,257,437,256,477,474,459,468,471,454,517,457,509,444,423,259,258,486,480,482,483,506,187,508,359,21,185,22,184,23,24,186,25,360,26,498,528,30,29,27,425,489,324,322,323,325,388,510,526,527,499,490,391,503,525,390,515,321,389,505,504,426,507,500,434,435,523,497,424,516,524,529,533,101,501,513,511,102,103,512,514,519,502,330,327,329,518,522,494,520,326,521,2,331,328,491,531,534,532,530,536,493,492,535,495,496,
402,369,403,404,309,69,241,311,250,254,305,310,308,306,253,304,255,247,252,246,251,410,243,242,249,248,240,245,466,478,244,463,368,475,90,295,419,469,472,307,312,460,417,293,298,297,376,286,421,375,409,281,287,239,300,292,290,299,443,420,338,198,373,214,211,415,418,339,203,209,269,416,157,202,210,204,398,205,201,200,208,207,291,289,288,206,98,212,213,387,50,334,88,385,372,384,280,383,414,178,262,263,393,395,52,49,337,93,441,272,146,48,171,164,332,47,165,392,381,294,45,386,285,41,382,44,51,397,284,380,396,378,379,147,278,46,283,282,394,270,296,36,145,38,224,35,37,39,279,40,66,43,162,42,399,156,400,94,230,9,3,333,77,78,100,440,172,265,199,197,107,161,317,261,264,266,336,58,160,129,126,229,7,112,236,155,340,95,237,238,119,154,128,223,159,8,122,158,273,127,140,116,193,91,118,168,4,6,169,142,104,123,132,138,135,120,137,136,133,358,97,106,124,108,139,111,131,113,141,117,92,313,105,411,341,318,61,319,274,342,99,54,408,315,344,314,62,148,60,320,356,268,267,316,96,18,153,351,121,57,134,114,413,412,125,231,130,115,5,110,56,67,271,191,65,72,87,277,355,89,68,76,17,374,377,370,71,74,275,346,276,371,55,367,73,152,357,109,335,75,59,196,194,343,195,63,220,70,33,215,166,347,64,173,170,34,143,401,354,144,151,149,353,222,406,150,407,227,163,405,233,192,228,190,221,226,82,225,235,234,352,84,83,366,85,232,303,53,176,86,350,177,189,365,345,364,302,219,363,362,167,14,175,81,11,13,10,32,180,31,80,174,181,349,348,12,188,218,217,216,361,183,481,179,301,79,182,427,16,430,487,429,428,0,15,455,445,450,19,448,1,453,260,464,484,446,442,485,432,439,479,456,431,438,451,449,447,467,470,28,452,436,458,465,462,473,422,461,20,476,433,488,257,459,477,468,437,256,474,471,454,517,457,509,423,259,444,258,482,486,480,483,506,187,508,359,21,185,22,23,186,184,24,25,360,26,498,528,30,27,425,29,322,489,324,325,323,388,510,526,527,391,499,503,490,525,390,515,321,504,505,389,507,426,500,434,435,523,497,533,424,529,524,516,101,501,513,103,512,514,102,511,519,502,327,330,518,329,522,521,520,326,494,331,2,328,495,536,532,496,531,530,534,535,492,491,493,
402,369,403,404,309,69,241,311,250,254,305,310,308,306,253,304,255,247,252,246,251,410,243,242,248,249,240,245,466,478,244,463,368,475,90,295,419,469,472,307,312,460,417,293,297,298,376,286,421,375,409,281,287,239,300,292,290,299,443,420,338,198,373,214,211,418,415,339,209,203,269,416,157,210,202,398,204,205,201,200,208,207,291,289,288,98,206,212,213,387,50,334,88,385,372,384,280,383,414,178,263,262,393,395,52,49,337,93,441,272,146,48,171,164,332,47,165,381,392,294,285,44,386,382,41,45,397,51,284,380,396,379,378,147,46,278,283,282,394,270,296,145,36,38,224,37,35,39,279,40,66,43,162,42,399,400,156,94,230,9,3,333,77,100,78,440,172,265,199,197,161,107,317,261,264,266,336,160,129,58,126,229,7,236,155,112,340,238,237,95,154,128,119,223,159,158,122,273,8,127,116,140,193,91,118,168,4,6,169,142,123,135,132,120,138,104,358,136,97,137,133,124,106,111,108,139,113,141,131,117,92,313,61,318,411,105,341,319,54,342,99,274,408,315,314,344,60,62,148,320,356,96,316,268,267,153,18,351,121,114,57,413,412,134,130,115,231,125,56,5,110,72,67,191,271,65,277,87,355,89,68,76,71,17,374,370,377,346,74,275,371,276,367,55,152,73,357,109,335,75,59,196,343,194,63,195,220,70,215,33,347,166,64,173,170,34,401,143,354,144,151,149,222,353,407,406,150,163,227,405,221,228,226,190,192,233,82,225,234,235,352,84,366,83,85,232,53,176,303,350,86,189,365,177,345,364,302,363,362,167,219,81,175,14,11,10,13,32,80,174,180,31,181,349,348,12,216,188,218,217,361,183,179,481,301,79,182,427,16,430,487,428,429,15,0,455,445,19,450,1,448,453,260,464,446,484,485,442,439,432,479,456,438,451,431,447,449,470,467,28,436,452,462,458,465,473,461,422,20,433,488,476,257,474,437,468,459,471,477,256,454,517,457,509,423,444,259,258,480,482,486,483,506,187,508,359,21,185,184,186,22,24,23,25,360,26,498,528,30,425,29,27,324,489,322,325,388,323,526,510,527,503,390,391,499,525,490,515,321,505,504,389,426,507,434,500,435,523,497,424,524,529,533,516,101,501,513,512,514,103,511,102,519,502,327,518,329,330,494,520,522,521,326,331,2,328,532,492,535,530,531,493,534,495,496,491,536,
402,369,403,404,309,69,241,311,250,254,305,310,308,306,253,304,255,247,252,246,251,410,243,242,249,248,240,245,466,478,244,463,475,90,368,295,419,469,472,307,312,460,417,293,298,297,376,286,421,375,409,281,287,239,300,292,290,299,443,420,338,198,373,214,211,415,418,339,203,209,269,416,157,202,210,398,204,205,201,200,208,207,291,289,288,98,206,212,213,387,50,334,88,385,372,384,280,383,414,178,263,262,393,395,52,49,337,93,272,441,146,48,171,164,332,47,165,392,381,294,41,45,386,44,382,285,51,397,284,380,379,378,396,147,278,46,283,282,270,394,296,145,36,38,224,37,35,39,66,279,40,43,162,42,399,156,400,94,9,230,3,333,77,78,100,440,172,265,199,197,161,107,317,264,261,266,336,160,129,58,126,229,7,236,155,112,340,95,237,238,119,128,154,223,159,122,273,158,8,127,140,116,193,91,118,4,168,6,169,142,132,104,123,138,135,120,137,97,136,358,133,106,124,139,111,108,113,131,141,313,92,117,61,411,318,105,341,319,54,274,342,99,315,408,344,314,60,148,62,320,316,268,267,96,356,153,18,351,121,114,57,134,413,412,115,231,130,125,110,56,5,191,271,67,65,72,277,355,87,89,76,68,374,71,370,377,17,74,346,275,371,276,367,55,152,73,357,109,335,75,59,196,194,343,195,63,220,215,33,70,347,166,64,173,170,143,34,401,354,144,151,149,222,353,406,150,407,405,227,163,233,221,190,228,226,192,225,82,235,234,352,366,83,84,85,176,232,303,53,86,350,365,177,189,345,364,363,302,167,362,219,14,175,81,11,10,13,32,31,80,180,174,181,349,348,12,217,218,188,216,361,183,179,481,301,79,182,427,16,430,487,428,429,15,0,455,445,19,450,1,448,260,453,484,446,464,485,442,432,439,479,456,438,451,431,449,447,470,467,28,436,452,462,465,458,473,422,461,20,488,476,433,257,459,477,256,468,474,437,471,454,517,457,509,259,423,444,258,486,482,480,483,506,187,508,359,21,185,184,24,186,23,22,25,360,26,498,528,29,30,425,27,324,489,322,325,388,323,510,526,527,390,499,391,525,503,490,515,321,504,389,505,426,507,500,434,435,523,497,516,529,524,533,424,101,501,102,511,512,103,514,513,519,502,330,329,518,327,494,521,522,520,326,2,331,328,496,536,532,534,493,531,491,530,492,535,495,
402,369,403,404,309,69,241,311,250,254,305,310,308,306,253,304,255,247,252,246,251,410,243,242,248,249,240,245,466,478,244,463,368,90,475,295,419,469,472,307,312,460,417,293,298,297,376,286,421,375,409,281,287,239,300,292,290,299,443,420,338,198,373,214,211,415,418,339,203,209,269,416,157,210,202,204,398,205,201,200,207,208,291,289,288,206,98,212,213,387,50,334,88,385,372,384,280,383,414,178,262,263,393,395,52,49,337,93,272,441,48,146,171,164,332,47,381,165,392,294,382,386,45,285,44,41,397,51,284,380,378,396,379,147,278,46,283,282,394,270,296,36,145,38,224,35,37,39,279,40,66,43,162,42,399,156,400,94,230,9,3,333,77,78,100,440,172,265,199,197,107,161,317,261,264,266,336,160,58,129,126,229,7,155,112,236,340,95,238,237,128,154,119,223,159,122,273,8,158,127,140,193,116,91,118,168,4,6,169,142,104,120,123,138,135,132,133,137,136,97,358,106,124,111,108,139,131,113,141,92,313,117,318,411,341,61,105,319,342,54,99,274,408,315,344,314,148,62,60,320,356,268,267,96,316,351,18,153,57,114,412,134,413,121,130,115,231,125,56,110,5,67,191,271,65,72,355,277,87,89,68,76,370,377,71,17,374,74,346,275,371,276,55,367,73,152,357,109,335,75,59,196,194,343,63,195,220,33,70,215,166,347,64,173,170,401,34,143,354,144,151,149,353,222,406,407,150,227,163,405,192,228,190,226,233,221,225,82,234,235,352,84,85,83,366,232,53,176,303,86,350,365,189,177,364,345,302,362,363,167,219,81,14,175,11,13,32,10,180,31,174,80,349,181,12,348,217,216,188,218,361,183,481,179,301,79,182,427,16,430,487,428,429,15,0,455,445,19,450,448,1,260,453,446,484,464,485,442,439,432,479,456,431,451,438,449,447,470,467,28,436,452,465,458,462,473,461,422,20,488,476,433,257,256,437,459,468,471,477,474,454,517,457,509,444,423,259,258,486,480,482,483,506,187,508,359,21,185,186,23,24,22,184,25,360,26,528,498,27,29,30,425,489,324,322,388,325,323,526,510,527,390,391,525,490,503,499,515,321,504,389,505,426,507,500,434,435,523,497,424,524,516,533,529,501,101,103,514,513,511,512,102,519,502,518,329,327,330,520,522,521,494,326,331,328,2,532,536,496,531,530,491,534,492,493,495,535,
402,369,403,404,309,69,241,311,250,254,305,310,308,306,253,304,255,247,252,246,251,410,243,242,249,248,240,245,466,478,244,463,368,475,90,295,419,469,472,307,312,460,417,293,298,297,376,286,421,409,375,281,287,239,300,292,290,299,443,420,338,198,373,214,211,418,415,339,209,203,269,416,157,210,202,204,398,205,201,200,207,208,291,289,288,206,98,212,213,50,387,334,88,385,372,384,383,280,414,178,263,262,393,395,52,49,337,93,441,272,146,48,171,164,332,47,165,381,392,294,44,386,382,41,45,285,284,397,51,379,378,380,396,147,278,46,283,282,270,394,296,36,145,38,224,37,35,39,40,279,66,43,162,42,399,400,156,94,9,230,3,333,77,100,78,440,172,265,199,197,161,107,317,264,261,266,336,58,129,160,126,229,7,155,112,236,340,237,238,95,154,119,128,223,159,122,8,273,158,127,193,116,140,91,118,168,4,169,6,142,132,138,104,123,120,135,133,137,358,136,97,124,106,108,111,139,141,113,131,117,313,92,341,61,318,105,411,319,99,342,274,54,315,408,314,344,60,148,62,320,267,316,268,96,356,18,351,153,412,114,134,413,121,57,231,130,115,125,110,5,56,67,191,271,72,65,277,355,87,89,76,68,370,71,377,374,17,275,74,346,276,371,55,367,73,152,357,109,75,335,59,196,343,194,63,195,220,70,33,215,166,347,64,173,170,34,401,143,354,144,151,149,353,222,407,406,150,405,163,227,228,233,221,190,192,226,82,225,234,235,352,85,84,366,83,232,53,303,176,86,350,365,189,177,345,364,219,363,362,167,302,14,81,175,11,32,13,10,174,31,80,180,181,349,12,348,217,216,218,188,361,183,481,179,301,79,182,427,16,430,487,429,428,0,15,455,445,450,19,1,448,260,453,484,446,464,485,442,432,439,479,456,438,431,451,447,449,467,470,28,436,452,465,462,458,473,422,461,20,433,476,488,257,474,437,468,459,477,256,471,454,517,457,509,444,423,259,258,486,482,480,483,506,187,508,359,21,185,22,184,24,23,186,25,360,26,528,498,27,425,30,29,324,489,322,388,323,325,510,526,527,490,525,499,503,391,390,515,321,389,504,505,426,507,500,434,435,523,497,529,533,424,524,516,501,101,513,512,514,103,102,511,519,502,330,329,327,518,494,522,520,326,521,328,2,331,493,536,492,535,534,495,496,532,491,530,531,
402,369,403,404,309,69,241,311,250,254,305,308,310,306,253,304,255,247,252,246,251,410,243,242,248,249,240,245,466,478,244,463,475,368,90,295,419,469,472,307,312,460,417,293,298,297,376,286,421,409,375,281,287,239,300,292,290,299,443,420,338,198,373,214,211,418,415,339,203,209,416,269,157,210,202,398,204,205,201,200,207,208,291,289,288,98,206,212,213,50,387,334,88,385,372,384,383,280,414,178,263,262,393,395,52,49,337,93,441,272,146,48,171,164,332,47,165,392,381,294,382,285,386,41,44,45,51,397,284,396,380,378,379,147,46,278,283,282,270,394,296,36,145,38,224,37,35,39,40,66,279,43,162,42,399,156,400,94,230,9,3,333,77,100,78,440,172,265,199,197,161,107,317,264,261,266,336,129,160,58,126,229,7,236,155,112,340,95,237,238,119,154,128,223,159,158,8,273,122,127,116,193,140,91,118,4,168,6,169,142,104,120,123,132,138,135,133,358,97,137,136,124,106,111,108,139,141,113,131,117,92,313,341,61,411,105,318,319,54,274,342,99,408,315,314,344,148,62,60,320,316,96,267,356,268,351,18,153,412,121,413,57,134,114,130,115,231,125,5,110,56,191,67,72,65,271,355,277,87,89,76,68,71,370,374,377,17,346,74,275,276,371,367,55,73,152,357,109,335,75,59,196,194,343,63,195,220,33,70,215,166,347,64,173,170,34,143,401,354,144,149,151,353,222,150,406,407,405,163,227,221,226,192,228,190,233,82,225,234,235,352,84,83,85,366,232,53,303,176,86,350,365,189,177,345,364,302,362,363,167,219,81,175,14,11,32,10,13,31,174,180,80,181,349,12,348,218,216,188,217,361,183,481,179,79,301,182,427,16,430,487,429,428,15,0,455,445,450,19,1,448,453,260,484,446,464,485,442,432,439,456,479,438,431,451,447,449,467,470,28,452,436,465,462,458,473,461,422,20,488,433,476,257,459,256,468,471,477,474,437,454,517,457,509,444,259,423,258,486,480,482,483,506,187,508,359,21,185,184,22,23,24,186,25,360,26,498,528,30,27,29,425,324,322,489,323,388,325,510,526,527,390,499,503,490,525,391,515,321,505,389,504,507,426,434,500,435,523,497,516,524,533,424,529,101,501,102,512,513,514,103,511,519,502,330,329,327,518,520,326,521,494,522,331,2,328,491,531,534,493,535,492,536,530,495,496,532,
402,369,403,404,309,69,241,311,250,254,305,308,310,306,253,304,255,247,252,246,251,410,243,242,248,249,240,245,466,478,244,463,368,90,475,295,419,469,472,307,312,460,417,293,297,298,376,286,421,409,375,281,287,239,300,292,290,299,443,420,338,198,373,214,211,415,418,339,203,209,416,269,157,202,210,398,204,205,201,200,208,207,291,289,288,98,206,212,213,50,387,334,88,385,372,384,383,280,414,178,262,263,393,395,52,49,337,93,272,441,146,48,171,164,332,47,392,381,165,294,45,44,386,285,382,41,284,51,397,380,379,378,396,147,46,278,283,282,270,394,296,36,145,38,224,35,37,39,279,40,66,43,162,42,399,156,400,94,230,9,3,333,77,100,78,440,172,265,199,197,161,107,317,261,264,266,336,58,129,160,126,229,7,236,112,155,340,95,238,237,128,119,154,223,159,122,8,158,273,127,193,116,140,91,118,4,168,169,6,142,120,123,104,132,138,135,133,358,97,136,137,124,106,108,111,139,113,141,131,92,117,313,61,411,341,105,318,319,342,274,99,54,315,408,344,314,60,62,148,320,316,267,96,268,356,18,153,351,121,57,114,412,134,413,231,130,115,125,5,56,110,191,67,65,72,271,87,277,355,89,68,76,17,71,370,377,374,74,346,275,276,371,55,367,152,73,357,109,75,335,59,196,343,194,63,195,220,33,215,70,166,347,173,64,170,34,401,143,354,144,151,149,353,222,406,407,150,405,163,227,190,221,226,192,228,233,82,225,235,234,352,366,83,84,85,303,53,232,176,86,350,365,177,189,345,364,363,167,219,302,362,81,14,175,11,13,10,32,180,31,174,80,349,181,348,12,216,218,217,188,361,183,481,179,301,79,182,427,16,430,487,428,429,0,15,455,445,19,450,1,448,260,453,484,464,446,485,442,432,439,479,456,438,431,451,449,447,470,467,28,452,436,465,462,458,473,461,422,20,476,488,433,257,474,471,477,256,459,437,468,454,517,457,509,259,423,444,258,480,486,482,483,506,187,508,359,21,185,22,186,23,184,24,25,360,26,528,498,27,29,425,30,324,322,489,325,388,323,510,526,527,490,390,499,503,525,391,515,321,389,504,505,507,426,434,500,435,497,523,516,424,524,533,529,101,501,512,513,511,102,103,514,519,502,329,518,330,327,326,494,522,521,520,328,2,331,530,535,491,532,496,495,536,534,492,493,531,
402,369,403,404,309,69,241,311,250,254,305,308,310,306,253,304,255,247,252,246,251,410,243,242,248,249,240,245,466,478,244,463,90,475,368,295,419,469,472,307,312,460,417,293,298,297,376,286,421,409,375,281,287,239,300,292,290,299,443,420,338,198,373,214,211,415,418,339,203,209,269,416,157,210,202,204,398,205,201,200,207,208,291,289,288,206,98,212,213,387,50,334,88,385,372,384,280,383,414,178,262,263,393,395,52,49,337,93,441,272,48,146,171,164,332,47,392,165,381,294,382,41,44,285,386,45,51,397,284,379,380,396,378,147,278,46,283,282,270,394,296,36,145,38,224,35,37,39,40,66,279,43,162,42,399,156,400,94,9,230,3,333,77,78,100,440,172,265,199,197,161,107,317,261,264,266,336,160,129,58,126,229,7,112,155,236,340,95,238,237,128,119,154,223,159,8,122,273,158,127,140,193,116,91,118,168,4,6,169,142,104,120,138,135,132,123,97,358,137,136,133,124,106,111,108,139,131,141,113,313,92,117,411,318,105,341,61,319,99,342,54,274,408,315,314,344,62,148,60,320,356,268,316,96,267,351,153,18,57,413,134,114,412,121,115,125,130,231,110,56,5,271,67,191,65,72,87,277,355,89,76,68,374,377,17,71,370,275,74,346,276,371,55,367,73,152,357,109,75,335,59,196,194,343,195,63,220,70,33,215,166,347,64,173,170,34,401,143,354,144,151,149,353,222,407,150,406,405,227,163,192,228,190,226,233,221,225,82,235,234,352,366,85,84,83,232,53,303,176,86,350,365,189,177,345,364,219,302,167,362,363,81,175,14,11,13,32,10,180,80,174,31,349,181,348,12,188,217,218,216,361,183,179,481,301,79,182,427,16,430,487,428,429,15,0,455,445,19,450,448,1,260,453,464,446,484,442,485,439,432,456,479,451,431,438,447,449,467,470,28,452,436,465,458,462,473,422,461,20,433,488,476,257,437,468,477,474,256,471,459,454,517,457,509,423,259,444,258,480,486,482,483,506,187,508,359,21,185,184,23,186,24,22,25,360,26,528,498,30,27,29,425,322,489,324,325,323,388,526,510,527,490,390,503,391,525,499,515,321,389,504,505,507,426,500,434,435,497,523,516,533,529,424,524,501,101,102,512,513,511,514,103,519,502,518,330,329,327,494,522,326,520,521,2,331,328,536,531,530,492,493,534,491,495,535,496,532,
402,369,403,404,309,69,241,311,250,254,305,308,310,306,253,304,255,247,252,246,251,410,243,242,249,248,240,245,466,478,244,463,475,90,368,295,419,469,472,307,312,460,417,293,297,298,376,286,421,409,375,281,287,239,300,292,290,299,443,420,338,198,373,214,211,415,418,339,203,209,269,416,157,210,202,204,398,205,201,200,208,207,291,289,288,206,98,212,213,50,387,334,88,385,372,384,280,383,414,178,262,263,393,395,52,49,337,93,441,272,48,146,171,164,332,47,392,381,165,294,285,44,41,386,382,45,284,397,51,378,380,396,379,147,278,46,283,282,270,394,296,36,145,38,224,35,37,39,279,66,40,43,162,42,399,156,400,94,230,9,3,333,77,100,78,440,172,265,199,197,161,107,317,261,264,266,336,58,160,129,126,229,7,112,155,236,340,238,237,95,154,128,119,223,159,8,122,158,273,127,140,116,193,91,118,4,168,6,169,142,135,123,132,120,104,138,97,137,136,358,133,124,106,111,139,108,131,113,141,92,117,313,341,61,105,411,318,319,342,99,274,54,408,315,344,314,148,62,60,320,356,267,96,268,316,18,351,153,412,413,57,114,121,134,125,115,130,231,110,56,5,65,191,67,271,72,355,277,87,89,68,76,377,17,370,374,71,275,74,346,371,276,367,55,73,152,357,109,335,75,59,196,343,194,63,195,220,33,70,215,347,166,64,173,170,34,143,401,354,144,149,151,222,353,406,150,407,405,227,163,226,221,233,192,228,190,82,225,234,235,352,84,85,366,83,176,303,232,53,350,86,189,365,177,345,364,167,219,363,302,362,81,175,14,11,13,10,32,174,80,180,31,181,349,348,12,216,188,217,218,361,183,481,179,79,301,182,427,16,430,487,428,429,0,15,455,445,19,450,1,448,453,260,484,446,464,485,442,439,432,456,479,438,431,451,447,449,470,467,28,436,452,462,458,465,473,422,461,20,433,476,488,257,437,468,477,471,459,474,256,454,517,457,509,259,444,423,258,480,486,482,483,506,187,508,359,21,185,184,23,24,22,186,25,360,26,528,498,27,30,29,425,489,324,322,388,323,325,526,510,527,525,499,490,390,391,503,515,321,505,389,504,426,507,500,434,435,497,523,524,529,533,424,516,101,501,514,511,513,512,103,102,519,502,327,330,518,329,494,521,522,520,326,331,328,2,530,534,496,535,536,493,492,531,532,491,495,
402,369,403,404,309,69,241,311,250,254,305,308,310,306,253,304,255,247,252,246,251,410,243,242,248,249,240,245,466,478,244,463,368,475,90,295,419,469,472,307,312,460,417,293,298,297,376,286,421,409,375,281,287,239,300,292,290,299,443,420,338,198,373,214,211,418,415,339,209,203,416,269,157,210,202,204,398,205,201,200,207,208,291,289,288,98,206,212,213,50,387,334,88,385,372,384,280,383,414,178,263,262,393,395,52,49,337,93,272,441,48,146,171,164,332,47,165,381,392,294,285,382,45,41,44,386,51,284,397,396,378,380,379,147,278,46,283,282,270,394,296,36,145,38,224,35,37,39,279,66,40,43,162,42,399,400,156,94,9,230,3,333,77,78,100,440,172,265,199,197,161,107,317,264,261,266,336,129,160,58,126,229,7,155,112,236,340,238,237,95,154,128,119,223,159,122,273,8,158,127,116,193,140,91,118,168,4,6,169,142,123,135,132,138,104,120,97,133,358,137,136,124,106,108,139,111,131,113,141,117,92,313,318,105,341,61,411,319,342,274,54,99,315,408,314,344,62,148,60,320,96,356,316,268,267,351,153,18,57,114,121,412,134,413,231,125,115,130,56,110,5,271,72,65,67,191,87,277,355,89,68,76,17,377,370,374,71,275,74,346,371,276,367,55,73,152,357,109,335,75,59,196,343,194,195,63,220,215,33,70,347,166,173,64,170,143,401,34,354,144,149,151,353,222,150,407,406,405,227,163,192,190,228,221,233,226,82,225,234,235,352,366,84,85,83,53,176,303,232,350,86,189,365,177,345,364,362,363,167,219,302,175,81,14,11,32,13,10,31,174,180,80,349,181,12,348,188,216,218,217,361,183,481,179,79,301,182,427,16,430,487,429,428,15,0,455,445,19,450,1,448,260,453,464,484,446,485,442,432,439,479,456,451,431,438,447,449,470,467,28,452,436,465,462,458,473,461,422,20,433,476,488,257,459,256,471,477,437,474,468,454,517,457,509,259,423,444,258,480,482,486,483,506,187,508,359,21,185,184,186,22,23,24,25,360,26,498,528,30,29,27,425,324,322,489,388,323,325,510,526,527,503,391,525,390,499,490,515,321,504,389,505,507,426,434,500,435,523,497,516,424,529,533,524,101,501,514,102,511,103,513,512,519,502,330,329,518,327,494,520,522,326,521,331,2,328,495,534,496,535,492,532,493,530,491,536,531,
402,369,403,404,309,69,241,311,250,254,305,310,308,306,253,304,255,247,252,246,251,410,243,242,248,249,240,245,466,478,244,463,90,368,475,295,419,469,472,307,312,460,417,293,297,298,376,286,421,375,409,281,287,239,300,292,290,299,443,420,338,198,373,214,211,418,415,339,203,209,269,416,157,210,202,398,204,205,201,200,207,208,291,289,288,206,98,212,213,50,387,334,88,385,372,384,383,280,414,178,262,263,393,395,52,49,337,93,441,272,146,48,171,164,332,47,381,165,392,294,44,41,382,45,386,285,397,284,51,378,396,379,380,147,46,278,283,282,394,270,296,36,145,38,224,35,37,39,40,279,66,43,162,42,399,400,156,94,230,9,3,333,77,78,100,440,172,265,199,197,107,161,317,261,264,266,336,129,58,160,126,229,7,112,236,155,340,237,95,238,154,119,128,223,159,273,8,122,158,127,193,140,116,91,118,168,4,6,169,142,138,120,132,135,104,123,97,358,136,137,133,124,106,108,139,111,113,141,131,117,92,313,105,61,411,341,318,319,274,99,342,54,408,315,344,314,60,148,62,320,356,268,316,267,96,18,153,351,57,412,413,134,114,121,231,125,130,115,5,56,110,72,65,191,271,67,87,355,277,89,76,68,17,374,370,377,71,346,275,74,371,276,55,367,152,73,357,109,75,335,59,196,194,343,195,63,220,70,215,33,347,166,64,173,170,143,34,401,354,144,151,149,222,353,407,406,150,227,163,405,226,192,233,221,190,228,225,82,234,235,352,366,84,85,83,176,303,53,232,86,350,177,189,365,364,345,363,167,219,362,302,175,14,81,11,10,32,13,80,180,31,174,181,349,12,348,217,218,188,216,361,183,481,179,79,301,182,427,16,430,487,429,428,0,15,455,445,450,19,448,1,260,453,484,464,446,485,442,439,432,479,456,438,431,451,447,449,467,470,28,436,452,465,462,458,473,461,422,20,488,476,433,257,474,437,256,459,471,468,477,454,517,457,509,444,259,423,258,480,482,486,483,506,187,508,359,21,185,22,23,184,24,186,25,360,26,498,528,425,27,29,30,324,489,322,323,388,325,510,526,527,499,503,390,490,391,525,515,321,505,389,504,426,507,500,434,435,523,497,516,424,533,524,529,101,501,103,513,512,102,511,514,519,502,330,518,329,327,326,522,520,521,494,331,2,328,536,491,492,534,493,532,530,496,535,495,531,
402,369,403,404,309,69,241,311,250,254,305,308,310,306,253,304,255,247,252,246,251,410,243,242,249,248,240,245,466,478,244,463,90,475,368,295,419,469,472,307,312,460,417,293,297,298,376,286,421,375,409,281,287,239,300,292,290,299,443,420,338,198,373,214,211,418,415,339,203,209,269,416,157,202,210,204,398,205,201,200,207,208,291,289,288,206,98,212,213,387,50,334,88,385,372,384,280,383,414,178,263,262,393,395,52,49,337,93,272,441,146,48,171,164,332,47,165,381,392,294,285,45,386,41,382,44,51,397,284,396,378,379,380,147,46,278,283,282,270,394,296,36,145,38,224,37,35,39,40,279,66,43,162,42,399,400,156,94,230,9,3,333,77,100,78,440,172,265,199,197,107,161,317,261,264,266,336,129,58,160,126,229,7,112,155,236,340,237,238,95,128,119,154,223,159,158,273,122,8,127,193,116,140,91,118,4,168,6,169,142,123,120,138,135,132,104,358,136,97,137,133,124,106,139,108,111,113,141,131,313,117,92,61,411,105,341,318,319,54,99,274,342,315,408,314,344,60,62,148,320,96,267,268,316,356,153,351,18,413,412,134,114,57,121,115,125,231,130,56,5,110,72,191,271,65,67,355,277,87,89,68,76,71,370,374,377,17,74,275,346,276,371,367,55,73,152,357,109,335,75,59,196,343,194,63,195,220,70,33,215,166,347,173,64,170,401,34,143,354,144,149,151,353,222,150,406,407,227,405,163,226,228,190,233,192,221,82,225,234,235,352,366,85,84,83,53,176,232,303,86,350,189,177,365,364,345,167,363,362,219,302,81,14,175,11,13,10,32,80,180,174,31,349,181,348,12,217,188,218,216,361,183,481,179,79,301,182,427,16,430,487,428,429,15,0,455,445,450,19,448,1,260,453,446,464,484,442,485,439,432,456,479,438,431,451,449,447,470,467,28,436,452,462,465,458,473,422,461,20,433,476,488,257,477,256,437,468,471,474,459,454,517,457,509,444,423,259,258,480,482,486,483,506,187,508,359,21,185,22,186,23,24,184,25,360,26,498,528,27,29,30,425,322,324,489,323,388,325,510,526,527,391,503,490,390,499,525,515,321,505,389,504,426,507,500,434,435,523,497,524,424,529,533,516,501,101,514,513,103,102,512,511,519,502,518,330,327,329,522,494,326,521,520,328,331,2,531,491,496,532,535,495,534,536,493,530,492,
402,369,403,404,309,69,241,311,250,254,305,310,308,306,253,304,255,247,252,246,251,410,243,242,249,248,240,245,466,478,244,463,475,368,90,295,419,469,472,307,312,460,417,293,298,297,376,286,421,409,375,281,287,239,300,292,290,299,443,420,338,198,373,214,211,418,415,339,203,209,416,269,157,202,210,204,398,205,201,200,208,207,291,289,288,206,98,212,213,50,387,334,88,385,372,384,383,280,414,178,263,262,393,395,52,49,337,93,441,272,48,146,171,164,332,47,165,392,381,294,41,285,382,44,386,45,284,51,397,379,380,378,396,147,46,278,283,282,394,270,296,36,145,38,224,37,35,39,66,40,279,43,162,42,399,400,156,94,9,230,3,333,77,78,100,440,172,265,199,197,107,161,317,264,261,266,336,160,129,58,126,229,7,155,112,236,340,238,237,95,154,119,128,223,159,158,273,8,122,127,116,140,193,91,118,168,4,169,6,142,135,120,123,104,132,138,133,137,358,97,136,124,106,139,108,111,141,113,131,92,117,313,341,61,411,105,318,319,274,99,342,54,408,315,314,344,60,148,62,320,267,96,268,356,316,351,18,153,413,114,57,121,412,134,231,115,130,125,56,5,110,191,65,72,67,271,355,87,277,89,68,76,71,17,370,374,377,74,346,275,276,371,367,55,152,73,357,109,335,75,59,196,194,343,195,63,220,215,70,33,347,166,64,173,170,401,34,143,354,144,151,149,353,222,406,407,150,163,405,227,233,226,192,190,221,228,82,225,234,235,352,83,84,366,85,53,303,232,176,86,350,365,189,177,364,345,363,362,302,219,167,14,81,175,11,10,13,32,31,180,174,80,349,181,348,12,216,218,188,217,361,183,481,179,79,301,182,427,16,430,487,428,429,0,15,455,445,19,450,448,1,453,260,464,446,484,485,442,439,432,479,456,451,431,438,447,449,470,467,28,452,436,462,458,465,473,422,461,20,433,476,488,257,459,256,437,474,468,471,477,454,517,457,509,423,259,444,258,480,482,486,483,506,187,508,359,21,185,24,184,186,23,22,25,360,26,528,498,30,27,29,425,489,322,324,325,323,388,510,526,527,391,499,503,390,490,525,515,321,504,505,389,426,507,500,434,435,497,523,424,529,524,516,533,501,101,511,512,513,514,102,103,519,502,329,518,327,330,326,521,520,522,494,328,331,2,535,536,492,531,534,496,493,530,532,495,491,
402,369,403,404,309,69,241,311,250,254,305,308,310,306,253,304,255,247,252,246,251,410,243,242,249,248,240,245,466,478,244,463,475,368,90,295,419,469,472,307,312,460,417,293,297,298,376,286,421,409,375,281,287,239,300,292,290,299,443,420,338,198,373,214,211,418,415,339,209,203,416,269,157,202,210,398,204,205,201,200,207,208,291,289,288,98,206,212,213,50,387,334,88,385,372,384,280,383,414,178,263,262,393,395,52,49,337,93,272,441,146,48,171,164,332,47,165,392,381,294,382,386,41,45,44,285,397,51,284,380,378,396,379,147,278,46,283,282,394,270,296,145,36,38,224,35,37,39,279,40,66,43,162,42,399,400,156,94,230,9,3,333,77,78,100,440,172,265,199,197,107,161,317,261,264,266,336,129,160,58,126,229,7,155,236,112,340,238,95,237,119,128,154,223,159,122,273,158,8,127,140,116,193,91,118,4,168,6,169,142,104,135,132,138,123,120,358,137,97,136,133,106,124,139,108,111,131,113,141,313,117,92,411,105,318,61,341,319,342,274,54,99,315,408,314,344,62,148,60,320,267,356,316,96,268,18,153,351,134,121,412,413,57,114,115,125,231,130,110,56,5,191,72,67,65,271,355,277,87,89,76,68,374,377,370,71,17,346,74,275,276,371,55,367,152,73,357,109,75,335,59,196,194,343,195,63,220,70,215,33,347,166,173,64,170,401,34,143,354,144,149,151,353,222,150,406,407,405,227,163,221,190,228,192,226,233,82,225,234,235,352,83,84,85,366,176,303,53,232,350,86,365,189,177,345,364,362,302,219,167,363,175,14,81,11,13,10,32,80,31,180,174,181,349,348,12,217,216,218,188,361,183,481,179,301,79,182,427,16,430,487,428,429,15,0,455,445,450,19,1,448,260,453,484,464,446,442,485,439,432,479,456,438,451,431,449,447,470,467,28,436,452,462,465,458,473,461,422,20,488,433,476,257,477,474,471,437,256,459,468,454,517,457,509,259,444,423,258,482,486,480,483,506,187,508,359,21,185,186,24,22,184,23,25,360,26,498,528,425,30,29,27,489,324,322,388,325,323,510,526,527,490,525,503,391,499,390,515,321,505,504,389,426,507,434,500,435,523,497,524,424,533,529,516,501,101,512,514,511,513,102,103,519,502,327,518,329,330,521,522,520,326,494,328,2,331,493,491,535,532,536,496,495,531,534,530,492,
402,369,403,404,309,69,241,311,250,254,305,310,308,306,253,304,255,247,252,246,251,410,243,242,248,249,240,245,466,478,244,463,90,368,475,295,419,469,472,307,312,460,417,293,297,298,376,286,421,375,409,281,287,239,300,292,290,299,443,420,338,198,373,214,211,418,415,339,203,209,416,269,157,202,210,398,204,205,201,200,208,207,291,289,288,206,98,212,213,50,387,334,88,385,372,384,383,280,414,178,263,262,393,395,52,49,337,93,441,272,146,48,171,164,332,47,392,165,381,294,45,382,386,44,285,41,397,284,51,378,379,396,380,147,46,278,283,282,270,394,296,36,145,38,224,35,37,39,40,279,66,43,162,42,399,156,400,94,230,9,3,333,77,100,78,440,172,265,199,197,161,107,317,264,261,266,336,129,160,58,126,229,7,155,112,236,340,238,237,95,119,128,154,223,159,158,273,8,122,127,140,116,193,91,118,168,4,6,169,142,138,120,132,123,135,104,358,133,137,97,136,106,124,108,111,139,141,131,113,313,92,117,411,341,318,61,105,319,274,54,342,99,315,408,344,314,148,62,60,320,268,316,356,267,96,18,153,351,134,413,114,412,57,121,130,125,115,231,56,110,5,271,67,191,65,72,355,277,87,89,68,76,17,377,71,374,370,275,74,346,371,276,367,55,73,152,357,109,75,335,59,196,194,343,63,195,220,70,33,215,166,347,64,173,170,401,143,34,354,144,151,149,222,353,406,150,407,405,163,227,192,228,221,226,190,233,82,225,234,235,352,84,366,83,85,176,232,53,303,350,86,365,177,189,364,345,363,302,219,167,362,175,81,14,11,32,13,10,180,174,31,80,181,349,348,12,217,188,218,216,361,183,179,481,79,301,182,427,16,430,487,428,429,0,15,455,445,19,450,1,448,260,453,484,446,464,442,485,439,432,456,479,438,431,451,449,447,467,470,28,436,452,462,458,465,473,422,461,20,433,476,488,257,256,459,474,468,471,437,477,454,517,457,509,423,259,444,258,486,482,480,483,506,187,508,359,21,185,23,184,186,22,24,25,360,26,528,498,29,27,425,30,324,489,322,325,388,323,510,526,527,490,390,499,525,391,503,515,321,505,504,389,507,426,500,434,435,523,497,516,529,533,424,524,501,101,514,512,102,511,513,103,519,502,518,327,329,330,521,494,326,522,520,328,2,331,536,535,493,531,532,534,495,496,491,492,530,
402,369,403,404,309,69,241,311,250,254,305,310,308,306,253,304,255,247,252,246,251,410,243,242,248,249,240,245,466,478,244,463,90,368,475,295,419,469,472,307,312,460,417,293,297,298,376,286,421,409,375,281,287,239,300,292,290,299,443,420,338,198,373,214,211,418,415,339,203,209,416,269,157,210,202,204,398,205,201,200,208,207,291,289,288,98,206,212,213,387,50,334,88,385,372,384,383,280,414,178,262,263,393,395,52,49,337,93,441,272,48,146,171,164,332,47,392,165,381,294,41,44,45,386,382,285,397,284,51,396,378,380,379,147,46,278,283,282,394,270,296,36,145,38,224,37,35,39,66,40,279,43,162,42,399,400,156,94,9,230,3,333,77,78,100,440,172,265,199,197,107,161,317,261,264,266,336,58,160,129,126,229,7,155,236,112,340,95,237,238,154,119,128,223,159,8,158,122,273,127,116,140,193,91,118,4,168,169,6,142,132,104,123,135,138,120,137,358,97,133,136,124,106,139,108,111,113,141,131,92,313,117,105,61,341,411,318,319,54,274,99,342,408,315,344,314,62,60,148,320,316,96,356,268,267,153,18,351,412,413,134,114,121,57,231,115,125,130,5,110,56,271,67,65,191,72,277,87,355,89,68,76,17,377,374,370,71,74,275,346,371,276,55,367,152,73,357,109,75,335,59,196,343,194,195,63,220,215,33,70,347,166,173,64,170,34,143,401,354,144,149,151,353,222,407,406,150,405,227,163,221,226,233,190,228,192,225,82,235,234,352,83,84,366,85,303,232,176,53,86,350,189,177,365,364,345,219,302,362,363,167,81,14,175,11,10,32,13,31,174,180,80,349,181,12,348,216,188,217,218,361,183,481,179,301,79,182,427,16,430,487,429,428,15,0,455,445,19,450,448,1,453,260,484,446,464,442,485,432,439,456,479,438,431,451,449,447,467,470,28,452,436,458,462,465,473,422,461,20,433,476,488,257,256,459,477,437,471,468,474,454,517,457,509,423,259,444,258,480,486,482,483,506,187,508,359,21,185,186,24,22,184,23,25,360,26,528,498,425,30,27,29,489,322,324,323,388,325,526,510,527,503,490,525,390,391,499,515,321,504,389,505,507,426,500,434,435,523,497,524,533,529,516,424,101,501,512,102,514,511,103,513,519,502,329,327,330,518,520,521,522,494,326,331,328,2,534,530,492,496,493,491,532,536,535,495,531,
402,369,403,404,309,69,241,311,250,254,305,310,308,306,253,304,255,247,252,246,251,410,243,242,248,249,240,245,466,478,244,463,90,475,368,295,419,469,472,307,312,460,417,293,297,298,376,286,421,409,375,281,287,239,300,292,290,299,443,420,338,198,373,214,211,415,418,339,203,209,416,269,157,210,202,398,204,205,201,200,207,208,291,289,288,206,98,212,213,50,387,334,88,385,372,384,280,383,414,178,262,263,393,395,52,49,337,93,272,441,48,146,171,164,332,47,165,381,392,294,44,45,382,386,285,41,51,397,284,380,379,396,378,147,46,278,283,282,270,394,296,145,36,38,224,37,35,39,40,279,66,43,162,42,399,156,400,94,230,9,3,333,77,78,100,440,172,265,199,197,161,107,317,264,261,266,336,58,160,129,126,229,7,236,155,112,340,238,95,237,128,119,154,223,159,158,273,8,122,127,193,116,140,91,118,4,168,169,6,142,138,123,104,135,132,120,97,136,358,137,133,124,106,108,139,111,141,113,131,92,313,117,411,105,318,61,341,319,54,99,274,342,315,408,314,344,62,148,60,320,268,96,356,267,316,18,351,153,413,134,57,412,121,114,115,125,231,130,110,5,56,72,65,191,271,67,355,87,277,89,76,68,71,17,377,370,374,275,346,74,276,371,55,367,73,152,357,109,335,75,59,196,194,343,63,195,220,70,33,215,347,166,173,64,170,34,401,143,354,144,151,149,353,222,150,407,406,227,163,405,233,221,228,190,226,192,225,82,234,235,352,83,366,85,84,232,176,303,53,86,350,189,365,177,364,345,167,362,302,219,363,175,81,14,11,32,13,10,174,31,80,180,349,181,12,348,218,216,217,188,361,183,481,179,301,79,182,427,16,430,487,429,428,15,0,455,445,19,450,1,448,453,260,484,464,446,442,485,439,432,456,479,438,451,431,447,449,470,467,28,436,452,465,458,462,473,422,461,20,488,433,476,257,459,471,477,468,256,437,474,454,517,457,509,423,259,444,258,480,486,482,483,506,187,508,359,21,185,22,24,186,23,184,25,360,26,498,528,27,30,425,29,324,489,322,325,323,388,526,510,527,503,390,391,525,499,490,515,321,504,505,389,426,507,434,500,435,497,523,529,524,516,424,533,101,501,103,514,513,512,511,102,519,502,518,327,329,330,494,522,326,520,521,328,331,2,492,531,535,495,493,534,491,532,496,536,530,
402,369,403,404,309,69,241,311,250,254,305,308,310,306,253,304,255,247,252,246,251,410,243,242,248,249,240,245,466,478,244,463,475,90,368,295,419,469,472,307,312,460,417,293,297,298,376,286,421,409,375,281,287,239,300,292,290,299,443,420,338,198,373,214,211,418,415,339,209,203,416,269,157,210,202,398,204,205,201,200,207,208,291,289,288,98,206,212,213,387,50,334,88,385,372,384,383,280,414,178,263,262,393,395,52,49,337,93,441,272,48,146,171,164,332,47,381,165,392,294,41,45,285,386,44,382,51,284,397,396,378,379,380,147,46,278,283,282,394,270,296,36,145,38,224,35,37,39,279,66,40,43,162,42,399,156,400,94,230,9,3,333,77,100,78,440,172,265,199,197,161,107,317,264,261,266,336,129,58,160,126,229,7,155,112,236,340,237,95,238,128,119,154,223,159,273,122,8,158,127,193,116,140,91,118,4,168,6,169,142,132,135,104,123,138,120,133,137,358,136,97,106,124,108,139,111,141,131,113,313,117,92,411,341,61,105,318,319,54,274,342,99,315,408,314,344,148,62,60,320,356,267,268,316,96,351,153,18,412,121,134,114,57,413,125,130,115,231,5,56,110,271,72,65,67,191,87,277,355,89,68,76,71,374,370,17,377,346,275,74,371,276,367,55,152,73,357,109,335,75,59,196,343,194,195,63,220,70,33,215,166,347,64,173,170,143,401,34,354,144,151,149,353,222,407,150,406,405,227,163,190,221,228,233,226,192,82,225,234,235,352,366,84,83,85,176,232,303,53,86,350,177,365,189,345,364,302,167,219,362,363,175,14,81,11,32,13,10,180,80,31,174,349,181,348,12,218,188,216,217,361,183,179,481,79,301,182,427,16,430,487,428,429,0,15,455,445,450,19,448,1,260,453,464,484,446,442,485,432,439,456,479,438,431,451,449,447,467,470,28,436,452,462,465,458,473,461,422,20,433,488,476,257,477,256,437,468,471,459,474,454,517,457,509,423,259,444,258,480,482,486,483,506,187,508,359,21,185,184,22,186,24,23,25,360,26,498,528,425,30,27,29,324,489,322,388,323,325,526,510,527,390,499,525,391,503,490,515,321,504,505,389,426,507,500,434,435,497,523,516,424,529,524,533,101,501,513,103,102,512,511,514,519,502,329,327,518,330,521,520,326,494,522,2,328,331,536,496,492,493,491,531,530,495,532,534,535,
402,369,403,404,309,69,241,311,250,254,305,310,308,306,253,304,255,247,252,246,251,410,243,242,249,248,240,245,466,478,244,463,475,90,368,295,419,469,472,307,312,460,417,293,298,297,376,286,421,375,409,281,287,239,300,292,290,299,443,420,338,198,373,214,211,418,415,339,203,209,269,416,157,202,210,204,398,205,201,200,208,207,291,289,288,206,98,212,213,387,50,334,88,385,372,384,383,280,414,178,263,262,393,395,52,49,337,93,272,441,48,146,171,164,332,47,392,165,381,294,382,386,285,41,44,45,284,51,397,379,378,396,380,147,278,46,283,282,394,270,296,145,36,38,224,35,37,39,40,279,66,43,162,42,399,156,400,94,230,9,3,333,77,100,78,440,172,265,199,197,161,107,317,264,261,266,336,160,129,58,126,229,7,112,155,236,340,238,95,237,119,128,154,223,159,158,273,122,8,127,140,116,193,91,118,4,168,6,169,142,132,120,135,104,138,123,136,358,137,133,97,124,106,139,111,108,131,141,113,117,313,92,411,318,61,105,341,319,342,99,274,54,408,315,344,314,60,62,148,320,356,96,267,316,268,153,18,351,121,412,134,114,413,57,125,130,115,231,5,110,56,67,191,65,72,271,277,87,355,89,68,76,17,71,370,377,374,275,346,74,371,276,367,55,152,73,357,109,75,335,59,196,194,343,195,63,220,70,33,215,347,166,64,173,170,34,143,401,354,144,149,151,353,222,150,407,406,405,227,163,228,233,221,192,190,226,225,82,235,234,352,83,85,84,366,303,176,232,53,350,86,189,365,177,345,364,302,363,219,167,362,81,175,14,11,32,10,13,180,80,174,31,349,181,348,12,217,216,218,188,361,183,179,481,301,79,182,427,16,430,487,429,428,0,15,455,445,19,450,448,1,260,453,446,484,464,485,442,439,432,456,479,438,451,431,447,449,470,467,28,436,452,462,465,458,473,422,461,20,433,476,488,257,468,471,477,459,437,474,256,454,517,457,509,423,444,259,258,482,486,480,483,506,187,508,359,21,185,186,24,184,23,22,25,360,26,498,528,27,29,425,30,324,489,322,388,323,325,510,526,527,503,525,499,490,390,391,515,321,504,389,505,426,507,434,500,435,523,497,533,516,524,529,424,501,101,511,513,103,514,102,512,519,502,330,329,518,327,521,522,326,520,494,328,2,331,491,530,492,532,496,495,535,531,536,493,534,
402,369,403,404,309,69,241,311,250,254,305,310,308,306,253,304,255,247,252,246,251,410,243,242,249,248,240,245,466,478,244,463,368,90,475,295,419,469,472,307,312,460,417,293,297,298,376,286,421,375,409,281,287,239,300,292,290,299,443,420,338,198,373,214,211,415,418,339,209,203,269,416,157,202,210,398,204,205,201,200,208,207,291,289,288,206,98,212,213,50,387,334,88,385,372,384,383,280,414,178,262,263,393,395,52,49,337,93,441,272,48,146,171,164,332,47,392,165,381,294,285,41,386,45,44,382,51,397,284,378,396,380,379,147,46,278,283,282,270,394,296,145,36,38,224,37,35,39,279,66,40,43,162,42,399,400,156,94,9,230,3,333,77,100,78,440,172,265,199,197,161,107,317,264,261,266,336,129,160,58,126,229,7,155,236,112,340,237,238,95,128,154,119,223,159,8,122,273,158,127,140,116,193,91,118,168,4,6,169,142,138,104,135,120,123,132,133,358,136,97,137,124,106,139,108,111,113,131,141,92,313,117,318,105,411,61,341,319,99,342,54,274,408,315,314,344,148,60,62,320,267,356,316,96,268,351,18,153,413,134,57,412,114,121,231,125,115,130,5,56,110,67,72,65,271,191,277,355,87,89,68,76,17,374,377,370,71,275,74,346,371,276,55,367,73,152,357,109,335,75,59,196,194,343,195,63,220,70,33,215,166,347,173,64,170,34,143,401,354,144,151,149,222,353,406,150,407,405,163,227,192,233,226,190,228,221,225,82,235,234,352,84,366,85,83,232,53,176,303,86,350,177,365,189,345,364,219,363,167,362,302,175,14,81,11,10,32,13,31,180,80,174,349,181,12,348,188,218,216,217,361,183,179,481,301,79,182,427,16,430,487,428,429,0,15,455,445,450,19,448,1,260,453,484,446,464,442,485,432,439,479,456,438,431,451,447,449,467,470,28,436,452,462,465,458,473,422,461,20,433,488,476,257,468,471,477,474,256,437,459,454,517,457,509,259,423,444,258,486,482,480,483,506,187,508,359,21,185,23,24,184,22,186,25,360,26,498,528,29,27,30,425,489,324,322,388,325,323,526,510,527,499,525,490,503,390,391,515,321,389,504,505,507,426,434,500,435,497,523,424,524,529,516,533,501,101,511,102,103,513,512,514,519,502,329,518,327,330,521,326,494,522,520,328,331,2,530,496,495,491,536,493,535,492,534,531,532,
402,369,403,404,309,69,241,311,250,254,305,310,308,306,253,304,255,247,252,246,251,410,243,242,249,248,240,245,466,478,244,463,90,368,475,295,419,469,472,307,312,460,417,293,298,297,376,286,421,375,409,281,287,239,300,292,290,299,443,420,338,198,373,214,211,418,415,339,203,209,416,269,157,202,210,398,204,205,201,200,207,208,291,289,288,98,206,212,213,387,50,334,88,385,372,384,383,280,414,178,263,262,393,395,52,49,337,93,272,441,48,146,171,164,332,47,381,165,392,294,382,44,45,41,285,386,284,397,51,379,378,396,380,147,278,46,283,282,270,394,296,36,145,38,224,35,37,39,40,66,279,43,162,42,399,156,400,94,9,230,3,333,77,78,100,440,172,265,199,197,107,161,317,264,261,266,336,58,129,160,126,229,7,236,112,155,340,237,95,238,128,119,154,223,159,8,122,158,273,127,140,193,116,91,118,4,168,6,169,142,104,132,123,138,120,135,97,137,358,133,136,124,106,108,139,111,141,131,113,313,92,117,105,318,411,341,61,319,274,99,342,54,315,408,314,344,62,60,148,320,316,268,96,356,267,18,351,153,121,114,413,412,57,134,115,130,125,231,110,56,5,72,271,191,67,65,277,355,87,89,76,68,71,370,17,377,374,74,275,346,276,371,367,55,152,73,357,109,75,335,59,196,194,343,63,195,220,33,70,215,347,166,173,64,170,401,143,34,354,144,151,149,353,222,406,407,150,227,405,163,192,233,190,226,228,221,225,82,235,234,352,84,85,83,366,303,53,176,232,350,86,177,189,365,364,345,302,363,362,219,167,175,81,14,11,10,32,13,80,174,31,180,181,349,348,12,218,217,188,216,361,183,179,481,301,79,182,427,16,430,487,428,429,0,15,455,445,19,450,448,1,453,260,464,484,446,485,442,439,432,479,456,431,438,451,447,449,467,470,28,452,436,462,465,458,473,461,422,20,433,476,488,257,471,468,256,474,459,477,437,454,517,457,509,259,423,444,258,482,486,480,483,506,187,508,359,21,185,22,23,184,24,186,25,360,26,528,498,29,27,30,425,324,489,322,388,323,325,526,510,527,499,390,391,525,503,490,515,321,504,505,389,426,507,500,434,435,523,497,529,524,516,533,424,101,501,512,513,514,102,103,511,519,502,518,330,329,327,494,520,521,326,522,2,331,328,492,532,535,531,534,536,530,495,491,493,496,
402,369,403,404,309,69,241,311,250,254,305,308,310,306,253,304,255,247,252,246,251,410,243,242,248,249,240,245,466,478,244,463,368,475,90,295,419,469,472,307,312,460,417,293,298,297,376,286,421,375,409,281,287,239,300,292,290,299,443,420,338,198,373,214,211,418,415,339,209,203,416,269,157,210,202,398,204,205,201,200,208,207,291,289,288,206,98,212,213,387,50,334,88,385,372,384,280,383,414,178,262,263,393,395,52,49,337,93,441,272,48,146,171,164,332,47,381,392,165,294,386,45,44,382,285,41,284,397,51,378,380,396,379,147,46,278,283,282,394,270,296,36,145,38,224,35,37,39,279,40,66,43,162,42,399,400,156,94,9,230,3,333,77,78,100,440,172,265,199,197,161,107,317,261,264,266,336,58,160,129,126,229,7,236,155,112,340,95,238,237,128,154,119,223,159,122,158,273,8,127,140,193,116,91,118,168,4,6,169,142,132,123,104,120,138,135,358,136,137,133,97,124,106,111,139,108,131,141,113,92,117,313,61,411,341,318,105,319,342,274,99,54,408,315,344,314,60,62,148,320,356,267,316,268,96,153,18,351,413,412,134,121,57,114,130,125,231,115,110,56,5,65,191,72,67,271,277,87,355,89,76,68,374,377,370,17,71,74,346,275,371,276,367,55,73,152,357,109,335,75,59,196,343,194,195,63,220,33,215,70,347,166,64,173,170,34,401,143,354,144,151,149,222,353,406,407,150,227,163,405,226,221,228,192,233,190,82,225,235,234,352,366,85,84,83,176,303,53,232,350,86,177,189,365,364,345,219,167,362,302,363,14,175,81,11,32,13,10,174,180,31,80,349,181,348,12,218,216,217,188,361,183,179,481,79,301,182,427,16,430,487,428,429,15,0,455,445,19,450,448,1,260,453,446,484,464,442,485,432,439,456,479,431,438,451,447,449,470,467,28,452,436,458,462,465,473,422,461,20,488,476,433,257,471,256,477,468,474,437,459,454,517,457,509,259,423,444,258,480,486,482,483,506,187,508,359,21,185,23,184,22,24,186,25,360,26,498,528,29,27,425,30,324,489,322,323,325,388,526,510,527,390,490,499,503,391,525,515,321,505,504,389,426,507,434,500,435,523,497,524,529,424,533,516,101,501,513,512,511,102,514,103,519,502,329,327,330,518,522,326,521,520,494,331,328,2,491,532,536,531,534,495,496,492,535,530,493,
402,369,403,404,309,69,241,311,250,254,305,310,308,306,253,304,255,247,252,246,251,410,243,242,248,249,240,245,466,478,244,463,368,90,475,295,419,469,472,307,312,460,417,293,298,297,376,286,421,409,375,281,287,239,300,292,290,299,443,420,338,198,373,214,211,418,415,339,209,203,269,416,157,210,202,204,398,205,201,200,208,207,291,289,288,206,98,212,213,50,387,334,88,385,372,384,280,383,414,178,262,263,393,395,52,49,337,93,441,272,146,48,171,164,332,47,392,165,381,294,386,285,45,44,41,382,284,51,397,396,379,378,380,147,278,46,283,282,270,394,296,36,145,38,224,35,37,39,40,279,66,43,162,42,399,156,400,94,9,230,3,333,77,78,100,440,172,265,199,197,107,161,317,261,264,266,336,58,129,160,126,229,7,112,236,155,340,238,95,237,154,119,128,223,159,8,158,273,122,127,116,140,193,91,118,4,168,169,6,142,123,132,120,135,104,138,133,97,137,136,358,124,106,139,111,108,131,141,113,92,117,313,61,341,318,411,105,319,342,54,99,274,315,408,314,344,148,62,60,320,316,96,267,268,356,351,153,18,121,114,134,412,57,413,130,125,231,115,110,56,5,67,191,271,72,65,87,277,355,89,76,68,17,377,370,374,71,74,275,346,276,371,367,55,152,73,357,109,335,75,59,196,343,194,63,195,220,33,215,70,347,166,64,173,170,34,401,143,354,144,151,149,222,353,150,406,407,227,163,405,221,226,190,228,192,233,82,225,234,235,352,83,84,85,366,176,303,53,232,350,86,189,177,365,364,345,362,363,302,219,167,14,175,81,11,13,10,32,174,31,80,180,349,181,12,348,218,217,216,188,361,183,179,481,79,301,182,427,16,430,487,429,428,15,0,455,445,19,450,1,448,453,260,464,484,446,442,485,432,439,456,479,431,438,451,447,449,470,467,28,452,436,462,458,465,473,422,461,20,488,476,433,257,256,468,477,437,459,471,474,454,517,457,509,259,423,444,258,482,480,486,483,506,187,508,359,21,185,22,23,24,186,184,25,360,26,498,528,425,29,27,30,322,324,489,323,325,388,526,510,527,391,499,390,490,503,525,515,321,505,504,389,426,507,500,434,435,523,497,516,529,524,424,533,501,101,511,514,102,103,512,513,519,502,330,329,518,327,326,494,521,522,520,328,331,2,530,496,536,531,532,493,534,495,491,535,492,
